-0.009685905650258064 0.0012174058938398957 0.2290000021457672 163 178 177
-0.00651859724894166 0.0011194662656635046 0.1459999978542328 194 202 199
-0.00686190091073513 0.0011194662656635046 0.1459999978542328 194 202 199
-0.007205204572528601 0.0014627696946263313 0.1459999978542328 208 218 223
-0.007548507768660784 0.0018060732400044799 0.1459999978542328 207 220 215
-0.007837758399546146 0.002134655136615038 0.14499999582767487 235 248 247
-0.008178710006177425 0.0024756072089076042 0.14499999582767487 245 255 253
-0.008519662544131279 0.0028165592812001705 0.14499999582767487 243 255 246
-0.008860614150762558 0.0028165592812001705 0.14499999582767487 190 207 193
-0.009138107299804688 0.0027971346862614155 0.14399999380111694 182 204 184
-0.009476708248257637 0.0024585339706391096 0.14399999380111694 190 210 203
-0.009815309196710587 0.0024585339706391096 0.14399999380111694 215 237 217
-0.010153909213840961 0.0021199332550168037 0.14399999380111694 190 211 198
-0.010492510162293911 0.0021199332550168037 0.14399999380111694 205 232 214
-0.01075589470565319 0.0021052116062492132 0.14300000667572021 205 232 214
-0.011092144064605236 0.0021052116062492132 0.14300000667572021 203 228 211
-0.011428393423557281 0.0021052116062492132 0.14300000667572021 206 231 214
-0.011764642782509327 0.0021052116062492132 0.14300000667572021 212 232 217
-0.012100892141461372 0.0021052116062492132 0.14300000667572021 206 226 211
-0.012437141500413418 0.0024414609652012587 0.14300000667572021 216 231 217
-0.012773390859365463 0.0024414609652012587 0.14300000667572021 217 232 218
-0.013109640218317509 0.0024414609652012587 0.14300000667572021 213 237 235
-0.013445889577269554 0.002777710324153304 0.14300000667572021 237 255 254
-0.0137821389362216 0.0031139596831053495 0.14300000667572021 232 251 241
-0.014019658789038658 0.003092183731496334 0.1420000046491623 171 190 180
-0.0143535565584898 0.0034260815009474754 0.1420000046491623 216 229 216
-0.01468745432794094 0.0034260815009474754 0.1420000046491623 222 235 222
-0.015021352097392082 0.0034260815009474754 0.1420000046491623 222 233 229
-0.015247114934027195 0.0034019541926681995 0.14100000262260437 217 228 224
-0.015578661113977432 0.003733500838279724 0.14100000262260437 248 255 253
-0.015910208225250244 0.003733500838279724 0.14100000262260437 248 255 253
-0.016241755336523056 0.003733500838279724 0.14100000262260437 246 252 252
-0.01657330058515072 0.003733500838279724 0.14100000262260437 238 244 244
-0.01678495481610298 0.004036217462271452 0.14000000059604645 247 255 255
-0.017114149406552315 0.004036217462271452 0.14000000059604645 246 255 255
-0.017443345859646797 0.004036217462271452 0.14000000059604645 240 255 252
-0.01777254045009613 0.004036217462271452 0.14000000059604645 226 241 238
-0.018101735040545464 0.0043654125183820724 0.14000000059604645 241 255 255
-0.018430931493639946 0.0043654125183820724 0.14000000059604645 200 220 217
-0.01876012608408928 0.0043654125183820724 0.14000000059604645 114 136 135
-0.019089320674538612 0.0043654125183820724 0.14000000059604645 209 231 230
-0.019418517127633095 0.0043654125183820724 0.14000000059604645 246 255 255
-0.019747711718082428 0.0043654125183820724 0.14000000059604645 247 255 255
-0.02007690630853176 0.0043654125183820724 0.14000000059604645 247 255 255
-0.020260343328118324 0.004334230907261372 0.13899999856948853 246 255 255
-0.020587187260389328 0.004334230907261372 0.13899999856948853 243 255 255
-0.02091403119266033 0.004661074839532375 0.13899999856948853 249 255 254
-0.021240875124931335 0.004661074839532375 0.13899999856948853 249 255 254
-0.02156771905720234 0.004661074839532375 0.13899999856948853 249 255 254
-0.02254825085401535 0.004987918306142092 0.13899999856948853 244 255 255
-0.022875094786286354 0.004987918306142092 0.13899999856948853 244 255 255
-0.02336885780096054 0.005352998152375221 0.14000000059604645 249 255 255
-0.023698054254055023 0.005352998152375221 0.14000000059604645 244 252 253
-0.024027248844504356 0.005352998152375221 0.14000000059604645 183 189 191
-0.02435644343495369 0.005352998152375221 0.14000000059604645 226 232 234
-0.024685639888048172 0.005352998152375221 0.14000000059604645 249 255 255
-0.025014834478497505 0.005352998152375221 0.14000000059604645 250 255 255
-0.02534402906894684 0.005352998152375221 0.14000000059604645 242 255 255
-0.026990005746483803 0.005682193208485842 0.14000000059604645 243 255 255
-0.029045065864920616 0.006765061058104038 0.1420000046491623 202 214 204
-0.029378965497016907 0.007098959293216467 0.1420000046491623 228 240 232
-0.029712863266468048 0.007098959293216467 0.1420000046491623 243 251 238
-0.03004676103591919 0.007098959293216467 0.1420000046491623 249 255 244
-0.030594605952501297 0.007148951757699251 0.14300000667572021 252 255 245
-0.030930856242775917 0.006812702398747206 0.14300000667572021 235 241 222
-0.03126710653305054 0.006812702398747206 0.14300000667572021 250 253 237
-0.03160335496068001 0.006812702398747206 0.14300000667572021 252 255 239
-0.03193960338830948 0.006812702398747206 0.14300000667572021 255 254 244
-0.03227585181593895 0.006812702398747206 0.14300000667572021 254 252 242
-0.03261210396885872 0.007148951757699251 0.14300000667572021 254 255 251
-0.03294835239648819 0.007485201116651297 0.14300000667572021 253 254 250
-0.03351736068725586 0.007537545170634985 0.14399999380111694 241 248 242
-0.03294835239648819 0.007485201116651297 0.14300000667572021 253 254 250
-0.03261210396885872 0.007485201116651297 0.14300000667572021 254 255 251
-0.03227585181593895 0.007148951757699251 0.14300000667572021 254 255 247
-0.03193960338830948 0.006812702398747206 0.14300000667572021 255 254 244
-0.03160335496068001 0.006812702398747206 0.14300000667572021 252 255 239
-0.03126710653305054 0.006812702398747206 0.14300000667572021 250 253 237
-0.030930856242775917 0.006812702398747206 0.14300000667572021 235 241 222
-0.030594605952501297 0.007148951757699251 0.14300000667572021 252 255 245
-0.03004676103591919 0.007098959293216467 0.1420000046491623 249 255 244
-0.029712863266468048 0.007098959293216467 0.1420000046491623 243 251 238
-0.029378965497016907 0.007098959293216467 0.1420000046491623 228 240 232
-0.029045065864920616 0.006765061058104038 0.1420000046491623 202 214 204
-0.028711168095469475 0.006765061058104038 0.1420000046491623 247 255 255
-0.026990005746483803 0.005682193208485842 0.14000000059604645 243 255 255
-0.02534402906894684 0.005352998152375221 0.14000000059604645 242 255 255
-0.025014834478497505 0.005352998152375221 0.14000000059604645 250 255 255
-0.024685639888048172 0.005352998152375221 0.14000000059604645 249 255 255
-0.02435644343495369 0.005352998152375221 0.14000000059604645 226 232 234
-0.024027248844504356 0.005352998152375221 0.14000000059604645 183 189 191
-0.023698054254055023 0.005352998152375221 0.14000000059604645 244 252 253
-0.02336885780096054 0.005352998152375221 0.14000000059604645 249 255 255
-0.022875094786286354 0.0053147622384130955 0.13899999856948853 247 255 254
-0.02254825085401535 0.004987918306142092 0.13899999856948853 244 255 255
-0.02156771905720234 0.004661074839532375 0.13899999856948853 249 255 254
-0.021240875124931335 0.004661074839532375 0.13899999856948853 249 255 254
-0.02091403119266033 0.004661074839532375 0.13899999856948853 249 255 254
-0.020587187260389328 0.004334230907261372 0.13899999856948853 243 255 255
-0.020260343328118324 0.004334230907261372 0.13899999856948853 246 255 255
-0.02007690630853176 0.0043654125183820724 0.14000000059604645 247 255 255
-0.019747711718082428 0.0043654125183820724 0.14000000059604645 247 255 255
-0.019418517127633095 0.0043654125183820724 0.14000000059604645 246 255 255
-0.019089320674538612 0.0043654125183820724 0.14000000059604645 209 231 230
-0.01876012608408928 0.0043654125183820724 0.14000000059604645 114 136 135
-0.018430931493639946 0.0043654125183820724 0.14000000059604645 200 220 217
-0.018101735040545464 0.004694607574492693 0.14000000059604645 242 255 255
-0.01777254045009613 0.0043654125183820724 0.14000000059604645 247 255 254
-0.017443345859646797 0.004036217462271452 0.14000000059604645 240 255 252
-0.017114149406552315 0.004036217462271452 0.14000000059604645 246 255 255
-0.01678495481610298 0.004036217462271452 0.14000000059604645 247 255 255
-0.01657330058515072 0.003733500838279724 0.14100000262260437 238 244 244
-0.016241755336523056 0.003733500838279724 0.14100000262260437 246 252 252
-0.015910208225250244 0.003733500838279724 0.14100000262260437 248 255 253
-0.015578661113977432 0.003733500838279724 0.14100000262260437 248 255 253
-0.015247114934027195 0.0034019541926681995 0.14100000262260437 217 228 224
-0.015021352097392082 0.0034260815009474754 0.1420000046491623 222 233 229
-0.01468745432794094 0.0034260815009474754 0.1420000046491623 222 235 222
-0.0143535565584898 0.0034260815009474754 0.1420000046491623 216 229 216
-0.014019658789038658 0.003092183731496334 0.1420000046491623 171 190 180
-0.0137821389362216 0.0031139596831053495 0.14300000667572021 232 251 241
-0.013445889577269554 0.0031139596831053495 0.14300000667572021 242 255 249
-0.013109640218317509 0.002777710324153304 0.14300000667572021 238 255 255
-0.012773390859365463 0.0024414609652012587 0.14300000667572021 217 232 218
-0.012437141500413418 0.0024414609652012587 0.14300000667572021 216 231 217
-0.012100892141461372 0.0021052116062492132 0.14300000667572021 206 226 211
-0.011764642782509327 0.0021052116062492132 0.14300000667572021 212 232 217
-0.011428393423557281 0.0021052116062492132 0.14300000667572021 206 231 214
-0.011092144064605236 0.0021052116062492132 0.14300000667572021 203 228 211
-0.01075589470565319 0.0021052116062492132 0.14300000667572021 205 232 214
-0.010492510162293911 0.0021199332550168037 0.14399999380111694 205 232 214
-0.010153909213840961 0.0024585339706391096 0.14399999380111694 229 251 231
-0.009815309196710587 0.0027971346862614155 0.14399999380111694 230 251 229
-0.009476708248257637 0.0024585339706391096 0.14399999380111694 190 210 203
-0.009138107299804688 0.0027971346862614155 0.14399999380111694 182 204 184
-0.008860614150762558 0.0028165592812001705 0.14499999582767487 190 207 193
-0.008519662544131279 0.0028165592812001705 0.14499999582767487 243 255 246
-0.008178710006177425 0.0028165592812001705 0.14499999582767487 248 255 250
-0.007837758399546146 0.0024756072089076042 0.14499999582767487 246 255 254
-0.007548507768660784 0.0021493767853826284 0.1459999978542328 237 251 242
-0.007205204572528601 0.0018060732400044799 0.1459999978542328 215 228 223
-0.00686190091073513 0.0014627696946263313 0.1459999978542328 183 196 183
-0.00651859724894166 0.0011194662656635046 0.1459999978542328 194 202 199
-0.009685905650258064 0.0012174058938398957 0.2290000021457672 163 178 177
-0.0055262804962694645 0.0014727887464687228 0.1469999998807907 162 190 177
-0.005180625710636377 0.0018184436485171318 0.1469999998807907 177 205 190
-0.004834970459342003 0.0021640986669808626 0.1469999998807907 187 203 182
-0.004519855137914419 0.002178820315748453 0.14800000190734863 167 183 162
-0.0038755161222070456 0.002208263846114278 0.15000000596046448 147 156 138
-0.004519855137914419 0.002178820315748453 0.14800000190734863 167 183 162
-0.004834970459342003 0.0018184436485171318 0.1469999998807907 177 202 185
-0.005180625710636377 0.0014727887464687228 0.1469999998807907 162 190 177
