0.005120289046317339 0.006098083220422268 0.12800000607967377 232 228 219
0.004819310735911131 0.006399061530828476 0.12800000607967377 214 208 193
0.004518332425504923 0.006700040306895971 0.12800000607967377 207 199 185
0.0042173536494374275 0.006700040306895971 0.12800000607967377 206 198 184
0.0039163753390312195 0.006700040306895971 0.12800000607967377 221 212 203
0.002691270550712943 0.006946322973817587 0.12700000405311584 251 252 243
0.0023926435969769955 0.006946322973817587 0.12700000405311584 248 249 240
0.002094016410410404 0.006946322973817587 0.12700000405311584 245 243 235
0.0017953893402591348 0.006946322973817587 0.12700000405311584 241 239 231
0.0014967623865231872 0.006946322973817587 0.12700000405311584 241 232 235
0.0011981353163719177 0.007244950160384178 0.12700000405311584 253 254 250
0.0008924255380406976 0.007187903393059969 0.12600000202655792 253 253 255
0.0005961498827673495 0.007187903393059969 0.12600000202655792 252 252 254
0.0002998742274940014 0.007187903393059969 0.12600000202655792 240 243 246
3.5985628983326023e-06 0.007187903393059969 0.12600000202655792 156 159 162
-0.0002926770830526948 0.007187903393059969 0.12600000202655792 186 189 188
-0.0005889527383260429 0.007187903393059969 0.12600000202655792 248 251 250
-0.010746946558356285 0.008140831254422665 0.12700000405311584 244 252 251
-0.011132546700537205 0.008204932324588299 0.12800000607967377 176 180 175
-0.011433525010943413 0.008204932324588299 0.12800000607967377 231 235 230
-0.01173450332134962 0.008204932324588299 0.12800000607967377 245 246 237
-0.012035481631755829 0.008204932324588299 0.12800000607967377 252 253 244
-0.012336459942162037 0.00790395401418209 0.12800000607967377 230 223 213
-0.01263743918389082 0.00790395401418209 0.12800000607967377 234 227 217
-0.012938417494297028 0.00790395401418209 0.12800000607967377 247 248 242
-0.01334282848984003 0.007662373594939709 0.1289999932050705 236 236 230
-0.013646158389747143 0.007662373594939709 0.1289999932050705 249 250 246
-0.013949488289654255 0.007662373594939709 0.1289999932050705 254 255 251
-0.01455614808946848 0.007662373594939709 0.1289999932050705 250 251 245
-0.014859477989375591 0.007662373594939709 0.1289999932050705 244 244 240
-0.015162806957960129 0.007662373594939709 0.1289999932050705 238 238 234
-0.015466136857867241 0.00796570349484682 0.1289999932050705 233 233 235
-0.015769466757774353 0.008269033394753933 0.1289999932050705 247 248 244
-0.016072796657681465 0.008269033394753933 0.1289999932050705 231 234 237
-0.016376126557588577 0.008572363294661045 0.1289999932050705 228 232 225
-0.016376126557588577 0.008875693194568157 0.1289999932050705 253 254 248
-0.01667945645749569 0.00917902309447527 0.1289999932050705 247 231 210
-0.01667945645749569 0.009482352994382381 0.1289999932050705 255 252 231
-0.01667945645749569 0.009785682894289494 0.1289999932050705 255 255 240
-0.01667945645749569 0.009482352994382381 0.1289999932050705 255 252 231
-0.016376126557588577 0.00917902309447527 0.1289999932050705 254 255 245
-0.016376126557588577 0.008875693194568157 0.1289999932050705 253 254 248
-0.016072796657681465 0.008572363294661045 0.1289999932050705 251 255 248
-0.015769466757774353 0.008269033394753933 0.1289999932050705 247 248 244
-0.015466136857867241 0.008269033394753933 0.1289999932050705 254 255 251
-0.015162806957960129 0.00796570349484682 0.1289999932050705 253 254 248
-0.014859477989375591 0.007662373594939709 0.1289999932050705 244 244 240
-0.01455614808946848 0.007662373594939709 0.1289999932050705 250 251 245
-0.013949488289654255 0.007662373594939709 0.1289999932050705 254 255 251
-0.013646158389747143 0.007662373594939709 0.1289999932050705 249 250 246
-0.01334282848984003 0.007662373594939709 0.1289999932050705 236 236 230
-0.012938417494297028 0.00790395401418209 0.12800000607967377 247 248 242
-0.01263743918389082 0.00790395401418209 0.12800000607967377 234 227 217
-0.012336459942162037 0.00790395401418209 0.12800000607967377 230 223 213
-0.012035481631755829 0.008204932324588299 0.12800000607967377 252 253 244
-0.01173450332134962 0.008204932324588299 0.12800000607967377 245 246 237
-0.011433525010943413 0.008204932324588299 0.12800000607967377 231 235 230
-0.011132546700537205 0.008204932324588299 0.12800000607967377 176 180 175
-0.010746946558356285 0.008140831254422665 0.12700000405311584 244 252 251
-0.0005889527383260429 0.007187903393059969 0.12600000202655792 248 251 250
-0.0002926770830526948 0.007187903393059969 0.12600000202655792 186 189 188
3.5985628983326023e-06 0.007187903393059969 0.12600000202655792 156 159 162
0.0002998742274940014 0.007187903393059969 0.12600000202655792 240 243 246
0.0005961498827673495 0.007187903393059969 0.12600000202655792 252 252 254
0.0008924255380406976 0.007187903393059969 0.12600000202655792 253 253 255
0.0011981353163719177 0.007244950160384178 0.12700000405311584 253 254 250
0.0014967623865231872 0.006946322973817587 0.12700000405311584 241 232 235
0.0017953893402591348 0.006946322973817587 0.12700000405311584 241 239 231
0.002094016410410404 0.006946322973817587 0.12700000405311584 245 243 235
0.0023926435969769955 0.006946322973817587 0.12700000405311584 248 249 240
0.002691270550712943 0.006946322973817587 0.12700000405311584 251 252 243
0.0039163753390312195 0.006700040306895971 0.12800000607967377 221 212 203
0.0042173536494374275 0.006700040306895971 0.12800000607967377 206 198 184
0.004518332425504923 0.006700040306895971 0.12800000607967377 207 199 185
0.004819310735911131 0.006700040306895971 0.12800000607967377 205 199 184
0.005120289046317339 0.006399061530828476 0.12800000607967377 244 238 223
