0.05656645819544792 0.022952057421207428 0.210999995470047 255 188 194
0.057062603533267975 0.022952057421207428 0.210999995470047 255 186 192
0.0578315369784832 0.023060834035277367 0.21199999749660492 255 176 189
0.05136038735508919 0.02311481349170208 0.20800000429153442 255 179 191
0.055047400295734406 0.023225942626595497 0.20900000631809235 255 182 182
0.0555388443171978 0.023225942626595497 0.20900000631809235 255 184 184
0.056030284613370895 0.023225942626595497 0.20900000631809235 255 189 198
0.05652172490954399 0.023225942626595497 0.20900000631809235 255 184 193
0.05728595703840256 0.023337071761488914 0.20999999344348907 255 185 196
0.05805489048361778 0.023448200896382332 0.210999995470047 255 182 193
0.048216428607702255 0.023036502301692963 0.2029999941587448 255 177 189
0.05625128746032715 0.023603904992341995 0.20800000429153442 255 183 193
0.05701316520571709 0.023717384785413742 0.20900000631809235 255 184 196
0.05777974799275398 0.02383086457848549 0.20999999344348907 255 189 201
0.04656325653195381 0.022934677079319954 0.1979999989271164 255 176 187
0.04750387370586395 0.023166339844465256 0.20000000298023224 255 182 193
0.04821402207016945 0.02328217215836048 0.20100000500679016 255 188 199
0.0489288754761219 0.023398004472255707 0.20200000703334808 255 176 187
0.049648430198431015 0.023513834923505783 0.2029999941587448 239 161 170
0.050372686237096786 0.02362966723740101 0.20399999618530273 244 166 175
0.051101647317409515 0.023745499551296234 0.20499999821186066 223 144 149
0.05158368498086929 0.023745499551296234 0.20499999821186066 212 133 138
0.056740377098321915 0.02409299463033676 0.20800000429153442 255 177 189
0.05722946673631668 0.02409299463033676 0.20800000429153442 255 179 191
0.005564321763813496 0.023282069712877274 0.19699999690055847 255 240 177
0.006027546711266041 0.023282069712877274 0.19699999690055847 255 250 187
0.006490771193057299 0.023282069712877274 0.19699999690055847 255 253 198
0.0069539956748485565 0.023282069712877274 0.19699999690055847 255 253 198
0.013850263319909573 0.02174568921327591 0.18400000035762787 255 215 224
0.014282919466495514 0.02174568921327591 0.18400000035762787 255 223 232
0.01471557654440403 0.02174568921327591 0.18400000035762787 255 235 233
0.015148232690989971 0.02174568921327591 0.18400000035762787 255 235 233
0.03721371293067932 0.02174568921327591 0.18400000035762787 205 144 138
0.037646371871232986 0.02174568921327591 0.18400000035762787 187 126 120
0.03828597813844681 0.021863872185349464 0.1850000023841858 158 81 87
0.0440259613096714 0.022809337824583054 0.19300000369548798 255 208 194
0.04471024498343468 0.02292752079665661 0.1940000057220459 255 219 207
0.04609768092632294 0.02340025268495083 0.1979999989271164 255 201 189
0.046328090131282806 0.023282069712877274 0.19699999690055847 255 188 193
0.04679131507873535 0.023282069712877274 0.19699999690055847 248 175 180
0.047734279185533524 0.023518435657024384 0.19900000095367432 255 192 202
0.04844443127512932 0.02363661862909794 0.20000000298023224 255 193 203
0.04915928095579147 0.023754803463816643 0.20100000500679016 252 178 183
0.049631912261247635 0.023754803463816643 0.20100000500679016 234 160 165
0.05035381764173508 0.023872986435890198 0.20200000703334808 201 127 128
0.05082879960536957 0.023872986435890198 0.20200000703334808 191 117 118
0.0515577606856823 0.023991169407963753 0.2029999941587448 191 118 116
0.05203509330749512 0.023991169407963753 0.2029999941587448 198 125 123
0.05373047664761543 0.024109352380037308 0.20399999618530273 255 178 190
0.05421016365289688 0.024109352380037308 0.20399999618530273 255 189 201
0.054957933723926544 0.024227535352110863 0.20499999821186066 255 190 200
0.055710408836603165 0.024345718324184418 0.20600000023841858 239 164 174
0.05619479715824127 0.024345718324184418 0.20600000023841858 249 171 182
0.05695432424545288 0.024463901296257973 0.2070000022649765 255 182 193
0.05799604952335358 0.024700267240405083 0.20900000631809235 255 180 193
0.0059969499707221985 0.023624761030077934 0.19599999487400055 255 251 186
0.006457822863012552 0.023624761030077934 0.19599999487400055 255 253 205
0.006918696220964193 0.023624761030077934 0.19599999487400055 255 254 206
0.007341918535530567 0.0235042255371809 0.19499999284744263 240 215 179
0.007680433802306652 0.023142622783780098 0.19200000166893005 232 207 171
0.008089547976851463 0.023022087290883064 0.19099999964237213 236 208 178
0.008538664318621159 0.023022087290883064 0.19099999964237213 255 237 207
0.009288673289120197 0.02266048453748226 0.18799999356269836 255 253 231
0.00973073486238718 0.02266048453748226 0.18799999356269836 255 255 243
0.013490528799593449 0.02229888178408146 0.1850000023841858 255 235 236
0.013850263319909573 0.022178346291184425 0.18400000035762787 255 247 245
0.014282919466495514 0.022178346291184425 0.18400000035762787 255 247 245
0.01471557654440403 0.022178346291184425 0.18400000035762787 255 251 243
0.015148232690989971 0.022178346291184425 0.18400000035762787 255 251 243
0.015580888837575912 0.022178346291184425 0.18400000035762787 255 252 236
0.01592651568353176 0.02205781266093254 0.18299999833106995 255 253 237
0.0163568202406168 0.02205781266093254 0.18299999833106995 255 249 229
0.016787126660346985 0.02205781266093254 0.18299999833106995 255 240 220
0.030817866325378418 0.021937277168035507 0.18199999630451202 255 231 219
0.031245820224285126 0.021937277168035507 0.18199999630451202 255 233 221
0.031673774123191833 0.021937277168035507 0.18199999630451202 255 233 217
0.03210172802209854 0.021937277168035507 0.18199999630451202 255 227 211
0.03252968192100525 0.021937277168035507 0.18199999630451202 255 197 184
0.03295763581991196 0.021937277168035507 0.18199999630451202 169 109 96
0.03615085408091545 0.02205781266093254 0.18299999833106995 250 214 191
0.03658116236329079 0.02205781266093254 0.18299999833106995 255 244 221
0.037011466920375824 0.02205781266093254 0.18299999833106995 255 248 237
0.037646371871232986 0.022178346291184425 0.18400000035762787 255 246 235
0.03828597813844681 0.02229888178408146 0.1850000023841858 255 230 225
0.043346378952264786 0.023142622783780098 0.19200000166893005 255 204 178
0.043797846883535385 0.023142622783780098 0.19200000166893005 255 216 190
0.04447977989912033 0.023263156414031982 0.19300000369548798 255 203 189
0.045166414231061935 0.023383691906929016 0.1940000057220459 255 211 197
0.045622583478689194 0.023383691906929016 0.1940000057220459 255 209 212
0.046316273510456085 0.0235042255371809 0.19499999284744263 248 175 178
0.047734279185533524 0.023986363783478737 0.19900000095367432 251 177 182
0.047959987074136734 0.023865830153226852 0.1979999989271164 252 178 183
0.04842556267976761 0.023865830153226852 0.1979999989271164 244 174 178
0.049138061702251434 0.023986363783478737 0.19900000095367432 239 169 173
0.04985526576638222 0.02410689741373062 0.20000000298023224 200 135 135
0.05057717114686966 0.024227432906627655 0.20100000500679016 213 148 148
0.05104980245232582 0.024227432906627655 0.20100000500679016 240 179 173
0.05152243375778198 0.024227432906627655 0.20100000500679016 255 196 190
0.05225374549627304 0.02434796653687954 0.20200000703334808 255 198 201
0.05272872745990753 0.02434796653687954 0.20200000703334808 244 185 188
0.05320370942354202 0.02434796653687954 0.20200000703334808 236 164 176
0.0539444275200367 0.024468502029776573 0.2029999941587448 243 171 183
0.05468984693288803 0.024589035660028458 0.20399999618530273 255 191 204
0.05516953021287918 0.024589035660028458 0.20399999618530273 255 189 202
0.0559220053255558 0.02470957115292549 0.20499999821186066 243 164 178
0.05667918175458908 0.024830104783177376 0.20600000023841858 234 155 169
0.0059969499707221985 0.024085633456707 0.19599999487400055 255 252 187
0.006424874998629093 0.023962747305631638 0.19499999284744263 255 255 214
0.00688339676707983 0.023962747305631638 0.19499999284744263 255 255 215
0.007304267957806587 0.023839861154556274 0.1940000057220459 255 249 224
0.007680433802306652 0.023594090715050697 0.19200000166893005 227 216 191
0.008089547976851463 0.023471204563975334 0.19099999964237213 231 219 199
0.008493958972394466 0.02334831841289997 0.1899999976158142 255 249 229
0.008893667720258236 0.023225432261824608 0.1889999955892563 255 255 243
0.009288673289120197 0.023102546110749245 0.18799999356269836 255 255 243
0.00967897567898035 0.02297965995967388 0.18700000643730164 254 255 247
0.01006457582116127 0.02285677380859852 0.1860000044107437 254 255 247
0.01050193514674902 0.02285677380859852 0.1860000044107437 254 255 249
0.010939294472336769 0.02285677380859852 0.1860000044107437 254 255 249
0.011315489187836647 0.022733889520168304 0.1850000023841858 254 255 249
0.011750496923923492 0.022733889520168304 0.1850000023841858 254 255 249
0.012620512396097183 0.022733889520168304 0.1850000023841858 255 254 249
0.013055521063506603 0.022733889520168304 0.1850000023841858 255 248 246
0.013490528799593449 0.022733889520168304 0.1850000023841858 255 251 249
0.013850263319909573 0.02261100336909294 0.18400000035762787 255 254 249
0.014282919466495514 0.02261100336909294 0.18400000035762787 255 254 249
0.01471557654440403 0.02261100336909294 0.18400000035762787 255 254 249
0.015148232690989971 0.02261100336909294 0.18400000035762787 255 254 249
0.015580888837575912 0.02261100336909294 0.18400000035762787 255 255 247
0.01592651568353176 0.022488117218017578 0.18299999833106995 255 255 247
0.0163568202406168 0.022488117218017578 0.18299999833106995 255 254 245
0.016787126660346985 0.022488117218017578 0.18299999833106995 255 254 245
0.017217431217432022 0.022488117218017578 0.18299999833106995 255 248 235
0.01840720698237419 0.022365231066942215 0.18199999630451202 255 245 226
0.018731672316789627 0.022242344915866852 0.1809999942779541 255 248 218
0.019157273694872856 0.022242344915866852 0.1809999942779541 255 248 218
0.019582876935601234 0.022242344915866852 0.1809999942779541 255 250 214
0.020008478313684464 0.022242344915866852 0.1809999942779541 255 250 214
0.020321184769272804 0.02211945876479149 0.18000000715255737 255 249 211
0.020744435489177704 0.02211945876479149 0.18000000715255737 255 248 210
0.021167688071727753 0.02211945876479149 0.18000000715255737 255 240 212
0.021590938791632652 0.02211945876479149 0.18000000715255737 255 229 201
0.02469010464847088 0.022242344915866852 0.1809999942779541 159 98 90
0.025115706026554108 0.022242344915866852 0.1809999942779541 162 101 93
0.025541309267282486 0.022242344915866852 0.1809999942779541 168 103 101
0.025966910645365715 0.022242344915866852 0.1809999942779541 163 98 96
0.029106050729751587 0.022365231066942215 0.18199999630451202 255 251 233
0.029534004628658295 0.022365231066942215 0.18199999630451202 255 251 233
0.029961958527565002 0.022365231066942215 0.18199999630451202 255 252 240
0.03038991242647171 0.022365231066942215 0.18199999630451202 255 253 241
0.030817866325378418 0.022365231066942215 0.18199999630451202 255 253 241
0.031245820224285126 0.022365231066942215 0.18199999630451202 255 253 241
0.031673774123191833 0.022365231066942215 0.18199999630451202 255 253 241
0.03210172802209854 0.022365231066942215 0.18199999630451202 255 253 241
0.03252968192100525 0.022365231066942215 0.18199999630451202 255 248 233
0.03295763581991196 0.022365231066942215 0.18199999630451202 249 223 208
0.03529024496674538 0.022488117218017578 0.18299999833106995 238 193 168
0.035720549523830414 0.022488117218017578 0.18299999833106995 255 240 215
0.03615085408091545 0.022488117218017578 0.18299999833106995 255 253 234
0.03658116236329079 0.022488117218017578 0.18299999833106995 255 254 235
0.037011466920375824 0.022488117218017578 0.18299999833106995 255 253 245
0.037646371871232986 0.02261100336909294 0.18400000035762787 255 253 245
0.03807902708649635 0.02261100336909294 0.18400000035762787 255 249 243
0.03851168230175972 0.02261100336909294 0.18400000035762787 255 244 238
0.04001901298761368 0.02297965995967388 0.18700000643730164 126 57 54
0.04289485514163971 0.02334831841289997 0.1899999976158142 255 231 203
0.04356973245739937 0.023471204563975334 0.19099999964237213 255 242 214
0.044249314814805984 0.023594090715050697 0.19200000166893005 244 204 189
0.04493359848856926 0.02371697500348091 0.19300000369548798 234 194 179
0.04538741707801819 0.02371697500348091 0.19300000369548798 233 178 173
0.04607875645160675 0.023839861154556274 0.1940000057220459 224 169 164
0.04677479714155197 0.023962747305631638 0.19499999284744263 234 176 174
0.04771776124835014 0.024208519607782364 0.19699999690055847 247 189 187
0.04818098619580269 0.024208519607782364 0.19699999690055847 242 189 185
0.048644211143255234 0.024208519607782364 0.19699999690055847 239 186 182
0.04935671389102936 0.024331405758857727 0.1979999989271164 223 169 172
0.05007391795516014 0.02445429190993309 0.19900000095367432 255 222 225
0.050541844218969345 0.02445429190993309 0.19900000095367432 255 232 233
0.051266103982925415 0.024577176198363304 0.20000000298023224 255 233 234
0.05173638090491295 0.024577176198363304 0.20000000298023224 255 232 234
0.05246769264340401 0.024700062349438667 0.20100000500679016 255 232 234
0.05294032394886017 0.024700062349438667 0.20100000500679016 255 207 219
0.053678691387176514 0.02482294850051403 0.20200000703334808 237 177 189
0.05442176014184952 0.024945834651589394 0.2029999941587448 253 184 197
0.05489909276366234 0.024945834651589394 0.2029999941587448 255 195 208
0.05564921349287033 0.025068720802664757 0.20399999618530273 255 177 194
0.005507831461727619 0.024421269074082375 0.19499999284744263 255 253 186
0.005966353230178356 0.024421269074082375 0.19499999284744263 255 254 187
0.006391926668584347 0.024296032264828682 0.1940000057220459 255 255 218
0.006812797859311104 0.02417079545557499 0.19300000369548798 255 255 219
0.007228965871036053 0.024045556783676147 0.19200000166893005 255 255 237
0.007640431635081768 0.023920319974422455 0.19099999964237213 251 249 230
0.008089547976851463 0.023920319974422455 0.19099999964237213 245 243 231
0.008449253626167774 0.02366984635591507 0.1889999955892563 255 254 242
0.00884661078453064 0.023544607684016228 0.18799999356269836 255 255 245
0.009288673289120197 0.023544607684016228 0.18799999356269836 255 255 245
0.00967897567898035 0.023419370874762535 0.18700000643730164 254 255 249
0.01006457582116127 0.023294134065508842 0.1860000044107437 254 255 249
0.01050193514674902 0.023294134065508842 0.1860000044107437 254 255 251
0.010880481451749802 0.02316889725625515 0.1850000023841858 254 255 251
0.011315489187836647 0.02316889725625515 0.1850000023841858 254 255 251
0.011750496923923492 0.02316889725625515 0.1850000023841858 254 255 251
0.012185504660010338 0.02316889725625515 0.1850000023841858 254 255 251
0.012620512396097183 0.02316889725625515 0.1850000023841858 254 255 251
0.013055521063506603 0.02316889725625515 0.1850000023841858 254 254 250
0.013490528799593449 0.02316889725625515 0.1850000023841858 255 255 251
0.013925536535680294 0.02316889725625515 0.1850000023841858 254 255 251
0.014282919466495514 0.023043658584356308 0.18400000035762787 254 255 251
0.01471557654440403 0.023043658584356308 0.18400000035762787 254 255 251
0.015148232690989971 0.023043658584356308 0.18400000035762787 254 255 251
0.015580888837575912 0.023043658584356308 0.18400000035762787 254 255 251
0.01592651568353176 0.022918421775102615 0.18299999833106995 254 255 251
0.0163568202406168 0.022918421775102615 0.18299999833106995 254 255 249
0.016787126660346985 0.022918421775102615 0.18299999833106995 254 255 249
0.017217431217432022 0.022918421775102615 0.18299999833106995 255 255 245
0.017551301047205925 0.022793184965848923 0.18199999630451202 254 255 244
0.017979254946112633 0.022793184965848923 0.18199999630451202 255 254 240
0.01840720698237419 0.022793184965848923 0.18199999630451202 255 255 241
0.018731672316789627 0.02266794815659523 0.1809999942779541 255 255 237
0.019157273694872856 0.02266794815659523 0.1809999942779541 255 255 237
0.019582876935601234 0.02266794815659523 0.1809999942779541 255 255 237
0.020008478313684464 0.02266794815659523 0.1809999942779541 255 255 237
0.020321184769272804 0.022542709484696388 0.18000000715255737 255 255 235
0.020744435489177704 0.022542709484696388 0.18000000715255737 255 255 235
0.021167688071727753 0.022542709484696388 0.18000000715255737 255 255 231
0.021590938791632652 0.022542709484696388 0.18000000715255737 255 255 231
0.022014189511537552 0.022542709484696388 0.18000000715255737 255 238 220
0.02243744023144245 0.022542709484696388 0.18000000715255737 209 158 140
0.02328394167125225 0.022542709484696388 0.18000000715255737 255 211 193
0.02370719239115715 0.022542709484696388 0.18000000715255737 255 238 211
0.02413044311106205 0.022542709484696388 0.18000000715255737 255 248 221
0.02455369383096695 0.022542709484696388 0.18000000715255737 255 251 233
0.024976946413517 0.022542709484696388 0.18000000715255737 255 251 233
0.025400197133421898 0.022542709484696388 0.18000000715255737 255 252 237
0.025823447853326797 0.022542709484696388 0.18000000715255737 255 252 237
0.026392513886094093 0.02266794815659523 0.1809999942779541 255 250 233
0.026818115264177322 0.02266794815659523 0.1809999942779541 255 248 231
0.0272437185049057 0.02266794815659523 0.1809999942779541 255 229 205
0.02766931988298893 0.02266794815659523 0.1809999942779541 239 207 183
0.028094923123717308 0.02266794815659523 0.1809999942779541 255 251 221
0.028520524501800537 0.02266794815659523 0.1809999942779541 255 253 223
0.028946127742528915 0.02266794815659523 0.1809999942779541 255 255 241
0.029534004628658295 0.022793184965848923 0.18199999630451202 255 255 241
0.029961958527565002 0.022793184965848923 0.18199999630451202 255 255 247
0.03038991242647171 0.022793184965848923 0.18199999630451202 255 255 247
0.030817866325378418 0.022793184965848923 0.18199999630451202 255 255 247
0.031245820224285126 0.022793184965848923 0.18199999630451202 255 255 247
0.031673774123191833 0.022793184965848923 0.18199999630451202 255 254 249
0.03210172802209854 0.022793184965848923 0.18199999630451202 255 254 249
0.03252968192100525 0.022793184965848923 0.18199999630451202 255 254 237
0.03295763581991196 0.022793184965848923 0.18199999630451202 255 254 237
0.033385589718818665 0.022793184965848923 0.18199999630451202 215 176 154
0.033813539892435074 0.022793184965848923 0.18199999630451202 140 101 79
0.03424149379134178 0.022793184965848923 0.18199999630451202 225 173 151
0.03466944769024849 0.022793184965848923 0.18199999630451202 255 218 196
0.03529024496674538 0.022918421775102615 0.18299999833106995 255 251 228
0.035720549523830414 0.022918421775102615 0.18299999833106995 255 252 229
0.03615085408091545 0.022918421775102615 0.18299999833106995 255 254 242
0.03658116236329079 0.022918421775102615 0.18299999833106995 255 255 243
0.037011466920375824 0.022918421775102615 0.18299999833106995 255 255 247
0.037646371871232986 0.023043658584356308 0.18400000035762787 255 255 247
0.03807902708649635 0.023043658584356308 0.18400000035762787 255 254 245
0.03851168230175972 0.023043658584356308 0.18400000035762787 255 254 245
0.04001901298761368 0.023419370874762535 0.18700000643730164 204 163 155
0.041117142885923386 0.023544607684016228 0.18799999356269836 255 205 179
0.0417802631855011 0.02366984635591507 0.1889999955892563 251 206 172
0.04222467914223671 0.02366984635591507 0.1889999955892563 255 238 204
0.04289485514163971 0.023795083165168762 0.1899999976158142 255 252 225
0.04334161803126335 0.023795083165168762 0.1899999976158142 255 250 223
0.04401884973049164 0.023920319974422455 0.19099999964237213 255 234 221
0.044700782746076584 0.024045556783676147 0.19200000166893005 246 225 212
0.04515225067734718 0.024045556783676147 0.19200000166893005 236 198 191
0.04584123566746712 0.02417079545557499 0.19300000369548798 248 210 203
0.046295054256916046 0.02417079545557499 0.19300000369548798 255 218 215
0.04699109494686127 0.024296032264828682 0.1940000057220459 255 225 222
0.047691840678453445 0.024421269074082375 0.19499999284744263 255 233 228
0.04839728772640228 0.024546505883336067 0.19599999487400055 255 234 229
0.04910743609070778 0.02467174455523491 0.19699999690055847 248 205 209
0.049570661038160324 0.02467174455523491 0.19699999690055847 255 220 224
0.05028786510229111 0.0247969813644886 0.1979999989271164 255 241 246
0.05075344070792198 0.0247969813644886 0.1979999989271164 255 242 247
0.05147770047187805 0.024922218173742294 0.19900000095367432 255 247 251
0.051945626735687256 0.024922218173742294 0.19900000095367432 255 247 251
0.052676938474178314 0.025047456845641136 0.20000000298023224 255 229 240
0.05341295525431633 0.02517269365489483 0.20100000500679016 234 185 196
0.05388558283448219 0.02517269365489483 0.20100000500679016 225 158 170
0.0546286515891552 0.02529793046414852 0.20200000703334808 242 175 187
0.05537642538547516 0.025423167273402214 0.2029999941587448 244 165 181
0.05612890049815178 0.025548405945301056 0.20399999618530273 230 151 167
0.005479585845023394 0.02475220337510109 0.1940000057220459 255 255 190
0.005935756489634514 0.02475220337510109 0.1940000057220459 255 255 188
0.006391926668584347 0.02475220337510109 0.1940000057220459 255 255 225
0.006812797859311104 0.024624614045023918 0.19300000369548798 255 255 225
0.007228965871036053 0.024497024714946747 0.19200000166893005 255 255 241
0.007640431635081768 0.024369437247514725 0.19099999964237213 255 255 241
0.008047194220125675 0.024241847917437553 0.1899999976158142 254 255 245
0.008449253626167774 0.024114258587360382 0.1889999955892563 254 255 245
0.00884661078453064 0.02398667111992836 0.18799999356269836 254 255 249
0.009239264763891697 0.02385908178985119 0.18700000643730164 254 255 249
0.00967897567898035 0.02385908178985119 0.18700000643730164 254 255 249
0.01006457582116127 0.023731492459774017 0.1860000044107437 254 255 249
0.01050193514674902 0.023731492459774017 0.1860000044107437 254 255 249
0.010880481451749802 0.023603904992341995 0.1850000023841858 254 255 249
0.011315489187836647 0.023603904992341995 0.1850000023841858 254 255 249
0.011750496923923492 0.023603904992341995 0.1850000023841858 254 255 249
0.012185504660010338 0.023603904992341995 0.1850000023841858 254 255 249
0.012620512396097183 0.023603904992341995 0.1850000023841858 254 255 249
0.013055521063506603 0.023603904992341995 0.1850000023841858 254 255 249
0.013490528799593449 0.023603904992341995 0.1850000023841858 254 255 249
0.013925536535680294 0.023603904992341995 0.1850000023841858 254 255 249
0.014282919466495514 0.023476315662264824 0.18400000035762787 254 255 249
0.01471557654440403 0.023476315662264824 0.18400000035762787 254 255 249
0.015148232690989971 0.023476315662264824 0.18400000035762787 254 255 249
0.015580888837575912 0.023476315662264824 0.18400000035762787 254 255 249
0.01592651568353176 0.023348728194832802 0.18299999833106995 254 255 249
0.0163568202406168 0.023348728194832802 0.18299999833106995 254 255 249
0.016787126660346985 0.023348728194832802 0.18299999833106995 254 255 249
0.017217431217432022 0.023348728194832802 0.18299999833106995 254 255 249
0.017551301047205925 0.02322113886475563 0.18199999630451202 254 255 249
0.017979254946112633 0.02322113886475563 0.18199999630451202 254 255 249
0.01840720698237419 0.02322113886475563 0.18199999630451202 254 255 249
0.018731672316789627 0.02309354953467846 0.1809999942779541 254 255 247
0.019157273694872856 0.02309354953467846 0.1809999942779541 254 255 247
0.019582876935601234 0.02309354953467846 0.1809999942779541 254 255 247
0.020008478313684464 0.02309354953467846 0.1809999942779541 254 255 247
0.020321184769272804 0.022965962067246437 0.18000000715255737 254 255 245
0.020744435489177704 0.022965962067246437 0.18000000715255737 254 255 245
0.021167688071727753 0.022965962067246437 0.18000000715255737 255 255 243
0.021590938791632652 0.022965962067246437 0.18000000715255737 255 255 243
0.022014189511537552 0.022965962067246437 0.18000000715255737 255 252 231
0.02243744023144245 0.022965962067246437 0.18000000715255737 234 218 197
0.02286069095134735 0.022965962067246437 0.18000000715255737 255 245 218
0.02328394167125225 0.022965962067246437 0.18000000715255737 255 252 225
0.02370719239115715 0.022965962067246437 0.18000000715255737 255 254 232
0.02413044311106205 0.022965962067246437 0.18000000715255737 255 254 232
0.02455369383096695 0.022965962067246437 0.18000000715255737 255 254 238
0.024976946413517 0.022965962067246437 0.18000000715255737 255 254 238
0.025400197133421898 0.022965962067246437 0.18000000715255737 255 255 241
0.025823447853326797 0.022965962067246437 0.18000000715255737 255 254 240
0.026392513886094093 0.02309354953467846 0.1809999942779541 255 254 240
0.026818115264177322 0.02309354953467846 0.1809999942779541 255 254 240
0.0272437185049057 0.02309354953467846 0.1809999942779541 255 254 234
0.02766931988298893 0.02309354953467846 0.1809999942779541 255 255 235
0.028094923123717308 0.02309354953467846 0.1809999942779541 255 255 240
0.028520524501800537 0.02309354953467846 0.1809999942779541 255 255 241
0.028946127742528915 0.02309354953467846 0.1809999942779541 254 255 247
0.029371729120612144 0.02309354953467846 0.1809999942779541 254 255 247
0.029797332361340523 0.02309354953467846 0.1809999942779541 254 255 249
0.03038991242647171 0.02322113886475563 0.18199999630451202 254 255 249
0.030817866325378418 0.02322113886475563 0.18199999630451202 254 255 249
0.031245820224285126 0.02322113886475563 0.18199999630451202 254 255 249
0.031673774123191833 0.02322113886475563 0.18199999630451202 254 255 251
0.03210172802209854 0.02322113886475563 0.18199999630451202 254 255 251
0.03252968192100525 0.02322113886475563 0.18199999630451202 255 255 243
0.03295763581991196 0.02322113886475563 0.18199999630451202 255 255 243
0.033385589718818665 0.02322113886475563 0.18199999630451202 255 242 216
0.033813539892435074 0.02322113886475563 0.18199999630451202 222 207 181
0.03424149379134178 0.02322113886475563 0.18199999630451202 255 251 219
0.03466944769024849 0.02322113886475563 0.18199999630451202 255 253 221
0.0350974015891552 0.02322113886475563 0.18199999630451202 255 255 236
0.035525355488061905 0.02322113886475563 0.18199999630451202 255 255 237
0.03595330938696861 0.02322113886475563 0.18199999630451202 254 255 249
0.03658116236329079 0.023348728194832802 0.18299999833106995 254 255 249
0.037011466920375824 0.023348728194832802 0.18299999833106995 254 255 249
0.03744177147746086 0.023348728194832802 0.18299999833106995 254 255 249
0.0378720760345459 0.023348728194832802 0.18299999833106995 255 255 245
0.03851168230175972 0.023476315662264824 0.18400000035762787 255 255 245
0.039805006235837936 0.023731492459774017 0.1860000044107437 243 222 209
0.04024236649274826 0.023731492459774017 0.1860000044107437 251 216 188
0.041117142885923386 0.02398667111992836 0.18799999356269836 255 224 196
0.04155920445919037 0.02398667111992836 0.18799999356269836 255 247 216
0.04222467914223671 0.024114258587360382 0.1889999955892563 255 250 219
0.04289485514163971 0.024241847917437553 0.1899999976158142 255 255 235
0.04334161803126335 0.024241847917437553 0.1899999976158142 255 255 235
0.04401884973049164 0.024369437247514725 0.19099999964237213 255 252 243
0.044700782746076584 0.024497024714946747 0.19200000166893005 255 252 243
0.04515225067734718 0.024497024714946747 0.19200000166893005 255 237 235
0.04584123566746712 0.024624614045023918 0.19300000369548798 245 214 212
0.046295054256916046 0.024624614045023918 0.19300000369548798 255 241 242
0.04699109494686127 0.02475220337510109 0.1940000057220459 255 244 245
0.047691840678453445 0.02487979084253311 0.19499999284744263 255 247 247
0.04815036430954933 0.02487979084253311 0.19499999284744263 255 245 245
0.04860888421535492 0.02487979084253311 0.19499999284744263 255 232 241
0.049319032579660416 0.025007380172610283 0.19599999487400055 238 199 208
0.05003388598561287 0.025134969502687454 0.19699999690055847 255 219 228
0.050497110933065414 0.025134969502687454 0.19699999690055847 255 242 251
0.051219016313552856 0.025262556970119476 0.1979999989271164 255 244 253
0.05168459191918373 0.025262556970119476 0.1979999989271164 255 241 250
0.05241355299949646 0.025390146300196648 0.19900000095367432 255 232 241
0.053147219121456146 0.02551773563027382 0.20000000298023224 255 218 227
0.05388558283448219 0.02564532309770584 0.20100000500679016 236 172 183
0.054358214139938354 0.02564532309770584 0.20100000500679016 237 173 184
0.005479585845023394 0.025208372622728348 0.1940000057220459 255 255 192
0.005935756489634514 0.025208372622728348 0.1940000057220459 255 255 190
0.006358978804200888 0.025078432634472847 0.19300000369548798 255 255 225
0.006812797859311104 0.025078432634472847 0.19300000369548798 255 255 225
0.007228965871036053 0.024948492646217346 0.19200000166893005 254 255 243
0.007640431635081768 0.024818552657961845 0.19099999964237213 254 255 243
0.008047194220125675 0.024688612669706345 0.1899999976158142 254 255 247
0.008449253626167774 0.024558672681450844 0.1889999955892563 254 255 247
0.00884661078453064 0.024428732693195343 0.18799999356269836 254 255 249
0.009239264763891697 0.024298792704939842 0.18700000643730164 254 255 249
0.00967897567898035 0.024298792704939842 0.18700000643730164 254 255 249
0.01006457582116127 0.02416885271668434 0.1860000044107437 254 255 249
0.01050193514674902 0.02416885271668434 0.1860000044107437 254 255 249
0.010880481451749802 0.02403891272842884 0.1850000023841858 254 255 249
0.011315489187836647 0.02403891272842884 0.1850000023841858 254 255 251
0.011750496923923492 0.02403891272842884 0.1850000023841858 254 255 251
0.012185504660010338 0.02403891272842884 0.1850000023841858 254 255 251
0.012620512396097183 0.02403891272842884 0.1850000023841858 254 255 251
0.013055521063506603 0.02403891272842884 0.1850000023841858 254 255 251
0.013490528799593449 0.02403891272842884 0.1850000023841858 254 255 251
0.013925536535680294 0.02403891272842884 0.1850000023841858 254 255 251
0.01436054427176714 0.02403891272842884 0.1850000023841858 254 255 251
0.01471557654440403 0.02390897274017334 0.18400000035762787 254 255 251
0.015148232690989971 0.02390897274017334 0.18400000035762787 254 255 251
0.015580888837575912 0.02390897274017334 0.18400000035762787 254 255 251
0.01592651568353176 0.02377903275191784 0.18299999833106995 254 255 251
0.0163568202406168 0.02377903275191784 0.18299999833106995 254 255 251
0.016787126660346985 0.02377903275191784 0.18299999833106995 254 255 251
0.017217431217432022 0.02377903275191784 0.18299999833106995 254 255 251
0.017551301047205925 0.023649092763662338 0.18199999630451202 254 255 251
0.017979254946112633 0.023649092763662338 0.18199999630451202 254 255 251
0.01840720698237419 0.023649092763662338 0.18199999630451202 254 255 251
0.018731672316789627 0.023519152775406837 0.1809999942779541 254 255 251
0.019157273694872856 0.023519152775406837 0.1809999942779541 254 255 251
0.019582876935601234 0.023519152775406837 0.1809999942779541 254 255 251
0.019897934049367905 0.023389212787151337 0.18000000715255737 254 255 251
0.020321184769272804 0.023389212787151337 0.18000000715255737 254 255 251
0.020744435489177704 0.023389212787151337 0.18000000715255737 254 255 251
0.021167688071727753 0.023389212787151337 0.18000000715255737 254 255 249
0.021590938791632652 0.023389212787151337 0.18000000715255737 254 255 249
0.022014189511537552 0.023389212787151337 0.18000000715255737 254 255 241
0.02243744023144245 0.023389212787151337 0.18000000715255737 254 255 241
0.02286069095134735 0.023389212787151337 0.18000000715255737 255 255 239
0.02328394167125225 0.023389212787151337 0.18000000715255737 255 255 239
0.02370719239115715 0.023389212787151337 0.18000000715255737 255 255 243
0.02413044311106205 0.023389212787151337 0.18000000715255737 255 255 243
0.02455369383096695 0.023389212787151337 0.18000000715255737 255 255 247
0.024976946413517 0.023389212787151337 0.18000000715255737 255 255 247
0.025400197133421898 0.023389212787151337 0.18000000715255737 255 255 247
0.025823447853326797 0.023389212787151337 0.18000000715255737 255 255 247
0.026392513886094093 0.023519152775406837 0.1809999942779541 255 255 247
0.026818115264177322 0.023519152775406837 0.1809999942779541 255 255 247
0.0272437185049057 0.023519152775406837 0.1809999942779541 255 255 245
0.02766931988298893 0.023519152775406837 0.1809999942779541 255 255 245
0.028094923123717308 0.023519152775406837 0.1809999942779541 255 255 245
0.028520524501800537 0.023519152775406837 0.1809999942779541 255 255 245
0.028946127742528915 0.023519152775406837 0.1809999942779541 254 255 247
0.029371729120612144 0.023519152775406837 0.1809999942779541 254 255 247
0.029797332361340523 0.023519152775406837 0.1809999942779541 254 255 249
0.030222933739423752 0.023519152775406837 0.1809999942779541 254 255 249
0.030817866325378418 0.023649092763662338 0.18199999630451202 254 255 249
0.031245820224285126 0.023649092763662338 0.18199999630451202 254 255 249
0.031673774123191833 0.023649092763662338 0.18199999630451202 254 255 249
0.03210172802209854 0.023649092763662338 0.18199999630451202 254 255 249
0.03252968192100525 0.023649092763662338 0.18199999630451202 254 255 245
0.03295763581991196 0.023649092763662338 0.18199999630451202 253 255 244
0.033385589718818665 0.023649092763662338 0.18199999630451202 255 254 234
0.033813539892435074 0.023649092763662338 0.18199999630451202 255 252 232
0.03424149379134178 0.023649092763662338 0.18199999630451202 255 255 233
0.03466944769024849 0.023649092763662338 0.18199999630451202 255 255 233
0.0350974015891552 0.023649092763662338 0.18199999630451202 254 255 245
0.035525355488061905 0.023649092763662338 0.18199999630451202 254 255 245
0.03595330938696861 0.023649092763662338 0.18199999630451202 254 255 249
0.03658116236329079 0.02377903275191784 0.18299999833106995 254 255 249
0.037011466920375824 0.02377903275191784 0.18299999833106995 254 255 249
0.03744177147746086 0.02377903275191784 0.18299999833106995 254 255 249
0.0378720760345459 0.02377903275191784 0.18299999833106995 254 255 247
0.03851168230175972 0.02390897274017334 0.18400000035762787 254 255 247
0.038944341242313385 0.02390897274017334 0.18400000035762787 255 251 240
0.039805006235837936 0.02416885271668434 0.1860000044107437 244 231 220
0.04024236649274826 0.02416885271668434 0.1860000044107437 255 233 214
0.040898434817790985 0.024298792704939842 0.18700000643730164 255 232 213
0.04155920445919037 0.024428732693195343 0.18799999356269836 255 253 228
0.04200126603245735 0.024428732693195343 0.18799999356269836 255 254 229
0.04266909137368202 0.024558672681450844 0.1889999955892563 255 255 243
0.043113503605127335 0.024558672681450844 0.1889999955892563 255 255 243
0.04378838464617729 0.024688612669706345 0.1899999976158142 255 254 249
0.044235147535800934 0.024688612669706345 0.1899999976158142 255 254 249
0.044681914150714874 0.024688612669706345 0.1899999976158142 255 245 247
0.04536619782447815 0.024818552657961845 0.19099999964237213 238 214 216
0.04605518653988838 0.024948492646217346 0.19200000166893005 242 213 217
0.046748872846364975 0.025078432634472847 0.19300000369548798 255 245 249
0.0472026951611042 0.025078432634472847 0.19300000369548798 255 246 249
0.04790343716740608 0.025208372622728348 0.1940000057220459 255 234 237
0.04860888421535492 0.02533831261098385 0.19499999284744263 247 209 222
0.049319032579660416 0.02546825259923935 0.19599999487400055 240 202 215
0.05003388598561287 0.02559819258749485 0.19699999690055847 236 196 209
0.050497110933065414 0.02559819258749485 0.19699999690055847 255 239 252
0.051219016313552856 0.02572813257575035 0.1979999989271164 255 242 253
0.05168459191918373 0.02572813257575035 0.1979999989271164 249 221 232
0.05241355299949646 0.025858072564005852 0.19900000095367432 250 217 230
0.053147219121456146 0.025988014414906502 0.20000000298023224 245 212 225
0.05388558283448219 0.026117954403162003 0.20100000500679016 255 203 215
0.054358214139938354 0.026117954403162003 0.20100000500679016 217 155 167
0.005479585845023394 0.025664543733000755 0.1940000057220459 255 255 186
0.0059051597490906715 0.025532251223921776 0.19300000369548798 255 255 188
0.006358978804200888 0.025532251223921776 0.19300000369548798 255 255 218
0.006777498405426741 0.025399960577487946 0.19200000166893005 255 255 219
0.007191315293312073 0.025267669931054115 0.19099999964237213 254 255 241
0.007600429002195597 0.025135377421975136 0.1899999976158142 254 255 241
0.008047194220125675 0.025135377421975136 0.1899999976158142 254 255 245
0.008449253626167774 0.025003086775541306 0.1889999955892563 254 255 245
0.00884661078453064 0.024870794266462326 0.18799999356269836 254 255 249
0.009239264763891697 0.024738503620028496 0.18700000643730164 254 255 249
0.00967897567898035 0.024738503620028496 0.18700000643730164 254 255 249
0.01006457582116127 0.024606211110949516 0.1860000044107437 254 255 249
0.01050193514674902 0.024606211110949516 0.1860000044107437 254 255 251
0.010880481451749802 0.024473920464515686 0.1850000023841858 254 255 251
0.011315489187836647 0.024473920464515686 0.1850000023841858 254 255 251
0.011750496923923492 0.024473920464515686 0.1850000023841858 254 255 251
0.012185504660010338 0.024473920464515686 0.1850000023841858 254 255 251
0.012620512396097183 0.024473920464515686 0.1850000023841858 254 255 251
0.013055521063506603 0.024473920464515686 0.1850000023841858 254 255 251
0.013490528799593449 0.024473920464515686 0.1850000023841858 254 255 251
0.013925536535680294 0.024473920464515686 0.1850000023841858 254 255 251
0.01436054427176714 0.024473920464515686 0.1850000023841858 254 255 251
0.01471557654440403 0.024341629818081856 0.18400000035762787 254 255 251
0.015148232690989971 0.024341629818081856 0.18400000035762787 254 255 251
0.015580888837575912 0.024341629818081856 0.18400000035762787 254 255 251
0.01592651568353176 0.024209337309002876 0.18299999833106995 254 255 251
0.0163568202406168 0.024209337309002876 0.18299999833106995 254 255 251
0.016787126660346985 0.024209337309002876 0.18299999833106995 254 255 251
0.017217431217432022 0.024209337309002876 0.18299999833106995 254 255 251
0.017551301047205925 0.024077046662569046 0.18199999630451202 254 255 251
0.017979254946112633 0.024077046662569046 0.18199999630451202 254 255 251
0.01840720698237419 0.024077046662569046 0.18199999630451202 254 255 251
0.018731672316789627 0.023944754153490067 0.1809999942779541 254 255 251
0.019157273694872856 0.023944754153490067 0.1809999942779541 254 255 251
0.019582876935601234 0.023944754153490067 0.1809999942779541 254 255 251
0.019897934049367905 0.023812463507056236 0.18000000715255737 254 255 251
0.020321184769272804 0.023812463507056236 0.18000000715255737 254 255 251
0.020744435489177704 0.023812463507056236 0.18000000715255737 254 255 251
0.021167688071727753 0.023812463507056236 0.18000000715255737 254 255 251
0.021590938791632652 0.023812463507056236 0.18000000715255737 254 255 251
0.022014189511537552 0.023812463507056236 0.18000000715255737 254 255 249
0.02243744023144245 0.023812463507056236 0.18000000715255737 254 255 249
0.02286069095134735 0.023812463507056236 0.18000000715255737 254 255 247
0.02328394167125225 0.023812463507056236 0.18000000715255737 254 255 247
0.02370719239115715 0.023812463507056236 0.18000000715255737 254 255 249
0.02413044311106205 0.023812463507056236 0.18000000715255737 254 255 249
0.02455369383096695 0.023812463507056236 0.18000000715255737 254 255 249
0.024976946413517 0.023812463507056236 0.18000000715255737 254 255 249
0.025400197133421898 0.023812463507056236 0.18000000715255737 254 255 249
0.025823447853326797 0.023812463507056236 0.18000000715255737 254 255 249
0.026246698573231697 0.023812463507056236 0.18000000715255737 254 255 247
0.026818115264177322 0.023944754153490067 0.1809999942779541 254 255 247
0.0272437185049057 0.023944754153490067 0.1809999942779541 254 255 247
0.02766931988298893 0.023944754153490067 0.1809999942779541 254 255 247
0.028094923123717308 0.023944754153490067 0.1809999942779541 254 255 245
0.028520524501800537 0.023944754153490067 0.1809999942779541 254 255 245
0.028946127742528915 0.023944754153490067 0.1809999942779541 254 255 245
0.029371729120612144 0.023944754153490067 0.1809999942779541 254 255 245
0.029797332361340523 0.023944754153490067 0.1809999942779541 254 255 247
0.030222933739423752 0.023944754153490067 0.1809999942779541 254 255 247
0.03064853698015213 0.023944754153490067 0.1809999942779541 254 255 249
0.03107413835823536 0.023944754153490067 0.1809999942779541 254 255 249
0.03149973973631859 0.023944754153490067 0.1809999942779541 254 255 249
0.03192534297704697 0.023944754153490067 0.1809999942779541 254 255 249
0.032350946217775345 0.023944754153490067 0.1809999942779541 254 255 247
0.03277654945850372 0.023944754153490067 0.1809999942779541 253 255 246
0.0332021489739418 0.023944754153490067 0.1809999942779541 255 255 235
0.03362775221467018 0.023944754153490067 0.1809999942779541 253 253 233
0.03405335545539856 0.023944754153490067 0.1809999942779541 255 255 237
0.03466944769024849 0.024077046662569046 0.18199999630451202 255 255 237
0.0350974015891552 0.024077046662569046 0.18199999630451202 254 255 247
0.035525355488061905 0.024077046662569046 0.18199999630451202 254 255 247
0.03595330938696861 0.024077046662569046 0.18199999630451202 254 255 249
0.03638126328587532 0.024077046662569046 0.18199999630451202 254 255 249
0.037011466920375824 0.024209337309002876 0.18299999833106995 254 255 249
0.03744177147746086 0.024209337309002876 0.18299999833106995 254 255 249
0.0378720760345459 0.024209337309002876 0.18299999833106995 254 255 247
0.03851168230175972 0.024341629818081856 0.18400000035762787 253 255 246
0.038944341242313385 0.024341629818081856 0.18400000035762787 255 252 243
0.03959100320935249 0.024473920464515686 0.1850000023841858 242 231 222
0.04024236649274826 0.024606211110949516 0.1860000044107437 243 223 213
0.040679726749658585 0.024606211110949516 0.1860000044107437 255 239 229
0.04133814573287964 0.024738503620028496 0.18700000643730164 255 252 238
0.04177785664796829 0.024738503620028496 0.18700000643730164 255 255 241
0.042443327605724335 0.024870794266462326 0.18799999356269836 254 255 247
0.042885392904281616 0.024870794266462326 0.18799999356269836 254 255 247
0.043557919561862946 0.025003086775541306 0.1889999955892563 254 255 249
0.04400233179330826 0.025003086775541306 0.1889999955892563 254 255 249
0.04444674402475357 0.025003086775541306 0.1889999955892563 255 247 245
0.045128677040338516 0.025135377421975136 0.1899999976158142 233 221 219
0.04581531509757042 0.025267669931054115 0.19099999964237213 232 206 206
0.04626442864537239 0.025267669931054115 0.19099999964237213 255 240 240
0.04695811867713928 0.025399960577487946 0.19200000166893005 255 246 249
0.04765651375055313 0.025532251223921776 0.19300000369548798 255 230 233
0.04835960641503334 0.025664543733000755 0.1940000057220459 244 210 218
0.049067407846450806 0.025796834379434586 0.19499999284744263 238 204 212
0.04952592775225639 0.025796834379434586 0.19499999284744263 235 195 208
0.05024078115820885 0.025929126888513565 0.19599999487400055 248 208 221
0.05096033588051796 0.026061417534947395 0.19699999690055847 255 239 251
0.05168459191918373 0.026193710044026375 0.1979999989271164 255 239 251
0.052150171250104904 0.026193710044026375 0.1979999989271164 255 229 242
0.05288148298859596 0.026326000690460205 0.19900000095367432 255 235 248
0.05361749604344368 0.026458293199539185 0.20000000298023224 255 201 211
0.054358214139938354 0.026590583845973015 0.20100000500679016 218 163 173
0.005479585845023394 0.026120714843273163 0.1940000057220459 255 255 180
0.0059051597490906715 0.025986071676015854 0.19300000369548798 255 255 183
0.006326030939817429 0.025851428508758545 0.19200000166893005 255 255 207
0.006777498405426741 0.025851428508758545 0.19200000166893005 255 255 208
0.007191315293312073 0.025716785341501236 0.19099999964237213 254 255 232
0.007600429002195597 0.025582142174243927 0.1899999976158142 255 255 233
0.008004840463399887 0.025447499006986618 0.1889999955892563 254 255 243
0.008449253626167774 0.025447499006986618 0.1889999955892563 254 255 243
0.00884661078453064 0.02531285770237446 0.18799999356269836 254 255 247
0.009239264763891697 0.02517821453511715 0.18700000643730164 254 255 247
0.00967897567898035 0.02517821453511715 0.18700000643730164 254 255 249
0.01006457582116127 0.02504357136785984 0.1860000044107437 254 255 249
0.01050193514674902 0.02504357136785984 0.1860000044107437 254 255 249
0.010880481451749802 0.02490892820060253 0.1850000023841858 254 255 249
0.011315489187836647 0.02490892820060253 0.1850000023841858 254 255 251
0.011750496923923492 0.02490892820060253 0.1850000023841858 254 255 251
0.012185504660010338 0.02490892820060253 0.1850000023841858 254 255 251
0.012620512396097183 0.02490892820060253 0.1850000023841858 254 255 251
0.013055521063506603 0.02490892820060253 0.1850000023841858 254 255 251
0.013490528799593449 0.02490892820060253 0.1850000023841858 254 255 251
0.013925536535680294 0.02490892820060253 0.1850000023841858 254 255 251
0.01436054427176714 0.02490892820060253 0.1850000023841858 254 255 251
0.01471557654440403 0.024774285033345222 0.18400000035762787 254 255 251
0.015148232690989971 0.024774285033345222 0.18400000035762787 254 255 251
0.015580888837575912 0.024774285033345222 0.18400000035762787 254 255 251
0.01592651568353176 0.024639641866087914 0.18299999833106995 254 255 251
0.0163568202406168 0.024639641866087914 0.18299999833106995 254 255 251
0.016787126660346985 0.024639641866087914 0.18299999833106995 254 255 251
0.017123347148299217 0.024505000561475754 0.18199999630451202 254 255 251
0.017551301047205925 0.024505000561475754 0.18199999630451202 254 255 251
0.017979254946112633 0.024505000561475754 0.18199999630451202 254 255 251
0.01840720698237419 0.024505000561475754 0.18199999630451202 254 255 251
0.018731672316789627 0.024370357394218445 0.1809999942779541 254 255 251
0.019157273694872856 0.024370357394218445 0.1809999942779541 254 255 251
0.019582876935601234 0.024370357394218445 0.1809999942779541 254 255 251
0.019897934049367905 0.024235714226961136 0.18000000715255737 254 255 251
0.020321184769272804 0.024235714226961136 0.18000000715255737 254 255 251
0.020744435489177704 0.024235714226961136 0.18000000715255737 254 255 251
0.021167688071727753 0.024235714226961136 0.18000000715255737 254 255 251
0.021590938791632652 0.024235714226961136 0.18000000715255737 254 255 251
0.022014189511537552 0.024235714226961136 0.18000000715255737 254 255 249
0.02243744023144245 0.024235714226961136 0.18000000715255737 247 248 242
0.02286069095134735 0.024235714226961136 0.18000000715255737 252 254 245
0.02328394167125225 0.024235714226961136 0.18000000715255737 254 255 247
0.02370719239115715 0.024235714226961136 0.18000000715255737 254 255 249
0.02413044311106205 0.024235714226961136 0.18000000715255737 254 255 249
0.02455369383096695 0.024235714226961136 0.18000000715255737 254 255 249
0.024976946413517 0.024235714226961136 0.18000000715255737 254 255 249
0.025400197133421898 0.024235714226961136 0.18000000715255737 254 255 249
0.025823447853326797 0.024235714226961136 0.18000000715255737 254 255 249
0.026246698573231697 0.024235714226961136 0.18000000715255737 254 255 247
0.026818115264177322 0.024370357394218445 0.1809999942779541 254 255 247
0.0272437185049057 0.024370357394218445 0.1809999942779541 254 255 245
0.02766931988298893 0.024370357394218445 0.1809999942779541 250 252 241
0.028094923123717308 0.024370357394218445 0.1809999942779541 251 253 242
0.028520524501800537 0.024370357394218445 0.1809999942779541 254 255 245
0.028946127742528915 0.024370357394218445 0.1809999942779541 254 255 245
0.029371729120612144 0.024370357394218445 0.1809999942779541 254 255 245
0.029797332361340523 0.024370357394218445 0.1809999942779541 254 255 247
0.030222933739423752 0.024370357394218445 0.1809999942779541 254 255 247
0.03064853698015213 0.024370357394218445 0.1809999942779541 254 255 249
0.03107413835823536 0.024370357394218445 0.1809999942779541 254 255 249
0.03149973973631859 0.024370357394218445 0.1809999942779541 254 255 249
0.03192534297704697 0.024370357394218445 0.1809999942779541 254 255 249
0.032350946217775345 0.024370357394218445 0.1809999942779541 254 255 247
0.03277654945850372 0.024370357394218445 0.1809999942779541 254 255 247
0.0332021489739418 0.024370357394218445 0.1809999942779541 247 246 231
0.03362775221467018 0.024370357394218445 0.1809999942779541 245 244 229
0.03405335545539856 0.024370357394218445 0.1809999942779541 255 255 243
0.03447895869612694 0.024370357394218445 0.1809999942779541 255 255 243
0.0350974015891552 0.024505000561475754 0.18199999630451202 254 255 249
0.035525355488061905 0.024505000561475754 0.18199999630451202 254 255 249
0.03595330938696861 0.024505000561475754 0.18199999630451202 254 255 249
0.03638126328587532 0.024505000561475754 0.18199999630451202 254 255 249
0.037011466920375824 0.024639641866087914 0.18299999833106995 254 255 249
0.03744177147746086 0.024639641866087914 0.18299999833106995 254 255 249
0.0378720760345459 0.024639641866087914 0.18299999833106995 254 255 247
0.03851168230175972 0.024774285033345222 0.18400000035762787 253 255 246
0.038944341242313385 0.024774285033345222 0.18400000035762787 255 250 243
0.03959100320935249 0.02490892820060253 0.1850000023841858 240 229 222
0.04002600908279419 0.02490892820060253 0.1850000023841858 242 226 221
0.040679726749658585 0.02504357136785984 0.1860000044107437 255 249 244
0.04133814573287964 0.02517821453511715 0.18700000643730164 255 254 247
0.04177785664796829 0.02517821453511715 0.18700000643730164 255 254 247
0.042217567563056946 0.02517821453511715 0.18700000643730164 254 255 249
0.042885392904281616 0.02531285770237446 0.18799999356269836 254 255 249
0.0433274544775486 0.02531285770237446 0.18799999356269836 254 255 249
0.04400233179330826 0.025447499006986618 0.1889999955892563 254 255 249
0.04444674402475357 0.025447499006986618 0.1889999955892563 255 251 246
0.04489115998148918 0.025447499006986618 0.1889999955892563 239 228 223
0.04557544365525246 0.025582142174243927 0.1899999976158142 235 207 206
0.0460222065448761 0.025582142174243927 0.1899999976158142 253 225 224
0.04671354591846466 0.025716785341501236 0.19099999964237213 255 244 245
0.04740958660840988 0.025851428508758545 0.19200000166893005 255 235 236
0.04811033234000206 0.025986071676015854 0.19300000369548798 255 238 242
0.0488157793879509 0.026120714843273163 0.1940000057220459 241 212 216
0.04952592775225639 0.026255356147885323 0.19499999284744263 241 204 213
0.05024078115820885 0.02638999931514263 0.19599999487400055 249 212 221
0.05096033588051796 0.02652464248239994 0.19699999690055847 255 229 242
0.051423560827970505 0.02652464248239994 0.19699999690055847 255 234 247
0.052150171250104904 0.02665928564965725 0.1979999989271164 255 231 246
0.05288148298859596 0.02679392881691456 0.19900000095367432 255 218 233
0.05334940925240517 0.02679392881691456 0.19900000095367432 248 193 203
0.05408777669072151 0.026928571984171867 0.20000000298023224 238 183 193
0.0059051597490906715 0.026439890265464783 0.19300000369548798 255 255 176
0.006326030939817429 0.026302896440029144 0.19200000166893005 254 255 193
0.006777498405426741 0.026302896440029144 0.19200000166893005 254 255 193
0.007191315293312073 0.026165902614593506 0.19099999964237213 255 255 218
0.007600429002195597 0.026028906926512718 0.1899999976158142 255 255 219
0.008004840463399887 0.02589191310107708 0.1889999955892563 253 255 238
0.008449253626167774 0.02589191310107708 0.1889999955892563 254 255 239
0.00884661078453064 0.02575491927564144 0.18799999356269836 254 255 247
0.009239264763891697 0.025617925450205803 0.18700000643730164 254 255 247
0.00967897567898035 0.025617925450205803 0.18700000643730164 254 255 249
0.01006457582116127 0.025480929762125015 0.1860000044107437 254 255 249
0.01050193514674902 0.025480929762125015 0.1860000044107437 254 255 249
0.010939294472336769 0.025480929762125015 0.1860000044107437 254 255 249
0.011315489187836647 0.025343935936689377 0.1850000023841858 254 255 251
0.011750496923923492 0.025343935936689377 0.1850000023841858 254 255 251
0.012185504660010338 0.025343935936689377 0.1850000023841858 254 255 251
0.012620512396097183 0.025343935936689377 0.1850000023841858 254 255 251
0.013055521063506603 0.025343935936689377 0.1850000023841858 254 255 251
0.013490528799593449 0.025343935936689377 0.1850000023841858 254 255 251
0.013925536535680294 0.025343935936689377 0.1850000023841858 254 255 251
0.01436054427176714 0.025343935936689377 0.1850000023841858 254 255 251
0.01471557654440403 0.02520694211125374 0.18400000035762787 254 255 251
0.015148232690989971 0.02520694211125374 0.18400000035762787 254 255 251
0.015580888837575912 0.02520694211125374 0.18400000035762787 254 255 251
0.01592651568353176 0.0250699482858181 0.18299999833106995 254 255 251
0.0163568202406168 0.0250699482858181 0.18299999833106995 254 255 251
0.016787126660346985 0.0250699482858181 0.18299999833106995 254 255 251
0.017123347148299217 0.024932952597737312 0.18199999630451202 254 255 249
0.017551301047205925 0.024932952597737312 0.18199999630451202 254 255 249
0.017979254946112633 0.024932952597737312 0.18199999630451202 254 255 249
0.01840720698237419 0.024932952597737312 0.18199999630451202 254 255 249
0.018731672316789627 0.024795958772301674 0.1809999942779541 254 255 249
0.019157273694872856 0.024795958772301674 0.1809999942779541 254 255 249
0.019582876935601234 0.024795958772301674 0.1809999942779541 254 255 249
0.019897934049367905 0.024658964946866035 0.18000000715255737 254 255 249
0.020321184769272804 0.024658964946866035 0.18000000715255737 254 255 249
0.020744435489177704 0.024658964946866035 0.18000000715255737 254 255 249
0.021167688071727753 0.024658964946866035 0.18000000715255737 254 255 249
0.021590938791632652 0.024658964946866035 0.18000000715255737 254 255 249
0.022014189511537552 0.024658964946866035 0.18000000715255737 254 255 245
0.02243744023144245 0.024658964946866035 0.18000000715255737 251 253 242
0.02286069095134735 0.024658964946866035 0.18000000715255737 253 255 244
0.02328394167125225 0.024658964946866035 0.18000000715255737 254 255 245
0.02370719239115715 0.024658964946866035 0.18000000715255737 254 255 247
0.02413044311106205 0.024658964946866035 0.18000000715255737 254 255 247
0.02455369383096695 0.024658964946866035 0.18000000715255737 254 255 249
0.024976946413517 0.024658964946866035 0.18000000715255737 254 255 249
0.025400197133421898 0.024658964946866035 0.18000000715255737 254 255 247
0.025823447853326797 0.024658964946866035 0.18000000715255737 254 255 247
0.026246698573231697 0.024658964946866035 0.18000000715255737 254 255 245
0.026669949293136597 0.024658964946866035 0.18000000715255737 254 255 245
0.0272437185049057 0.024795958772301674 0.1809999942779541 253 255 239
0.02766931988298893 0.024795958772301674 0.1809999942779541 250 252 236
0.028094923123717308 0.024795958772301674 0.1809999942779541 248 247 232
0.028520524501800537 0.024795958772301674 0.1809999942779541 254 253 238
0.028946127742528915 0.024795958772301674 0.1809999942779541 253 255 240
0.029371729120612144 0.024795958772301674 0.1809999942779541 254 255 241
0.029797332361340523 0.024795958772301674 0.1809999942779541 254 255 247
0.030222933739423752 0.024795958772301674 0.1809999942779541 254 255 247
0.03064853698015213 0.024795958772301674 0.1809999942779541 254 255 249
0.03107413835823536 0.024795958772301674 0.1809999942779541 254 255 249
0.03149973973631859 0.024795958772301674 0.1809999942779541 254 255 249
0.03192534297704697 0.024795958772301674 0.1809999942779541 254 255 249
0.032350946217775345 0.024795958772301674 0.1809999942779541 254 255 247
0.03277654945850372 0.024795958772301674 0.1809999942779541 251 253 244
0.0332021489739418 0.024795958772301674 0.1809999942779541 232 234 218
0.03362775221467018 0.024795958772301674 0.1809999942779541 241 243 227
0.03405335545539856 0.024795958772301674 0.1809999942779541 255 255 241
0.03447895869612694 0.024795958772301674 0.1809999942779541 255 255 241
0.0350974015891552 0.024932952597737312 0.18199999630451202 254 255 245
0.035525355488061905 0.024932952597737312 0.18199999630451202 254 255 245
0.03595330938696861 0.024932952597737312 0.18199999630451202 254 255 249
0.03638126328587532 0.024932952597737312 0.18199999630451202 254 255 249
0.037011466920375824 0.0250699482858181 0.18299999833106995 254 255 249
0.03744177147746086 0.0250699482858181 0.18299999833106995 254 255 249
0.0378720760345459 0.0250699482858181 0.18299999833106995 254 255 249
0.03851168230175972 0.02520694211125374 0.18400000035762787 253 254 248
0.038944341242313385 0.02520694211125374 0.18400000035762787 255 249 243
0.03959100320935249 0.025343935936689377 0.1850000023841858 250 236 230
0.04002600908279419 0.025343935936689377 0.1850000023841858 243 227 222
0.040679726749658585 0.025480929762125015 0.1860000044107437 245 229 224
0.04111708700656891 0.025480929762125015 0.1860000044107437 255 252 248
0.04177785664796829 0.025617925450205803 0.18700000643730164 255 253 249
0.042217567563056946 0.025617925450205803 0.18700000643730164 254 255 251
0.042885392904281616 0.02575491927564144 0.18799999356269836 254 255 251
0.0433274544775486 0.02575491927564144 0.18799999356269836 254 255 249
0.04400233179330826 0.02589191310107708 0.1889999955892563 254 255 249
0.04444674402475357 0.02589191310107708 0.1889999955892563 255 252 247
0.04489115998148918 0.02589191310107708 0.1889999955892563 243 234 229
0.045335572212934494 0.02589191310107708 0.1889999955892563 234 206 203
0.0460222065448761 0.026028906926512718 0.1899999976158142 242 214 211
0.04671354591846466 0.026165902614593506 0.19099999964237213 255 229 229
0.04716266319155693 0.026165902614593506 0.19099999964237213 255 236 236
0.04786105453968048 0.026302896440029144 0.19200000166893005 255 238 240
0.04856415092945099 0.026439890265464783 0.19300000369548798 255 224 226
0.049271948635578156 0.02657688409090042 0.1940000057220459 244 205 212
0.04998445138335228 0.02671387791633606 0.19499999284744263 243 204 211
0.05070165544748306 0.026850873604416847 0.19599999487400055 252 206 218
0.051423560827970505 0.026987867429852486 0.19699999690055847 255 216 228
0.052150171250104904 0.027124861255288124 0.1979999989271164 255 217 232
0.05288148298859596 0.027261855080723763 0.19900000095367432 255 217 232
0.05334940925240517 0.027261855080723763 0.19900000095367432 255 210 222
0.05408777669072151 0.02739885076880455 0.20000000298023224 254 194 206
0.006326030939817429 0.026754364371299744 0.19200000166893005 254 255 184
0.0067421989515423775 0.026615018025040627 0.19099999964237213 255 255 186
0.007191315293312073 0.026615018025040627 0.19099999964237213 255 255 205
0.007600429002195597 0.02647567167878151 0.1899999976158142 252 252 201
0.008004840463399887 0.02633632719516754 0.1889999955892563 254 255 232
0.008449253626167774 0.02633632719516754 0.1889999955892563 255 255 233
0.00884661078453064 0.026196980848908424 0.18799999356269836 254 255 245
0.009239264763891697 0.026057634502649307 0.18700000643730164 254 255 245
0.00967897567898035 0.026057634502649307 0.18700000643730164 254 255 249
0.01006457582116127 0.02591829001903534 0.1860000044107437 254 255 249
0.01050193514674902 0.02591829001903534 0.1860000044107437 254 255 249
0.010939294472336769 0.02591829001903534 0.1860000044107437 254 255 249
0.011315489187836647 0.025778943672776222 0.1850000023841858 254 255 251
0.011750496923923492 0.025778943672776222 0.1850000023841858 254 255 251
0.012185504660010338 0.025778943672776222 0.1850000023841858 254 255 251
0.012620512396097183 0.025778943672776222 0.1850000023841858 254 255 251
0.013055521063506603 0.025778943672776222 0.1850000023841858 254 255 251
0.013490528799593449 0.025778943672776222 0.1850000023841858 254 255 251
0.013925536535680294 0.025778943672776222 0.1850000023841858 254 255 251
0.01436054427176714 0.025778943672776222 0.1850000023841858 254 255 251
0.01471557654440403 0.025639599189162254 0.18400000035762787 254 255 251
0.015148232690989971 0.025639599189162254 0.18400000035762787 254 255 251
0.015580888837575912 0.025639599189162254 0.18400000035762787 254 255 251
0.01592651568353176 0.025500252842903137 0.18299999833106995 254 255 251
0.0163568202406168 0.025500252842903137 0.18299999833106995 254 255 251
0.016787126660346985 0.025500252842903137 0.18299999833106995 254 255 251
0.017123347148299217 0.02536090649664402 0.18199999630451202 244 246 233
0.017551301047205925 0.02536090649664402 0.18199999630451202 245 247 234
0.017979254946112633 0.02536090649664402 0.18199999630451202 253 255 242
0.01840720698237419 0.02536090649664402 0.18199999630451202 254 255 243
0.018731672316789627 0.025221562013030052 0.1809999942779541 254 255 247
0.019157273694872856 0.025221562013030052 0.1809999942779541 254 255 247
0.019582876935601234 0.025221562013030052 0.1809999942779541 254 255 249
0.019897934049367905 0.025082215666770935 0.18000000715255737 254 255 249
0.020321184769272804 0.025082215666770935 0.18000000715255737 254 255 249
0.020744435489177704 0.025082215666770935 0.18000000715255737 254 255 249
0.021167688071727753 0.025082215666770935 0.18000000715255737 254 255 249
0.021590938791632652 0.025082215666770935 0.18000000715255737 254 255 249
0.022014189511537552 0.025082215666770935 0.18000000715255737 253 255 237
0.02243744023144245 0.025082215666770935 0.18000000715255737 222 224 206
0.02286069095134735 0.025082215666770935 0.18000000715255737 250 253 235
0.02328394167125225 0.025082215666770935 0.18000000715255737 254 255 239
0.02370719239115715 0.025082215666770935 0.18000000715255737 254 255 245
0.02413044311106205 0.025082215666770935 0.18000000715255737 254 255 245
0.02455369383096695 0.025082215666770935 0.18000000715255737 254 255 247
0.024976946413517 0.025082215666770935 0.18000000715255737 254 255 247
0.025400197133421898 0.025082215666770935 0.18000000715255737 254 255 245
0.025823447853326797 0.025082215666770935 0.18000000715255737 254 255 245
0.026246698573231697 0.025082215666770935 0.18000000715255737 253 255 240
0.026669949293136597 0.025082215666770935 0.18000000715255737 253 255 240
0.0272437185049057 0.025221562013030052 0.1809999942779541 253 251 230
0.02766931988298893 0.025221562013030052 0.1809999942779541 248 246 225
0.028094923123717308 0.025221562013030052 0.1809999942779541 238 231 210
0.028520524501800537 0.025221562013030052 0.1809999942779541 251 244 223
0.028946127742528915 0.025221562013030052 0.1809999942779541 254 255 236
0.029371729120612144 0.025221562013030052 0.1809999942779541 255 255 237
0.029797332361340523 0.025221562013030052 0.1809999942779541 254 255 245
0.030222933739423752 0.025221562013030052 0.1809999942779541 254 255 245
0.03064853698015213 0.025221562013030052 0.1809999942779541 254 255 247
0.03107413835823536 0.025221562013030052 0.1809999942779541 254 255 247
0.03149973973631859 0.025221562013030052 0.1809999942779541 254 255 249
0.03192534297704697 0.025221562013030052 0.1809999942779541 254 255 249
0.032350946217775345 0.025221562013030052 0.1809999942779541 254 255 245
0.03277654945850372 0.025221562013030052 0.1809999942779541 254 255 245
0.0332021489739418 0.025221562013030052 0.1809999942779541 248 247 232
0.03362775221467018 0.025221562013030052 0.1809999942779541 240 239 224
0.03405335545539856 0.025221562013030052 0.1809999942779541 255 255 237
0.03447895869612694 0.025221562013030052 0.1809999942779541 255 255 237
0.0350974015891552 0.02536090649664402 0.18199999630451202 254 255 243
0.035525355488061905 0.02536090649664402 0.18199999630451202 254 255 243
0.03595330938696861 0.02536090649664402 0.18199999630451202 254 255 247
0.03638126328587532 0.02536090649664402 0.18199999630451202 254 255 247
0.037011466920375824 0.025500252842903137 0.18299999833106995 254 255 249
0.03744177147746086 0.025500252842903137 0.18299999833106995 254 255 249
0.0378720760345459 0.025500252842903137 0.18299999833106995 254 255 249
0.03851168230175972 0.025639599189162254 0.18400000035762787 246 247 241
0.038944341242313385 0.025639599189162254 0.18400000035762787 242 228 222
0.03959100320935249 0.025778943672776222 0.1850000023841858 243 229 223
0.04002600908279419 0.025778943672776222 0.1850000023841858 243 227 222
0.040679726749658585 0.02591829001903534 0.1860000044107437 255 241 236
0.04111708700656891 0.02591829001903534 0.1860000044107437 255 254 247
0.041554443538188934 0.02591829001903534 0.1860000044107437 255 254 247
0.042217567563056946 0.026057634502649307 0.18700000643730164 254 255 249
0.0426572784781456 0.026057634502649307 0.18700000643730164 254 255 249
0.0433274544775486 0.026196980848908424 0.18799999356269836 254 255 251
0.04376951605081558 0.026196980848908424 0.18799999356269836 254 255 251
0.044211577624082565 0.026196980848908424 0.18799999356269836 255 251 249
0.04489115998148918 0.02633632719516754 0.1889999955892563 247 237 235
0.045335572212934494 0.02633632719516754 0.1889999955892563 237 209 206
0.0460222065448761 0.02647567167878151 0.1899999976158142 246 218 215
0.04646897315979004 0.02647567167878151 0.1899999976158142 253 222 222
0.04716266319155693 0.026615018025040627 0.19099999964237213 255 228 228
0.04786105453968048 0.026754364371299744 0.19200000166893005 255 233 235
0.04856415092945099 0.02689370885491371 0.19300000369548798 255 230 232
0.049271948635578156 0.02703305520117283 0.1940000057220459 245 202 208
0.04998445138335228 0.027172399684786797 0.19499999284744263 227 184 190
0.05070165544748306 0.027311746031045914 0.19599999487400055 238 182 195
0.051423560827970505 0.02745109237730503 0.19699999690055847 240 184 197
0.05188678577542305 0.02745109237730503 0.19699999690055847 255 201 217
0.05261574685573578 0.027590436860919 0.1979999989271164 255 214 230
0.05334940925240517 0.027729783207178116 0.19900000095367432 255 197 209
0.05408777669072151 0.027869129553437233 0.20000000298023224 255 195 207
0.006326030939817429 0.027205830439925194 0.19200000166893005 255 253 180
0.007191315293312073 0.027064133435487747 0.19099999964237213 255 248 187
0.007600429002195597 0.0269224364310503 0.1899999976158142 237 227 166
0.008004840463399887 0.026780739426612854 0.1889999955892563 255 255 222
0.008449253626167774 0.026780739426612854 0.1889999955892563 255 255 225
0.00884661078453064 0.026639042422175407 0.18799999356269836 254 255 243
0.009239264763891697 0.02649734541773796 0.18700000643730164 254 255 243
0.00967897567898035 0.02649734541773796 0.18700000643730164 254 255 249
0.01006457582116127 0.026355648413300514 0.1860000044107437 254 255 249
0.01050193514674902 0.026355648413300514 0.1860000044107437 254 255 249
0.010939294472336769 0.026355648413300514 0.1860000044107437 254 255 249
0.011315489187836647 0.026213951408863068 0.1850000023841858 254 255 251
0.011750496923923492 0.026213951408863068 0.1850000023841858 254 255 251
0.012185504660010338 0.026213951408863068 0.1850000023841858 254 255 251
0.012620512396097183 0.026213951408863068 0.1850000023841858 254 255 251
0.013055521063506603 0.026213951408863068 0.1850000023841858 254 255 251
0.013490528799593449 0.026213951408863068 0.1850000023841858 254 255 251
0.013925536535680294 0.026213951408863068 0.1850000023841858 254 255 251
0.01436054427176714 0.026213951408863068 0.1850000023841858 254 255 251
0.014795552007853985 0.026213951408863068 0.1850000023841858 254 255 251
0.015148232690989971 0.02607225440442562 0.18400000035762787 254 255 251
0.015580888837575912 0.02607225440442562 0.18400000035762787 254 255 251
0.01592651568353176 0.025930557399988174 0.18299999833106995 254 255 251
0.0163568202406168 0.025930557399988174 0.18299999833106995 254 255 249
0.016787126660346985 0.025930557399988174 0.18299999833106995 254 255 249
0.017123347148299217 0.025788860395550728 0.18199999630451202 253 255 233
0.017551301047205925 0.025788860395550728 0.18199999630451202 250 253 230
0.017979254946112633 0.025788860395550728 0.18199999630451202 254 255 239
0.01840720698237419 0.025788860395550728 0.18199999630451202 254 255 239
0.018731672316789627 0.02564716339111328 0.1809999942779541 254 255 247
0.019157273694872856 0.02564716339111328 0.1809999942779541 254 255 247
0.019582876935601234 0.02564716339111328 0.1809999942779541 254 255 249
0.020008478313684464 0.02564716339111328 0.1809999942779541 254 255 249
0.020321184769272804 0.025505466386675835 0.18000000715255737 254 255 249
0.020744435489177704 0.025505466386675835 0.18000000715255737 254 255 249
0.021167688071727753 0.025505466386675835 0.18000000715255737 254 255 245
0.021590938791632652 0.025505466386675835 0.18000000715255737 254 255 245
0.022014189511537552 0.025505466386675835 0.18000000715255737 255 253 228
0.02243744023144245 0.025505466386675835 0.18000000715255737 210 206 181
0.02286069095134735 0.025505466386675835 0.18000000715255737 233 234 207
0.02328394167125225 0.025505466386675835 0.18000000715255737 255 255 231
0.02370719239115715 0.025505466386675835 0.18000000715255737 254 255 241
0.02413044311106205 0.025505466386675835 0.18000000715255737 254 255 241
0.02455369383096695 0.025505466386675835 0.18000000715255737 254 255 243
0.024976946413517 0.025505466386675835 0.18000000715255737 253 255 242
0.025400197133421898 0.025505466386675835 0.18000000715255737 253 255 240
0.025823447853326797 0.025505466386675835 0.18000000715255737 253 255 240
0.026246698573231697 0.025505466386675835 0.18000000715255737 253 255 234
0.026669949293136597 0.025505466386675835 0.18000000715255737 253 255 234
0.0272437185049057 0.02564716339111328 0.1809999942779541 249 248 222
0.02766931988298893 0.02564716339111328 0.1809999942779541 229 228 202
0.028094923123717308 0.02564716339111328 0.1809999942779541 233 221 194
0.028520524501800537 0.02564716339111328 0.1809999942779541 248 236 209
0.028946127742528915 0.02564716339111328 0.1809999942779541 255 255 231
0.029371729120612144 0.02564716339111328 0.1809999942779541 255 255 231
0.029797332361340523 0.02564716339111328 0.1809999942779541 254 255 239
0.030222933739423752 0.02564716339111328 0.1809999942779541 254 255 239
0.03064853698015213 0.02564716339111328 0.1809999942779541 254 255 245
0.03107413835823536 0.02564716339111328 0.1809999942779541 254 255 245
0.03149973973631859 0.02564716339111328 0.1809999942779541 254 255 245
0.03192534297704697 0.02564716339111328 0.1809999942779541 254 255 245
0.032350946217775345 0.02564716339111328 0.1809999942779541 254 255 242
0.03277654945850372 0.02564716339111328 0.1809999942779541 255 255 243
0.0332021489739418 0.02564716339111328 0.1809999942779541 242 237 219
0.03362775221467018 0.02564716339111328 0.1809999942779541 222 217 199
0.03405335545539856 0.02564716339111328 0.1809999942779541 255 253 227
0.03466944769024849 0.025788860395550728 0.18199999630451202 255 254 228
0.0350974015891552 0.025788860395550728 0.18199999630451202 254 255 239
0.035525355488061905 0.025788860395550728 0.18199999630451202 254 255 239
0.03595330938696861 0.025788860395550728 0.18199999630451202 254 255 247
0.03658116236329079 0.025930557399988174 0.18299999833106995 254 255 247
0.037011466920375824 0.025930557399988174 0.18299999833106995 254 255 249
0.03744177147746086 0.025930557399988174 0.18299999833106995 254 255 249
0.03807902708649635 0.02607225440442562 0.18400000035762787 255 255 249
0.03851168230175972 0.02607225440442562 0.18400000035762787 254 254 248
0.038944341242313385 0.02607225440442562 0.18400000035762787 247 228 222
0.03959100320935249 0.026213951408863068 0.1850000023841858 239 220 214
0.04002600908279419 0.026213951408863068 0.1850000023841858 250 224 220
0.040679726749658585 0.026355648413300514 0.1860000044107437 255 239 235
0.04111708700656891 0.026355648413300514 0.1860000044107437 255 253 247
0.041554443538188934 0.026355648413300514 0.1860000044107437 255 253 247
0.042217567563056946 0.02649734541773796 0.18700000643730164 254 255 247
0.0426572784781456 0.02649734541773796 0.18700000643730164 254 255 247
0.04309698939323425 0.02649734541773796 0.18700000643730164 254 255 249
0.043536700308322906 0.02649734541773796 0.18700000643730164 253 254 248
0.044211577624082565 0.026639042422175407 0.18799999356269836 255 250 248
0.04465363919734955 0.026639042422175407 0.18799999356269836 247 235 233
0.045335572212934494 0.026780739426612854 0.1889999955892563 238 207 205
0.045779984444379807 0.026780739426612854 0.1889999955892563 243 212 210
0.04646897315979004 0.0269224364310503 0.1899999976158142 255 222 217
0.04716266319155693 0.027064133435487747 0.19099999964237213 255 221 216
0.04786105453968048 0.027205830439925194 0.19200000166893005 255 222 219
0.04856415092945099 0.02734752744436264 0.19300000369548798 255 226 223
0.04901796951889992 0.02734752744436264 0.19300000369548798 251 203 207
0.04998445138335228 0.027630923315882683 0.19499999284744263 233 185 189
0.05070165544748306 0.02777262032032013 0.19599999487400055 242 180 188
0.051423560827970505 0.027914317324757576 0.19699999690055847 249 187 195
0.05188678577542305 0.027914317324757576 0.19699999690055847 254 192 204
0.05261574685573578 0.028056014329195023 0.1979999989271164 255 195 207
0.05334940925240517 0.02819771133363247 0.19900000095367432 255 185 197
0.05408777669072151 0.028339408338069916 0.20000000298023224 252 180 192
0.054558053612709045 0.028339408338069916 0.20000000298023224 255 176 186
0.006293082609772682 0.027513250708580017 0.19099999964237213 255 253 180
0.008004840463399887 0.027225153520703316 0.1889999955892563 254 249 208
0.008449253626167774 0.027225153520703316 0.1889999955892563 255 255 217
0.00884661078453064 0.02708110585808754 0.18799999356269836 254 255 241
0.009239264763891697 0.026937056332826614 0.18700000643730164 254 255 241
0.00967897567898035 0.026937056332826614 0.18700000643730164 254 255 247
0.01006457582116127 0.02679300867021084 0.1860000044107437 254 255 247
0.01050193514674902 0.02679300867021084 0.1860000044107437 254 255 249
0.010880481451749802 0.026648959144949913 0.1850000023841858 254 255 249
0.011315489187836647 0.026648959144949913 0.1850000023841858 254 255 249
0.011750496923923492 0.026648959144949913 0.1850000023841858 254 255 249
0.012251372449100018 0.02679300867021084 0.1860000044107437 254 255 247
0.012688731774687767 0.02679300867021084 0.1860000044107437 247 249 240
0.013055521063506603 0.026648959144949913 0.1850000023841858 250 252 243
0.013490528799593449 0.026648959144949913 0.1850000023841858 254 255 247
0.013925536535680294 0.026648959144949913 0.1850000023841858 254 255 249
0.01436054427176714 0.026648959144949913 0.1850000023841858 254 255 249
0.01471557654440403 0.026504911482334137 0.18400000035762787 254 255 249
0.015148232690989971 0.026504911482334137 0.18400000035762787 254 255 249
0.015580888837575912 0.026504911482334137 0.18400000035762787 254 255 249
0.01592651568353176 0.02636086381971836 0.18299999833106995 254 255 249
0.0163568202406168 0.02636086381971836 0.18299999833106995 254 255 241
0.016787126660346985 0.02636086381971836 0.18299999833106995 253 255 240
0.017217431217432022 0.02636086381971836 0.18299999833106995 252 247 214
0.017551301047205925 0.026216814294457436 0.18199999630451202 217 212 179
0.017979254946112633 0.026216814294457436 0.18199999630451202 253 255 233
0.01840720698237419 0.026216814294457436 0.18199999630451202 255 255 235
0.018731672316789627 0.02607276663184166 0.1809999942779541 254 255 245
0.019157273694872856 0.02607276663184166 0.1809999942779541 254 255 245
0.019582876935601234 0.02607276663184166 0.1809999942779541 254 255 247
0.020008478313684464 0.02607276663184166 0.1809999942779541 254 255 247
0.020434081554412842 0.02607276663184166 0.1809999942779541 254 255 245
0.020744435489177704 0.025928717106580734 0.18000000715255737 254 255 245
0.021167688071727753 0.025928717106580734 0.18000000715255737 254 255 236
0.021590938791632652 0.025928717106580734 0.18000000715255737 254 255 236
0.022014189511537552 0.025928717106580734 0.18000000715255737 250 240 212
0.02243744023144245 0.025928717106580734 0.18000000715255737 208 198 170
0.02286069095134735 0.025928717106580734 0.18000000715255737 208 201 168
0.02328394167125225 0.025928717106580734 0.18000000715255737 255 255 223
0.02370719239115715 0.025928717106580734 0.18000000715255737 255 255 233
0.02413044311106205 0.025928717106580734 0.18000000715255737 255 255 233
0.02455369383096695 0.025928717106580734 0.18000000715255737 255 255 237
0.024976946413517 0.025928717106580734 0.18000000715255737 254 255 236
0.025400197133421898 0.025928717106580734 0.18000000715255737 253 255 235
0.025823447853326797 0.025928717106580734 0.18000000715255737 253 255 235
0.026246698573231697 0.025928717106580734 0.18000000715255737 253 255 231
0.026669949293136597 0.025928717106580734 0.18000000715255737 254 255 232
0.0272437185049057 0.02607276663184166 0.1809999942779541 255 249 223
0.02766931988298893 0.02607276663184166 0.1809999942779541 221 206 180
0.028094923123717308 0.02607276663184166 0.1809999942779541 221 190 163
0.028520524501800537 0.02607276663184166 0.1809999942779541 232 201 174
0.028946127742528915 0.02607276663184166 0.1809999942779541 255 253 217
0.029371729120612144 0.02607276663184166 0.1809999942779541 255 255 219
0.029797332361340523 0.02607276663184166 0.1809999942779541 254 255 230
0.030222933739423752 0.02607276663184166 0.1809999942779541 255 255 231
0.03064853698015213 0.02607276663184166 0.1809999942779541 254 255 237
0.03107413835823536 0.02607276663184166 0.1809999942779541 254 255 237
0.03149973973631859 0.02607276663184166 0.1809999942779541 254 255 241
0.03192534297704697 0.02607276663184166 0.1809999942779541 254 255 241
0.032350946217775345 0.02607276663184166 0.1809999942779541 255 255 241
0.03277654945850372 0.02607276663184166 0.1809999942779541 251 248 234
0.0332021489739418 0.02607276663184166 0.1809999942779541 223 206 188
0.03362775221467018 0.02607276663184166 0.1809999942779541 214 197 179
0.03424149379134178 0.026216814294457436 0.18199999630451202 248 236 205
0.03466944769024849 0.026216814294457436 0.18199999630451202 255 253 222
0.0350974015891552 0.026216814294457436 0.18199999630451202 254 255 234
0.035525355488061905 0.026216814294457436 0.18199999630451202 255 255 235
0.03595330938696861 0.026216814294457436 0.18199999630451202 254 255 245
0.03658116236329079 0.02636086381971836 0.18299999833106995 254 255 245
0.037011466920375824 0.02636086381971836 0.18299999833106995 254 255 249
0.03744177147746086 0.02636086381971836 0.18299999833106995 254 255 249
0.03807902708649635 0.026504911482334137 0.18400000035762787 255 255 247
0.03851168230175972 0.026504911482334137 0.18400000035762787 243 244 235
0.038944341242313385 0.026504911482334137 0.18400000035762787 245 224 219
0.03959100320935249 0.026648959144949913 0.1850000023841858 231 210 205
0.04002600908279419 0.026648959144949913 0.1850000023841858 239 206 205
0.040461018681526184 0.026648959144949913 0.1850000023841858 246 213 212
0.04111708700656891 0.02679300867021084 0.1860000044107437 255 238 235
0.041554443538188934 0.02679300867021084 0.1860000044107437 255 248 245
0.04199180379509926 0.02679300867021084 0.1860000044107437 255 255 247
0.0426572784781456 0.026937056332826614 0.18700000643730164 255 255 247
0.04309698939323425 0.026937056332826614 0.18700000643730164 255 255 247
0.043536700308322906 0.026937056332826614 0.18700000643730164 248 249 240
0.044211577624082565 0.02708110585808754 0.18799999356269836 254 239 238
0.04465363919734955 0.02708110585808754 0.18799999356269836 234 219 218
0.04509570077061653 0.02708110585808754 0.18799999356269836 229 193 193
0.045779984444379807 0.027225153520703316 0.1889999955892563 231 195 195
0.04646897315979004 0.027369201183319092 0.1899999976158142 255 218 215
0.04691573604941368 0.027369201183319092 0.1899999976158142 255 216 213
0.0476117804646492 0.027513250708580017 0.19099999964237213 255 218 211
0.04831252247095108 0.027657298371195793 0.19200000166893005 252 214 207
0.04901796951889992 0.02780134789645672 0.19300000369548798 253 205 199
0.049728117883205414 0.027945395559072495 0.1940000057220459 242 194 188
0.05044297128915787 0.02808944508433342 0.19499999284744263 241 176 176
0.05116252601146698 0.028233492746949196 0.19599999487400055 255 195 195
0.05188678577542305 0.028377540409564972 0.19699999690055847 255 191 198
0.05261574685573578 0.028521589934825897 0.1979999989271164 252 181 188
0.05334940925240517 0.028665637597441673 0.19900000095367432 255 176 184
0.008004840463399887 0.027669567614793777 0.1889999955892563 227 201 159
0.008404549211263657 0.027523167431354523 0.18799999356269836 255 247 205
0.00884661078453064 0.027523167431354523 0.18799999356269836 255 255 237
0.009239264763891697 0.027376767247915268 0.18700000643730164 255 255 237
0.00967897567898035 0.027376767247915268 0.18700000643730164 254 255 245
0.01006457582116127 0.027230367064476013 0.1860000044107437 254 255 245
0.010445472784340382 0.027083968743681908 0.1850000023841858 254 255 243
0.010880481451749802 0.027083968743681908 0.1850000023841858 254 255 243
0.011315489187836647 0.027083968743681908 0.1850000023841858 254 255 237
0.011750496923923492 0.027083968743681908 0.1850000023841858 254 255 237
0.012185504660010338 0.027083968743681908 0.1850000023841858 255 255 235
0.012620512396097183 0.027083968743681908 0.1850000023841858 253 251 230
0.013055521063506603 0.027083968743681908 0.1850000023841858 243 243 223
0.013490528799593449 0.027083968743681908 0.1850000023841858 255 255 237
0.013925536535680294 0.027083968743681908 0.1850000023841858 254 255 241
0.014282919466495514 0.026937568560242653 0.18400000035762787 254 255 241
0.01471557654440403 0.026937568560242653 0.18400000035762787 252 255 243
0.015148232690989971 0.026937568560242653 0.18400000035762787 252 255 243
0.01549621019512415 0.026791168376803398 0.18299999833106995 252 255 241
0.01592651568353176 0.026791168376803398 0.18299999833106995 252 255 241
0.0163568202406168 0.026791168376803398 0.18299999833106995 254 255 226
0.016787126660346985 0.026791168376803398 0.18299999833106995 254 255 226
0.017123347148299217 0.026644768193364143 0.18199999630451202 254 242 197
0.017551301047205925 0.026644768193364143 0.18199999630451202 209 197 152
0.017979254946112633 0.026644768193364143 0.18199999630451202 253 253 220
0.01840720698237419 0.026644768193364143 0.18199999630451202 255 255 225
0.018731672316789627 0.02649836800992489 0.1809999942779541 254 255 235
0.019157273694872856 0.02649836800992489 0.1809999942779541 254 255 235
0.019582876935601234 0.02649836800992489 0.1809999942779541 252 255 239
0.020008478313684464 0.02649836800992489 0.1809999942779541 252 255 239
0.020434081554412842 0.02649836800992489 0.1809999942779541 251 255 234
0.02085968293249607 0.02649836800992489 0.1809999942779541 251 255 234
0.02128528617322445 0.02649836800992489 0.1809999942779541 255 255 228
0.021710887551307678 0.02649836800992489 0.1809999942779541 255 255 229
0.022014189511537552 0.026351967826485634 0.18000000715255737 250 229 198
0.02243744023144245 0.026351967826485634 0.18000000715255737 204 183 152
0.02286069095134735 0.026351967826485634 0.18000000715255737 197 177 139
0.02328394167125225 0.026351967826485634 0.18000000715255737 255 253 215
0.02370719239115715 0.026351967826485634 0.18000000715255737 255 255 217
0.0242645014077425 0.02649836800992489 0.1809999942779541 255 255 219
0.02469010464847088 0.02649836800992489 0.1809999942779541 254 255 228
0.024976946413517 0.026351967826485634 0.18000000715255737 254 255 228
0.025400197133421898 0.026351967826485634 0.18000000715255737 253 255 231
0.025823447853326797 0.026351967826485634 0.18000000715255737 253 255 231
0.026246698573231697 0.026351967826485634 0.18000000715255737 255 254 229
0.026818115264177322 0.02649836800992489 0.1809999942779541 255 244 219
0.0272437185049057 0.02649836800992489 0.1809999942779541 255 235 211
0.02766931988298893 0.02649836800992489 0.1809999942779541 228 196 172
0.028094923123717308 0.02649836800992489 0.1809999942779541 211 165 136
0.028520524501800537 0.02649836800992489 0.1809999942779541 228 182 153
0.028946127742528915 0.02649836800992489 0.1809999942779541 255 235 198
0.029371729120612144 0.02649836800992489 0.1809999942779541 255 239 202
0.029797332361340523 0.02649836800992489 0.1809999942779541 255 253 220
0.030222933739423752 0.02649836800992489 0.1809999942779541 255 254 221
0.03064853698015213 0.02649836800992489 0.1809999942779541 255 255 228
0.03107413835823536 0.02649836800992489 0.1809999942779541 251 250 222
0.03149973973631859 0.02649836800992489 0.1809999942779541 254 252 229
0.03192534297704697 0.02649836800992489 0.1809999942779541 242 240 217
0.032350946217775345 0.02649836800992489 0.1809999942779541 255 250 236
0.03277654945850372 0.02649836800992489 0.1809999942779541 255 239 225
0.033385589718818665 0.026644768193364143 0.18199999630451202 220 187 170
0.033813539892435074 0.026644768193364143 0.18199999630451202 211 178 161
0.03424149379134178 0.026644768193364143 0.18199999630451202 251 219 187
0.03466944769024849 0.026644768193364143 0.18199999630451202 255 248 216
0.0350974015891552 0.026644768193364143 0.18199999630451202 255 255 227
0.035525355488061905 0.026644768193364143 0.18199999630451202 255 255 227
0.03615085408091545 0.026791168376803398 0.18299999833106995 254 255 237
0.03658116236329079 0.026791168376803398 0.18299999833106995 254 255 237
0.037011466920375824 0.026791168376803398 0.18299999833106995 254 255 245
0.03744177147746086 0.026791168376803398 0.18299999833106995 254 255 245
0.03807902708649635 0.026937568560242653 0.18400000035762787 255 250 241
0.03851168230175972 0.026937568560242653 0.18400000035762787 253 244 235
0.038944341242313385 0.026937568560242653 0.18400000035762787 255 234 230
0.03959100320935249 0.027083968743681908 0.1850000023841858 243 211 207
0.04002600908279419 0.027083968743681908 0.1850000023841858 241 199 196
0.040461018681526184 0.027083968743681908 0.1850000023841858 243 201 198
0.04089602455496788 0.027083968743681908 0.1850000023841858 240 203 200
0.041554443538188934 0.027230367064476013 0.1860000044107437 255 228 225
0.04199180379509926 0.027230367064476013 0.1860000044107437 255 246 243
0.04242916405200958 0.027230367064476013 0.1860000044107437 255 245 242
0.04309698939323425 0.027376767247915268 0.18700000643730164 255 252 245
0.043536700308322906 0.027376767247915268 0.18700000643730164 255 252 245
0.04397641122341156 0.027376767247915268 0.18700000643730164 255 242 243
0.04465363919734955 0.027523167431354523 0.18799999356269836 252 219 220
0.04509570077061653 0.027523167431354523 0.18799999356269836 242 191 193
0.045779984444379807 0.027669567614793777 0.1889999955892563 242 191 193
0.04622440040111542 0.027669567614793777 0.1889999955892563 255 205 208
0.04691573604941368 0.027815967798233032 0.1899999976158142 255 207 210
0.0476117804646492 0.027962366119027138 0.19099999964237213 255 219 216
0.04831252247095108 0.028108766302466393 0.19200000166893005 255 216 213
0.04901796951889992 0.028255166485905647 0.19300000369548798 255 204 203
0.049728117883205414 0.028401566669344902 0.1940000057220459 255 191 190
0.05188678577542305 0.028840765357017517 0.19699999690055847 255 180 181
0.05334940925240517 0.029133565723896027 0.19900000095367432 255 177 185
0.008404549211263657 0.027965229004621506 0.18799999356269836 255 242 192
0.00884661078453064 0.027965229004621506 0.18799999356269836 255 255 220
0.009239264763891697 0.02781647816300392 0.18700000643730164 255 255 221
0.00962721649557352 0.027667727321386337 0.1860000044107437 255 255 233
0.010010465048253536 0.027518976479768753 0.1850000023841858 255 255 233
0.010445472784340382 0.027518976479768753 0.1850000023841858 255 255 227
0.010880481451749802 0.027518976479768753 0.1850000023841858 255 255 227
0.011315489187836647 0.027518976479768753 0.1850000023841858 255 254 217
0.011750496923923492 0.027518976479768753 0.1850000023841858 255 251 214
0.012185504660010338 0.027518976479768753 0.1850000023841858 255 239 202
0.012620512396097183 0.027518976479768753 0.1850000023841858 254 227 190
0.013055521063506603 0.027518976479768753 0.1850000023841858 254 234 198
0.013417607173323631 0.02737022377550602 0.18400000035762787 255 253 217
0.013850263319909573 0.02737022377550602 0.18400000035762787 255 254 223
0.014282919466495514 0.02737022377550602 0.18400000035762787 255 254 223
0.0146356001496315 0.027221472933888435 0.18299999833106995 255 255 227
0.015065905638039112 0.027221472933888435 0.18299999833106995 255 255 227
0.01549621019512415 0.027221472933888435 0.18299999833106995 255 255 225
0.01592651568353176 0.027221472933888435 0.18299999833106995 255 255 225
0.0162674393504858 0.02707272209227085 0.18199999630451202 255 254 210
0.01669539324939251 0.02707272209227085 0.18199999630451202 255 255 211
0.017979254946112633 0.02707272209227085 0.18199999630451202 239 212 175
0.01840720698237419 0.02707272209227085 0.18199999630451202 255 250 213
0.018731672316789627 0.026923971250653267 0.1809999942779541 255 255 225
0.019157273694872856 0.026923971250653267 0.1809999942779541 255 255 225
0.019582876935601234 0.026923971250653267 0.1809999942779541 255 255 225
0.020008478313684464 0.026923971250653267 0.1809999942779541 255 255 224
0.020434081554412842 0.026923971250653267 0.1809999942779541 255 255 218
0.02085968293249607 0.026923971250653267 0.1809999942779541 255 255 219
0.02128528617322445 0.026923971250653267 0.1809999942779541 255 249 212
0.021710887551307678 0.026923971250653267 0.1809999942779541 255 250 213
0.022136490792036057 0.026923971250653267 0.1809999942779541 255 219 184
0.023413296788930893 0.026923971250653267 0.1809999942779541 255 241 202
0.02383890002965927 0.026923971250653267 0.1809999942779541 255 253 208
0.0242645014077425 0.026923971250653267 0.1809999942779541 255 253 208
0.02469010464847088 0.026923971250653267 0.1809999942779541 255 254 218
0.025115706026554108 0.026923971250653267 0.1809999942779541 255 255 219
0.025541309267282486 0.026923971250653267 0.1809999942779541 255 251 224
0.025966910645365715 0.026923971250653267 0.1809999942779541 255 250 223
0.026392513886094093 0.026923971250653267 0.1809999942779541 255 240 216
0.026818115264177322 0.026923971250653267 0.1809999942779541 255 238 214
0.0272437185049057 0.026923971250653267 0.1809999942779541 255 215 193
0.029371729120612144 0.026923971250653267 0.1809999942779541 255 238 205
0.029797332361340523 0.026923971250653267 0.1809999942779541 255 250 213
0.030222933739423752 0.026923971250653267 0.1809999942779541 255 247 210
0.03064853698015213 0.026923971250653267 0.1809999942779541 255 252 218
0.03107413835823536 0.026923971250653267 0.1809999942779541 255 243 209
0.03149973973631859 0.026923971250653267 0.1809999942779541 255 250 224
0.03192534297704697 0.026923971250653267 0.1809999942779541 255 243 217
0.032350946217775345 0.026923971250653267 0.1809999942779541 255 235 222
0.03295763581991196 0.02707272209227085 0.18199999630451202 255 218 205
0.03466944769024849 0.02707272209227085 0.18199999630451202 255 227 194
0.0350974015891552 0.02707272209227085 0.18199999630451202 255 246 215
0.035525355488061905 0.02707272209227085 0.18199999630451202 255 247 216
0.03615085408091545 0.027221472933888435 0.18299999833106995 255 251 227
0.03658116236329079 0.027221472933888435 0.18299999833106995 255 251 227
0.037011466920375824 0.027221472933888435 0.18299999833106995 255 249 236
0.03744177147746086 0.027221472933888435 0.18299999833106995 255 250 237
0.03807902708649635 0.02737022377550602 0.18400000035762787 255 245 235
0.03851168230175972 0.02737022377550602 0.18400000035762787 255 240 230
0.038944341242313385 0.02737022377550602 0.18400000035762787 255 222 218
0.03959100320935249 0.027518976479768753 0.1850000023841858 255 207 203
0.04002600908279419 0.027518976479768753 0.1850000023841858 255 196 195
0.040461018681526184 0.027518976479768753 0.1850000023841858 255 198 197
0.04089602455496788 0.027518976479768753 0.1850000023841858 255 204 205
0.041554443538188934 0.027667727321386337 0.1860000044107437 255 220 221
0.04199180379509926 0.027667727321386337 0.1860000044107437 255 235 234
0.04242916405200958 0.027667727321386337 0.1860000044107437 255 235 234
0.04286652430891991 0.027667727321386337 0.1860000044107437 255 239 238
0.04330388084053993 0.027667727321386337 0.1860000044107437 255 236 235
0.04397641122341156 0.02781647816300392 0.18700000643730164 255 223 230
0.044416118413209915 0.02781647816300392 0.18700000643730164 255 211 218
0.04509570077061653 0.027965229004621506 0.18799999356269836 255 183 195
0.045537762343883514 0.027965229004621506 0.18799999356269836 255 177 189
0.04622440040111542 0.02811397984623909 0.1889999955892563 255 187 201
0.04691573604941368 0.028262732550501823 0.1899999976158142 255 197 211
0.0476117804646492 0.028411483392119408 0.19099999964237213 255 196 204
0.04831252247095108 0.028560234233736992 0.19200000166893005 255 194 202
0.04901796951889992 0.028708985075354576 0.19300000369548798 255 184 191
0.00884661078453064 0.02840729057788849 0.18799999356269836 238 213 166
0.009140449576079845 0.0279539842158556 0.1850000023841858 255 252 205
0.009523698128759861 0.027802880853414536 0.18400000035762787 255 247 203
0.009956354275345802 0.027802880853414536 0.18400000035762787 251 237 193
0.01033254899084568 0.027651777490973473 0.18299999833106995 255 234 191
0.010762854479253292 0.027651777490973473 0.18299999833106995 255 238 195
0.013417607173323631 0.027802880853414536 0.18400000035762787 255 229 182
0.013850263319909573 0.027802880853414536 0.18400000035762787 255 237 193
0.014205295592546463 0.027651777490973473 0.18299999833106995 255 237 193
0.0146356001496315 0.027651777490973473 0.18299999833106995 255 241 198
0.015065905638039112 0.027651777490973473 0.18299999833106995 255 241 198
0.01549621019512415 0.027651777490973473 0.18299999833106995 255 241 193
0.015839485451579094 0.02750067599117756 0.18199999630451202 255 241 193
0.0162674393504858 0.02750067599117756 0.18199999630451202 255 234 187
0.01830606907606125 0.027349572628736496 0.1809999942779541 255 229 196
0.018731672316789627 0.027349572628736496 0.1809999942779541 255 238 200
0.019157273694872856 0.027349572628736496 0.1809999942779541 255 238 200
0.019582876935601234 0.027349572628736496 0.1809999942779541 255 239 199
0.020008478313684464 0.027349572628736496 0.1809999942779541 255 238 198
0.020434081554412842 0.027349572628736496 0.1809999942779541 255 235 189
0.02085968293249607 0.027349572628736496 0.1809999942779541 255 239 193
0.02128528617322445 0.027349572628736496 0.1809999942779541 255 232 189
0.021710887551307678 0.027349572628736496 0.1809999942779541 255 222 179
0.02383890002965927 0.027349572628736496 0.1809999942779541 255 235 188
0.0242645014077425 0.027349572628736496 0.1809999942779541 255 235 188
0.02469010464847088 0.027349572628736496 0.1809999942779541 255 237 196
0.024976946413517 0.027198471128940582 0.18000000715255737 255 225 184
0.025400197133421898 0.027198471128940582 0.18000000715255737 255 204 179
0.025823447853326797 0.027198471128940582 0.18000000715255737 255 214 189
0.026246698573231697 0.027198471128940582 0.18000000715255737 255 197 180
0.029371729120612144 0.027349572628736496 0.1809999942779541 255 206 186
0.029797332361340523 0.027349572628736496 0.1809999942779541 255 226 199
0.030222933739423752 0.027349572628736496 0.1809999942779541 255 228 201
0.03064853698015213 0.027349572628736496 0.1809999942779541 255 230 202
0.03107413835823536 0.027349572628736496 0.1809999942779541 255 222 194
0.03149973973631859 0.027349572628736496 0.1809999942779541 255 222 199
0.03192534297704697 0.027349572628736496 0.1809999942779541 255 223 200
0.03252968192100525 0.02750067599117756 0.18199999630451202 255 212 197
0.03295763581991196 0.02750067599117756 0.18199999630451202 255 198 183
0.0350974015891552 0.02750067599117756 0.18199999630451202 255 214 185
0.035525355488061905 0.02750067599117756 0.18199999630451202 255 220 191
0.03595330938696861 0.02750067599117756 0.18199999630451202 255 221 194
0.03658116236329079 0.027651777490973473 0.18299999833106995 255 222 195
0.037011466920375824 0.027651777490973473 0.18299999833106995 255 212 197
0.03744177147746086 0.027651777490973473 0.18299999833106995 255 198 183
