0.007890259847044945 0.0034157561603933573 0.1289999932050705 195 195 173
0.007586929947137833 0.0037190858274698257 0.1289999932050705 211 215 194
0.0072836000472307205 0.0037190858274698257 0.1289999932050705 214 218 197
0.006980270612984896 0.0037190858274698257 0.1289999932050705 230 222 208
0.006676940713077784 0.004022415727376938 0.1289999932050705 243 237 222
0.0063736108131706715 0.00432574562728405 0.1289999932050705 212 198 179
0.005766951013356447 0.00432574562728405 0.1289999932050705 200 196 171
0.005421267356723547 0.00459319120272994 0.12800000607967377 243 243 219
0.005120289046317339 0.00459319120272994 0.12800000607967377 240 244 223
0.004819310735911131 0.00459319120272994 0.12800000607967377 243 247 226
0.00448303297162056 0.004557306878268719 0.12700000405311584 242 247 233
0.004184405785053968 0.004557306878268719 0.12700000405311584 240 245 231
0.003885778598487377 0.004557306878268719 0.12700000405311584 236 241 229
0.0035871516447514296 0.004557306878268719 0.12700000405311584 235 240 228
0.003288524691015482 0.004557306878268719 0.12700000405311584 232 234 223
0.0029898975044488907 0.00485593406483531 0.12700000405311584 251 255 244
0.002691270550712943 0.00485593406483531 0.12700000405311584 251 255 248
0.0023926435969769955 0.00485593406483531 0.12700000405311584 250 254 247
0.002094016410410404 0.00485593406483531 0.12700000405311584 241 255 255
0.0017953893402591348 0.00485593406483531 0.12700000405311584 223 237 239
0.0014967623865231872 0.005154560785740614 0.12700000405311584 198 218 215
-0.009096210822463036 0.005539064761251211 0.1289999932050705 246 253 255
-0.009399540722370148 0.005842394661158323 0.1289999932050705 221 224 223
-0.00970287062227726 0.005842394661158323 0.1289999932050705 186 189 188
-0.010006200522184372 0.005842394661158323 0.1289999932050705 242 240 232
-0.010309530422091484 0.005842394661158323 0.1289999932050705 253 251 243
-0.010612860321998596 0.005842394661158323 0.1289999932050705 254 255 249
-0.011000811122357845 0.005582003388553858 0.12999999523162842 241 238 233
-0.011306492611765862 0.005582003388553858 0.12999999523162842 250 250 244
-0.011612174101173878 0.005276322364807129 0.12999999523162842 229 226 223
-0.012009531259536743 0.0053169094026088715 0.13099999725818634 246 244 232
-0.012625596486032009 0.0053169094026088715 0.13099999725818634 252 253 240
-0.013241661712527275 0.0053169094026088715 0.13099999725818634 253 255 246
-0.013446261174976826 0.005276322364807129 0.12999999523162842 243 245 236
-0.013751942664384842 0.005276322364807129 0.12999999523162842 228 228 228
-0.014057623222470284 0.005582003388553858 0.12999999523162842 235 236 230
-0.0143633047118783 0.005887684412300587 0.12999999523162842 240 242 233
-0.014781824313104153 0.00624100724235177 0.13099999725818634 252 254 245
-0.015089857392013073 0.006549039855599403 0.13099999725818634 250 249 234
-0.014781824313104153 0.006549039855599403 0.13099999725818634 254 255 247
-0.014473792165517807 0.00624100724235177 0.13099999725818634 254 255 247
-0.014057623222470284 0.005887684412300587 0.12999999523162842 253 254 248
-0.013751942664384842 0.005582003388553858 0.12999999523162842 253 254 248
-0.013446261174976826 0.005276322364807129 0.12999999523162842 243 245 236
-0.013241661712527275 0.0053169094026088715 0.13099999725818634 253 255 246
-0.012625596486032009 0.0053169094026088715 0.13099999725818634 252 253 240
-0.012009531259536743 0.0053169094026088715 0.13099999725818634 246 244 232
-0.011612174101173878 0.005276322364807129 0.12999999523162842 229 226 223
-0.011306492611765862 0.005582003388553858 0.12999999523162842 250 250 244
-0.011000811122357845 0.005582003388553858 0.12999999523162842 241 238 233
-0.010612860321998596 0.005842394661158323 0.1289999932050705 254 255 249
-0.010309530422091484 0.005842394661158323 0.1289999932050705 253 251 243
-0.010006200522184372 0.005842394661158323 0.1289999932050705 242 240 232
-0.00970287062227726 0.005842394661158323 0.1289999932050705 186 189 188
-0.009399540722370148 0.005842394661158323 0.1289999932050705 221 224 223
-0.009096210822463036 0.005842394661158323 0.1289999932050705 250 255 255
0.0014967623865231872 0.005154560785740614 0.12700000405311584 198 218 215
0.0017953893402591348 0.00485593406483531 0.12700000405311584 223 237 239
0.002094016410410404 0.00485593406483531 0.12700000405311584 241 255 255
0.0023926435969769955 0.00485593406483531 0.12700000405311584 250 254 247
0.002691270550712943 0.00485593406483531 0.12700000405311584 251 255 248
0.0029898975044488907 0.00485593406483531 0.12700000405311584 251 255 244
0.003288524691015482 0.004557306878268719 0.12700000405311584 232 234 223
0.0035871516447514296 0.004557306878268719 0.12700000405311584 235 240 228
0.003885778598487377 0.004557306878268719 0.12700000405311584 236 241 229
0.004184405785053968 0.004557306878268719 0.12700000405311584 240 245 231
0.00448303297162056 0.004557306878268719 0.12700000405311584 242 247 233
0.004819310735911131 0.00459319120272994 0.12800000607967377 243 247 226
0.005120289046317339 0.00459319120272994 0.12800000607967377 240 244 223
0.005421267356723547 0.00459319120272994 0.12800000607967377 243 243 219
0.005766951013356447 0.00432574562728405 0.1289999932050705 200 196 171
0.0063736108131706715 0.00432574562728405 0.1289999932050705 212 198 179
0.006676940713077784 0.00432574562728405 0.1289999932050705 243 237 222
0.006980270612984896 0.004022415727376938 0.1289999932050705 255 250 235
0.0072836000472307205 0.0037190858274698257 0.1289999932050705 214 218 197
0.007586929947137833 0.0037190858274698257 0.1289999932050705 211 215 194
0.007890259847044945 0.0034157561603933573 0.1289999932050705 195 195 173
0.008193589746952057 0.0034157561603933573 0.1289999932050705 193 193 171
0.008496919646859169 0.0034157561603933573 0.1289999932050705 177 180 157
0.008496919646859169 0.0034157561603933573 0.1289999932050705 177 180 157
0.008193589746952057 0.0034157561603933573 0.1289999932050705 193 193 171
