-0.006563245318830013 0.0014727887464687228 0.1469999998807907 217 227 213
-0.0069089001044631 0.0018184436485171318 0.1469999998807907 242 252 238
-0.007205204572528601 0.0021493767853826284 0.1459999978542328 248 255 250
-0.007548507768660784 0.0021493767853826284 0.1459999978542328 198 207 200
-0.008578418754041195 0.0021493767853826284 0.1459999978542328 206 231 222
-0.008921721950173378 0.0018060732400044799 0.1459999978542328 190 217 210
-0.009201566688716412 0.0017937029479071498 0.14499999582767487 200 227 205
-0.00954251829534769 0.0014527507591992617 0.14499999582767487 182 207 186
-0.009883470833301544 0.0014527507591992617 0.14499999582767487 188 211 188
-0.010224423371255398 0.0014527507591992617 0.14499999582767487 191 214 191
-0.010565374977886677 0.0014527507591992617 0.14499999582767487 189 212 189
-0.01090632751584053 0.0017937029479071498 0.14499999582767487 220 242 213
-0.01124727912247181 0.0017937029479071498 0.14499999582767487 220 243 220
-0.011588231660425663 0.0017937029479071498 0.14499999582767487 211 234 211
-0.011846913024783134 0.0021199332550168037 0.14399999380111694 239 255 238
-0.012185513973236084 0.0021199332550168037 0.14399999380111694 235 252 234
-0.012524114921689034 0.0024585339706391096 0.14399999380111694 247 255 242
-0.012862715870141983 0.0027971346862614155 0.14399999380111694 226 228 210
-0.013109640218317509 0.002777710324153304 0.14300000667572021 180 176 165
-0.013445889577269554 0.0031139596831053495 0.14300000667572021 235 234 219
-0.0137821389362216 0.0031139596831053495 0.14300000667572021 244 246 237
-0.014118388295173645 0.0031139596831053495 0.14300000667572021 245 247 238
-0.01445463765412569 0.0031139596831053495 0.14300000667572021 238 245 237
-0.014790887013077736 0.0031139596831053495 0.14300000667572021 236 243 235
-0.015127136372029781 0.0031139596831053495 0.14300000667572021 230 239 232
-0.015355250798165798 0.0034260815009474754 0.1420000046491623 252 255 247
-0.015689147636294365 0.0034260815009474754 0.1420000046491623 248 255 248
-0.016023047268390656 0.0034260815009474754 0.1420000046491623 242 251 242
-0.016356945037841797 0.0037599795032292604 0.1420000046491623 248 255 255
-0.016690842807292938 0.0037599795032292604 0.1420000046491623 249 255 255
-0.01702474057674408 0.0040938775055110455 0.1420000046491623 250 255 255
-0.01735863834619522 0.0040938775055110455 0.1420000046491623 243 249 251
-0.017692536115646362 0.0040938775055110455 0.1420000046491623 167 173 173
-0.017899487167596817 0.004065047483891249 0.14100000262260437 238 244 244
-0.01823103427886963 0.004065047483891249 0.14100000262260437 250 255 251
-0.01856258139014244 0.004065047483891249 0.14100000262260437 250 255 251
-0.018894126638770103 0.003733500838279724 0.14100000262260437 243 248 236
-0.019225673750042915 0.004065047483891249 0.14100000262260437 249 255 250
-0.019557220861315727 0.004065047483891249 0.14100000262260437 244 255 248
-0.019747711718082428 0.004036217462271452 0.14000000059604645 246 255 250
-0.02007690630853176 0.004036217462271452 0.14000000059604645 248 255 250
-0.020735297352075577 0.0043654125183820724 0.14000000059604645 249 255 255
-0.02106449194252491 0.0043654125183820724 0.14000000059604645 249 255 255
-0.021393688395619392 0.0043654125183820724 0.14000000059604645 247 255 255
-0.021722882986068726 0.004694607574492693 0.14000000059604645 249 255 255
-0.02320423163473606 0.0047281403094530106 0.14100000262260437 207 211 206
-0.023535778746008873 0.0047281403094530106 0.14100000262260437 241 244 243
-0.023867325857281685 0.0047281403094530106 0.14100000262260437 249 252 251
-0.024198872968554497 0.0047281403094530106 0.14100000262260437 247 253 253
-0.02470439299941063 0.0047616735100746155 0.1420000046491623 247 253 253
-0.02503829076886177 0.0047616735100746155 0.1420000046491623 237 254 255
-0.025372188538312912 0.0047616735100746155 0.1420000046491623 234 251 252
-0.025706086307764053 0.005095571279525757 0.1420000046491623 245 255 255
-0.026039985939860344 0.005095571279525757 0.1420000046491623 246 255 255
-0.026373883709311485 0.005095571279525757 0.1420000046491623 246 255 255
-0.026707781478762627 0.0054294695146381855 0.1420000046491623 250 255 254
-0.027232112362980843 0.005467704962939024 0.14300000667572021 254 253 255
-0.027568362653255463 0.005803954321891069 0.14300000667572021 248 254 254
-0.027568362653255463 0.006140203680843115 0.14300000667572021 250 255 254
-0.027904611080884933 0.00647645303979516 0.14300000667572021 229 234 224
-0.028240861371159554 0.00647645303979516 0.14300000667572021 193 198 188
-0.028577109798789024 0.00647645303979516 0.14300000667572021 233 235 222
-0.028913360089063644 0.00647645303979516 0.14300000667572021 244 246 233
-0.029249608516693115 0.00647645303979516 0.14300000667572021 250 253 237
-0.029585858806967735 0.00647645303979516 0.14300000667572021 254 255 241
-0.029922107234597206 0.00647645303979516 0.14300000667572021 251 255 242
-0.030469954013824463 0.006521742790937424 0.14399999380111694 250 255 241
-0.030808554962277412 0.006521742790937424 0.14399999380111694 251 255 242
-0.031147155910730362 0.006521742790937424 0.14399999380111694 252 255 243
-0.03148575499653816 0.006521742790937424 0.14399999380111694 249 251 240
-0.03182435780763626 0.006860343739390373 0.14399999380111694 250 254 247
-0.03216295689344406 0.007198944687843323 0.14399999380111694 250 254 247
-0.03216295689344406 0.007537545170634985 0.14399999380111694 250 255 249
-0.03182435780763626 0.007198944687843323 0.14399999380111694 252 255 251
-0.03148575499653816 0.006860343739390373 0.14399999380111694 252 255 249
-0.031147155910730362 0.006521742790937424 0.14399999380111694 252 255 243
-0.030808554962277412 0.006521742790937424 0.14399999380111694 251 255 242
-0.030469954013824463 0.006521742790937424 0.14399999380111694 250 255 241
-0.029922107234597206 0.00647645303979516 0.14300000667572021 251 255 242
-0.029585858806967735 0.00647645303979516 0.14300000667572021 254 255 241
-0.029249608516693115 0.00647645303979516 0.14300000667572021 250 253 237
-0.028913360089063644 0.00647645303979516 0.14300000667572021 244 246 233
-0.028577109798789024 0.00647645303979516 0.14300000667572021 233 235 222
-0.028240861371159554 0.00647645303979516 0.14300000667572021 193 198 188
-0.027904611080884933 0.00647645303979516 0.14300000667572021 229 234 224
-0.027568362653255463 0.00647645303979516 0.14300000667572021 249 255 253
-0.027568362653255463 0.006140203680843115 0.14300000667572021 250 255 254
-0.027232112362980843 0.005803954321891069 0.14300000667572021 250 255 255
-0.026707781478762627 0.0054294695146381855 0.1420000046491623 250 255 254
-0.026373883709311485 0.0054294695146381855 0.1420000046491623 249 255 253
-0.026039985939860344 0.005095571279525757 0.1420000046491623 246 255 255
-0.025706086307764053 0.005095571279525757 0.1420000046491623 245 255 255
-0.025372188538312912 0.0047616735100746155 0.1420000046491623 234 251 252
-0.02503829076886177 0.0047616735100746155 0.1420000046491623 237 254 255
-0.02470439299941063 0.0047616735100746155 0.1420000046491623 247 253 253
-0.024198872968554497 0.0047281403094530106 0.14100000262260437 247 253 253
-0.023867325857281685 0.0047281403094530106 0.14100000262260437 249 252 251
-0.023535778746008873 0.0047281403094530106 0.14100000262260437 241 244 243
-0.02320423163473606 0.0047281403094530106 0.14100000262260437 207 211 206
-0.021722882986068726 0.004694607574492693 0.14000000059604645 249 255 255
-0.021393688395619392 0.0043654125183820724 0.14000000059604645 247 255 255
-0.02106449194252491 0.0043654125183820724 0.14000000059604645 249 255 255
-0.020735297352075577 0.0043654125183820724 0.14000000059604645 249 255 255
-0.02007690630853176 0.004036217462271452 0.14000000059604645 248 255 250
-0.019747711718082428 0.004036217462271452 0.14000000059604645 246 255 250
-0.019557220861315727 0.004065047483891249 0.14100000262260437 244 255 248
-0.019225673750042915 0.004065047483891249 0.14100000262260437 249 255 250
-0.018894126638770103 0.003733500838279724 0.14100000262260437 243 248 236
-0.01856258139014244 0.004065047483891249 0.14100000262260437 250 255 251
-0.01823103427886963 0.004065047483891249 0.14100000262260437 250 255 251
-0.017899487167596817 0.004065047483891249 0.14100000262260437 238 244 244
-0.017692536115646362 0.0040938775055110455 0.1420000046491623 167 173 173
-0.01735863834619522 0.0040938775055110455 0.1420000046491623 243 249 251
-0.01702474057674408 0.0040938775055110455 0.1420000046491623 250 255 255
-0.016690842807292938 0.0037599795032292604 0.1420000046491623 249 255 255
-0.016356945037841797 0.0037599795032292604 0.1420000046491623 248 255 255
-0.016023047268390656 0.0034260815009474754 0.1420000046491623 242 251 242
-0.015689147636294365 0.0034260815009474754 0.1420000046491623 248 255 248
-0.015355250798165798 0.0034260815009474754 0.1420000046491623 252 255 247
-0.015127136372029781 0.0031139596831053495 0.14300000667572021 230 239 232
-0.014790887013077736 0.0031139596831053495 0.14300000667572021 236 243 235
-0.01445463765412569 0.0031139596831053495 0.14300000667572021 238 245 237
-0.014118388295173645 0.0031139596831053495 0.14300000667572021 245 247 238
-0.0137821389362216 0.0031139596831053495 0.14300000667572021 244 246 237
-0.013445889577269554 0.0031139596831053495 0.14300000667572021 235 234 219
-0.013109640218317509 0.002777710324153304 0.14300000667572021 180 176 165
-0.012862715870141983 0.0027971346862614155 0.14399999380111694 226 228 210
-0.012524114921689034 0.0027971346862614155 0.14399999380111694 254 255 238
-0.012185513973236084 0.0024585339706391096 0.14399999380111694 249 255 245
-0.011846913024783134 0.0021199332550168037 0.14399999380111694 239 255 238
-0.011588231660425663 0.0017937029479071498 0.14499999582767487 211 234 211
-0.01124727912247181 0.0017937029479071498 0.14499999582767487 220 243 220
-0.01090632751584053 0.0017937029479071498 0.14499999582767487 220 242 213
-0.010565374977886677 0.0014527507591992617 0.14499999582767487 189 212 189
-0.010224423371255398 0.0014527507591992617 0.14499999582767487 191 214 191
-0.009883470833301544 0.0014527507591992617 0.14499999582767487 188 211 188
-0.00954251829534769 0.0014527507591992617 0.14499999582767487 182 207 186
-0.009201566688716412 0.0017937029479071498 0.14499999582767487 200 227 205
-0.008921721950173378 0.0021493767853826284 0.1459999978542328 212 237 228
-0.008578418754041195 0.002492680447176099 0.1459999978542328 215 239 225
-0.007548507768660784 0.0021493767853826284 0.1459999978542328 198 207 200
-0.007205204572528601 0.002492680447176099 0.1459999978542328 248 255 248
-0.0069089001044631 0.0021640986669808626 0.1469999998807907 250 255 247
-0.006563245318830013 0.0018184436485171318 0.1469999998807907 244 254 240
-0.006217590533196926 0.0014727887464687228 0.1469999998807907 203 218 200
