0.05607031285762787 0.022952057421207428 0.210999995470047 255 194 194
0.05656645819544792 0.022952057421207428 0.210999995470047 255 193 198
0.057062603533267975 0.022952057421207428 0.210999995470047 255 188 193
0.055047400295734406 0.023225942626595497 0.20900000631809235 255 195 201
0.0555388443171978 0.023225942626595497 0.20900000631809235 255 201 207
0.05629837140440941 0.023337071761488914 0.20999999344348907 255 197 205
0.056792162358760834 0.023337071761488914 0.20999999344348907 255 193 201
0.05728595703840256 0.023337071761488914 0.20999999344348907 255 189 200
0.05087129771709442 0.023603904992341995 0.20800000429153442 255 186 201
0.05136038735508919 0.023603904992341995 0.20800000429153442 237 168 183
0.05652172490954399 0.023717384785413742 0.20900000631809235 255 198 205
0.00695204408839345 0.02444048970937729 0.210999995470047 255 239 189
0.010117135010659695 0.02490381710231304 0.2150000035762787 245 215 181
0.010721500031650066 0.025135479867458344 0.21699999272823334 255 231 197
0.011749344877898693 0.02629379741847515 0.22699999809265137 255 239 220
0.01366380788385868 0.028031272813677788 0.24199999868869781 255 243 233
0.014232845976948738 0.028031272813677788 0.24199999868869781 255 236 226
0.014924212358891964 0.02826293557882309 0.24400000274181366 255 219 206
0.048193030059337616 0.023977162316441536 0.2070000022649765 255 195 196
0.04867976903915405 0.023977162316441536 0.2070000022649765 255 188 194
0.048928987234830856 0.02386133000254631 0.20600000023841858 254 186 192
0.049413375556468964 0.02386133000254631 0.20600000023841858 255 187 199
0.05013757571578026 0.023745499551296234 0.20499999821186066 229 162 174
0.050619613379240036 0.023745499551296234 0.20499999821186066 224 157 169
0.051101647317409515 0.023745499551296234 0.20499999821186066 214 145 156
0.05158368498086929 0.023745499551296234 0.20499999821186066 216 147 158
0.056740377098321915 0.02409299463033676 0.20800000429153442 255 189 194
0.05750460922718048 0.024208825081586838 0.20900000631809235 255 189 194
0.006027546711266041 0.023282069712877274 0.19699999690055847 255 245 186
0.006490771193057299 0.023282069712877274 0.19699999690055847 255 253 198
0.007024594582617283 0.023518435657024384 0.19900000095367432 255 253 198
0.013925536535680294 0.021863872185349464 0.1850000023841858 255 226 225
0.01436054427176714 0.021863872185349464 0.1850000023841858 255 232 231
0.014795552007853985 0.021863872185349464 0.1850000023841858 255 236 233
0.01523055974394083 0.021863872185349464 0.1850000023841858 255 236 233
0.03680921718478203 0.0215093232691288 0.18199999630451202 197 135 136
0.037237171083688736 0.0215093232691288 0.18199999630451202 179 117 118
0.04516652971506119 0.02340025268495083 0.1979999989271164 255 213 208
0.04586257040500641 0.023518435657024384 0.19900000095367432 255 221 220
0.04656331613659859 0.02363661862909794 0.20000000298023224 255 215 214
0.04703359305858612 0.02363661862909794 0.20000000298023224 247 181 186
0.04774139076471329 0.023754803463816643 0.20100000500679016 255 190 195
0.04821402207016945 0.023754803463816643 0.20100000500679016 255 200 208
0.0489288754761219 0.023872986435890198 0.20200000703334808 255 196 204
0.049403853714466095 0.023872986435890198 0.20200000703334808 224 161 167
0.050125762820243835 0.023991169407963753 0.2029999941587448 206 143 149
0.050603095442056656 0.023991169407963753 0.2029999941587448 203 139 148
0.051080428063869476 0.023991169407963753 0.2029999941587448 190 126 135
0.0515577606856823 0.023991169407963753 0.2029999941587448 197 129 137
0.05203509330749512 0.023991169407963753 0.2029999941587448 196 128 136
0.054475899785757065 0.024227535352110863 0.20499999821186066 255 186 196
0.05522602051496506 0.024345718324184418 0.20600000023841858 255 188 196
0.005507831461727619 0.0235042255371809 0.19499999284744263 255 251 191
0.0059969499707221985 0.023624761030077934 0.19599999487400055 255 250 190
0.006457822863012552 0.023624761030077934 0.19599999487400055 255 254 204
0.0069539956748485565 0.02374529466032982 0.19699999690055847 255 255 206
0.007454871200025082 0.023865830153226852 0.1979999989271164 236 214 177
0.007880444638431072 0.02374529466032982 0.19699999690055847 237 215 178
0.00817425549030304 0.023263156414031982 0.19300000369548798 246 223 191
0.008628074079751968 0.023263156414031982 0.19300000369548798 255 239 207
0.01143781840801239 0.022539949044585228 0.18700000643730164 255 255 243
0.011877529323101044 0.022539949044585228 0.18700000643730164 255 255 243
0.013563450425863266 0.022419415414333344 0.1860000044107437 255 244 234
0.013925536535680294 0.02229888178408146 0.1850000023841858 255 249 243
0.01436054427176714 0.02229888178408146 0.1850000023841858 255 249 243
0.014795552007853985 0.02229888178408146 0.1850000023841858 255 252 245
0.01523055974394083 0.02229888178408146 0.1850000023841858 255 252 245
0.02926597371697426 0.02205781266093254 0.18299999833106995 249 198 180
0.029696280136704445 0.02205781266093254 0.18299999833106995 255 217 199
0.030126584693789482 0.02205781266093254 0.18299999833106995 255 232 215
0.03055688925087452 0.02205781266093254 0.18299999833106995 255 238 221
0.030987193807959557 0.02205781266093254 0.18299999833106995 255 239 219
0.031245820224285126 0.021937277168035507 0.18199999630451202 255 239 219
0.031673774123191833 0.021937277168035507 0.18199999630451202 255 237 223
0.03210172802209854 0.021937277168035507 0.18199999630451202 255 231 217
0.03252968192100525 0.021937277168035507 0.18199999630451202 255 195 186
0.03595330938696861 0.021937277168035507 0.18199999630451202 255 220 205
0.03638126328587532 0.021937277168035507 0.18199999630451202 255 242 227
0.03680921718478203 0.021937277168035507 0.18199999630451202 255 249 239
0.037237171083688736 0.021937277168035507 0.18199999630451202 255 249 239
0.0378720760345459 0.02205781266093254 0.18299999833106995 255 232 233
0.04470095410943031 0.023865830153226852 0.1979999989271164 255 202 193
0.04516652971506119 0.023865830153226852 0.1979999989271164 255 201 192
0.04586257040500641 0.023986363783478737 0.19900000095367432 255 203 203
0.04656331613659859 0.02410689741373062 0.20000000298023224 255 212 212
0.04703359305858612 0.02410689741373062 0.20000000298023224 255 197 203
0.04774139076471329 0.024227432906627655 0.20100000500679016 254 191 197
0.04821402207016945 0.024227432906627655 0.20100000500679016 240 174 179
0.0489288754761219 0.02434796653687954 0.20200000703334808 240 174 179
0.04891470819711685 0.02410689741373062 0.20000000298023224 239 178 183
0.049384988844394684 0.02410689741373062 0.20000000298023224 239 178 183
0.050104543566703796 0.024227432906627655 0.20100000500679016 195 135 143
0.05057717114686966 0.024227432906627655 0.20100000500679016 207 147 155
0.05104980245232582 0.024227432906627655 0.20100000500679016 243 183 191
0.05177876353263855 0.02434796653687954 0.20200000703334808 244 184 192
0.05225374549627304 0.02434796653687954 0.20200000703334808 240 178 190
0.05272872745990753 0.02434796653687954 0.20200000703334808 236 174 186
0.05468984693288803 0.024589035660028458 0.20399999618530273 255 194 204
0.005507831461727619 0.023962747305631638 0.19499999284744263 255 254 191
0.005966353230178356 0.023962747305631638 0.19499999284744263 255 252 189
0.006424874998629093 0.023962747305631638 0.19499999284744263 255 255 213
0.00688339676707983 0.023962747305631638 0.19499999284744263 255 255 214
0.007341918535530567 0.023962747305631638 0.19499999284744263 255 250 222
0.007720435969531536 0.02371697500348091 0.19300000369548798 229 219 191
0.008089547976851463 0.023471204563975334 0.19099999964237213 239 233 209
0.008493958972394466 0.02334831841289997 0.1899999976158142 255 254 230
0.008893667720258236 0.023225432261824608 0.1889999955892563 255 255 237
0.009288673289120197 0.023102546110749245 0.18799999356269836 255 255 237
0.00973073486238718 0.023102546110749245 0.18799999356269836 254 255 247
0.010118686594069004 0.02297965995967388 0.18700000643730164 254 255 247
0.010558397509157658 0.02297965995967388 0.18700000643730164 254 255 249
0.010998107492923737 0.02297965995967388 0.18700000643730164 254 255 249
0.011376653797924519 0.02285677380859852 0.1860000044107437 254 255 249
0.011814013123512268 0.02285677380859852 0.1860000044107437 254 255 249
0.012251372449100018 0.02285677380859852 0.1860000044107437 255 255 247
0.012688731774687767 0.02285677380859852 0.1860000044107437 255 255 247
0.013126091100275517 0.02285677380859852 0.1860000044107437 255 253 244
0.013563450425863266 0.02285677380859852 0.1860000044107437 255 254 245
0.013925536535680294 0.022733889520168304 0.1850000023841858 255 255 247
0.01436054427176714 0.022733889520168304 0.1850000023841858 255 255 247
0.014795552007853985 0.022733889520168304 0.1850000023841858 255 254 249
0.015148232690989971 0.02261100336909294 0.18400000035762787 255 254 249
0.015580888837575912 0.02261100336909294 0.18400000035762787 255 254 249
0.01592651568353176 0.022488117218017578 0.18299999833106995 255 254 249
0.0163568202406168 0.022488117218017578 0.18299999833106995 255 254 245
0.020744435489177704 0.02211945876479149 0.18000000715255737 255 246 212
0.021167688071727753 0.02211945876479149 0.18000000715255737 255 241 216
0.025541309267282486 0.022242344915866852 0.1809999942779541 170 102 110
0.025966910645365715 0.022242344915866852 0.1809999942779541 166 98 106
0.02867809683084488 0.022365231066942215 0.18199999630451202 255 242 214
0.029106050729751587 0.022365231066942215 0.18199999630451202 255 253 231
0.029534004628658295 0.022365231066942215 0.18199999630451202 255 253 231
0.029961958527565002 0.022365231066942215 0.18199999630451202 255 252 238
0.03038991242647171 0.022365231066942215 0.18199999630451202 255 251 237
0.030817866325378418 0.022365231066942215 0.18199999630451202 255 252 240
0.031245820224285126 0.022365231066942215 0.18199999630451202 255 251 239
0.031673774123191833 0.022365231066942215 0.18199999630451202 255 250 241
0.03210172802209854 0.022365231066942215 0.18199999630451202 255 252 243
0.03252968192100525 0.022365231066942215 0.18199999630451202 255 246 236
0.03295763581991196 0.022365231066942215 0.18199999630451202 255 229 219
0.0350974015891552 0.022365231066942215 0.18199999630451202 238 197 180
0.035525355488061905 0.022365231066942215 0.18199999630451202 255 241 224
0.03595330938696861 0.022365231066942215 0.18199999630451202 255 253 239
0.03638126328587532 0.022365231066942215 0.18199999630451202 255 253 239
0.03680921718478203 0.022365231066942215 0.18199999630451202 255 254 245
0.037237171083688736 0.022365231066942215 0.18199999630451202 255 254 245
0.0378720760345459 0.022488117218017578 0.18299999833106995 255 250 247
0.038302380591630936 0.022488117218017578 0.18299999833106995 255 245 242
0.042443327605724335 0.023102546110749245 0.18799999356269836 255 212 194
0.043113503605127335 0.023225432261824608 0.1889999955892563 251 207 189
0.04378838464617729 0.02334831841289997 0.1899999976158142 242 198 196
0.046316273510456085 0.023962747305631638 0.19499999284744263 226 172 175
0.04677479714155197 0.023962747305631638 0.19499999284744263 238 184 187
0.04747553914785385 0.024085633456707 0.19599999487400055 255 210 213
0.04818098619580269 0.024208519607782364 0.19699999690055847 255 213 217
0.04889113828539848 0.024331405758857727 0.1979999989271164 255 207 211
0.04935671389102936 0.024331405758857727 0.1979999989271164 216 166 174
0.05007391795516014 0.02445429190993309 0.19900000095367432 255 213 221
0.05079582333564758 0.024577176198363304 0.20000000298023224 255 230 237
0.051266103982925415 0.024577176198363304 0.20000000298023224 255 233 240
0.05173638090491295 0.024577176198363304 0.20000000298023224 255 236 249
0.05246769264340401 0.024700062349438667 0.20100000500679016 255 232 245
0.05320370942354202 0.02482294850051403 0.20200000703334808 255 213 230
0.0539444275200367 0.024945834651589394 0.2029999941587448 231 168 185
0.005479585845023394 0.024296032264828682 0.1940000057220459 255 255 192
0.005935756489634514 0.024296032264828682 0.1940000057220459 255 254 190
0.006391926668584347 0.024296032264828682 0.1940000057220459 255 255 222
0.006812797859311104 0.02417079545557499 0.19300000369548798 255 255 223
0.00726661691442132 0.02417079545557499 0.19300000369548798 255 255 237
0.007680433802306652 0.024045556783676147 0.19200000166893005 251 249 230
0.008089547976851463 0.023920319974422455 0.19099999964237213 247 246 229
0.008493958972394466 0.023795083165168762 0.1899999976158142 255 254 237
0.008893667720258236 0.02366984635591507 0.1889999955892563 255 255 245
0.009288673289120197 0.023544607684016228 0.18799999356269836 255 255 245
0.00973073486238718 0.023544607684016228 0.18799999356269836 254 255 249
0.010118686594069004 0.023419370874762535 0.18700000643730164 254 255 249
0.010558397509157658 0.023419370874762535 0.18700000643730164 254 255 249
0.010998107492923737 0.023419370874762535 0.18700000643730164 254 255 249
0.011376653797924519 0.023294134065508842 0.1860000044107437 254 255 251
0.011814013123512268 0.023294134065508842 0.1860000044107437 254 255 251
0.012251372449100018 0.023294134065508842 0.1860000044107437 254 255 249
0.012688731774687767 0.023294134065508842 0.1860000044107437 254 255 249
0.013126091100275517 0.023294134065508842 0.1860000044107437 254 255 249
0.013490528799593449 0.02316889725625515 0.1850000023841858 254 255 249
0.013925536535680294 0.02316889725625515 0.1850000023841858 254 255 249
0.01436054427176714 0.02316889725625515 0.1850000023841858 254 255 249
0.014795552007853985 0.02316889725625515 0.1850000023841858 254 255 251
0.015148232690989971 0.023043658584356308 0.18400000035762787 254 255 251
0.015580888837575912 0.023043658584356308 0.18400000035762787 254 255 251
0.01592651568353176 0.022918421775102615 0.18299999833106995 254 255 251
0.0163568202406168 0.022918421775102615 0.18299999833106995 254 255 249
0.016787126660346985 0.022918421775102615 0.18299999833106995 254 255 249
0.018731672316789627 0.02266794815659523 0.1809999942779541 255 255 241
0.019051432609558105 0.022542709484696388 0.18000000715255737 255 255 241
0.019474683329463005 0.022542709484696388 0.18000000715255737 255 255 239
0.020321184769272804 0.022542709484696388 0.18000000715255737 255 255 239
0.020744435489177704 0.022542709484696388 0.18000000715255737 255 255 239
0.021167688071727753 0.022542709484696388 0.18000000715255737 255 255 237
0.021590938791632652 0.022542709484696388 0.18000000715255737 255 255 237
0.022014189511537552 0.022542709484696388 0.18000000715255737 255 240 224
0.02243744023144245 0.022542709484696388 0.18000000715255737 201 157 141
0.02328394167125225 0.022542709484696388 0.18000000715255737 255 215 200
0.02383890002965927 0.02266794815659523 0.1809999942779541 255 236 219
0.0242645014077425 0.02266794815659523 0.1809999942779541 255 242 225
0.02469010464847088 0.02266794815659523 0.1809999942779541 255 249 241
0.025115706026554108 0.02266794815659523 0.1809999942779541 255 249 241
0.025541309267282486 0.02266794815659523 0.1809999942779541 255 249 243
0.025966910645365715 0.02266794815659523 0.1809999942779541 255 249 243
0.026392513886094093 0.02266794815659523 0.1809999942779541 255 248 238
0.026966281235218048 0.022793184965848923 0.18199999630451202 255 240 230
0.027394235134124756 0.022793184965848923 0.18199999630451202 246 219 197
0.027822189033031464 0.022793184965848923 0.18199999630451202 240 213 191
0.02825014293193817 0.022793184965848923 0.18199999630451202 255 252 228
0.02867809683084488 0.022793184965848923 0.18199999630451202 255 253 229
0.029106050729751587 0.022793184965848923 0.18199999630451202 255 255 241
0.029534004628658295 0.022793184965848923 0.18199999630451202 255 255 241
0.029961958527565002 0.022793184965848923 0.18199999630451202 255 255 247
0.03038991242647171 0.022793184965848923 0.18199999630451202 255 255 247
0.030817866325378418 0.022793184965848923 0.18199999630451202 255 255 247
0.031245820224285126 0.022793184965848923 0.18199999630451202 255 255 247
0.031673774123191833 0.022793184965848923 0.18199999630451202 255 254 249
0.03210172802209854 0.022793184965848923 0.18199999630451202 255 254 249
0.03252968192100525 0.022793184965848923 0.18199999630451202 255 253 241
0.03295763581991196 0.022793184965848923 0.18199999630451202 255 253 241
0.033385589718818665 0.022793184965848923 0.18199999630451202 211 174 158
0.033813539892435074 0.022793184965848923 0.18199999630451202 139 102 86
0.03424149379134178 0.022793184965848923 0.18199999630451202 226 175 161
0.03466944769024849 0.022793184965848923 0.18199999630451202 255 217 203
0.0350974015891552 0.022793184965848923 0.18199999630451202 255 252 236
0.035525355488061905 0.022793184965848923 0.18199999630451202 255 253 237
0.03595330938696861 0.022793184965848923 0.18199999630451202 255 255 245
0.03638126328587532 0.022793184965848923 0.18199999630451202 255 255 245
0.03680921718478203 0.022793184965848923 0.18199999630451202 255 255 249
0.037237171083688736 0.022793184965848923 0.18199999630451202 255 255 249
0.0378720760345459 0.022918421775102615 0.18299999833106995 255 255 247
0.038302380591630936 0.022918421775102615 0.18299999833106995 255 255 247
0.04177785664796829 0.023419370874762535 0.18700000643730164 255 241 210
0.042217567563056946 0.023419370874762535 0.18700000643730164 255 252 231
0.042885392904281616 0.023544607684016228 0.18799999356269836 255 251 230
0.043557919561862946 0.02366984635591507 0.1889999955892563 255 247 242
0.044235147535800934 0.023795083165168762 0.1899999976158142 255 234 229
0.044681914150714874 0.023795083165168762 0.1899999976158142 241 203 205
0.04560371860861778 0.024045556783676147 0.19200000166893005 231 193 195
0.046295054256916046 0.02417079545557499 0.19300000369548798 255 225 234
0.04699109494686127 0.024296032264828682 0.1940000057220459 255 222 231
0.047691840678453445 0.024421269074082375 0.19499999284744263 251 212 221
0.04839728772640228 0.024546505883336067 0.19599999487400055 255 230 239
0.0488581620156765 0.024546505883336067 0.19599999487400055 244 197 213
0.049570661038160324 0.02467174455523491 0.19699999690055847 255 217 233
0.05028786510229111 0.0247969813644886 0.1979999989271164 255 240 254
0.05075344070792198 0.0247969813644886 0.1979999989271164 255 238 252
0.05147770047187805 0.024922218173742294 0.19900000095367432 255 235 244
0.05220666155219078 0.025047456845641136 0.20000000298023224 255 237 246
0.052676938474178314 0.025047456845641136 0.20000000298023224 255 214 231
0.05341295525431633 0.02517269365489483 0.20100000500679016 239 187 204
0.005479585845023394 0.02475220337510109 0.1940000057220459 255 255 192
0.005935756489634514 0.02475220337510109 0.1940000057220459 255 255 191
0.006391926668584347 0.02475220337510109 0.1940000057220459 255 255 229
0.006812797859311104 0.024624614045023918 0.19300000369548798 255 255 229
0.007228965871036053 0.024497024714946747 0.19200000166893005 255 255 243
0.007680433802306652 0.024497024714946747 0.19200000166893005 255 255 243
0.008089547976851463 0.024369437247514725 0.19099999964237213 254 255 245
0.008493958972394466 0.024241847917437553 0.1899999976158142 254 255 245
0.008893667720258236 0.024114258587360382 0.1889999955892563 254 255 247
0.009288673289120197 0.02398667111992836 0.18799999356269836 254 255 247
0.00973073486238718 0.02398667111992836 0.18799999356269836 254 255 249
0.010118686594069004 0.02385908178985119 0.18700000643730164 254 255 249
0.010558397509157658 0.02385908178985119 0.18700000643730164 254 255 249
0.010998107492923737 0.02385908178985119 0.18700000643730164 254 255 249
0.011376653797924519 0.023731492459774017 0.1860000044107437 254 255 249
0.011814013123512268 0.023731492459774017 0.1860000044107437 254 255 249
0.012251372449100018 0.023731492459774017 0.1860000044107437 254 255 249
0.012688731774687767 0.023731492459774017 0.1860000044107437 254 255 249
0.013126091100275517 0.023731492459774017 0.1860000044107437 254 255 249
0.013490528799593449 0.023603904992341995 0.1850000023841858 254 255 249
0.013925536535680294 0.023603904992341995 0.1850000023841858 254 255 249
0.01436054427176714 0.023603904992341995 0.1850000023841858 254 255 249
0.014795552007853985 0.023603904992341995 0.1850000023841858 254 255 249
0.015148232690989971 0.023476315662264824 0.18400000035762787 254 255 249
0.015580888837575912 0.023476315662264824 0.18400000035762787 254 255 249
0.01592651568353176 0.023348728194832802 0.18299999833106995 254 255 249
0.0163568202406168 0.023348728194832802 0.18299999833106995 254 255 249
0.016787126660346985 0.023348728194832802 0.18299999833106995 254 255 249
0.017123347148299217 0.02322113886475563 0.18199999630451202 254 255 249
0.017551301047205925 0.02322113886475563 0.18199999630451202 254 255 249
0.017979254946112633 0.02322113886475563 0.18199999630451202 254 255 249
0.01840720698237419 0.02322113886475563 0.18199999630451202 254 255 249
0.018731672316789627 0.02309354953467846 0.1809999942779541 254 255 247
0.019051432609558105 0.022965962067246437 0.18000000715255737 254 255 247
0.019474683329463005 0.022965962067246437 0.18000000715255737 254 255 247
0.019897934049367905 0.022965962067246437 0.18000000715255737 254 255 247
0.020321184769272804 0.022965962067246437 0.18000000715255737 254 255 247
0.020744435489177704 0.022965962067246437 0.18000000715255737 254 255 247
0.021167688071727753 0.022965962067246437 0.18000000715255737 254 255 245
0.021590938791632652 0.022965962067246437 0.18000000715255737 254 255 245
0.022014189511537552 0.022965962067246437 0.18000000715255737 255 252 237
0.02243744023144245 0.022965962067246437 0.18000000715255737 228 214 199
0.02286069095134735 0.022965962067246437 0.18000000715255737 255 243 223
0.02328394167125225 0.022965962067246437 0.18000000715255737 255 251 231
0.02383890002965927 0.02309354953467846 0.1809999942779541 255 253 234
0.0242645014077425 0.02309354953467846 0.1809999942779541 255 252 233
0.02469010464847088 0.02309354953467846 0.1809999942779541 255 255 241
0.025115706026554108 0.02309354953467846 0.1809999942779541 255 255 241
0.025541309267282486 0.02309354953467846 0.1809999942779541 255 254 243
0.025966910645365715 0.02309354953467846 0.1809999942779541 255 254 243
0.026392513886094093 0.02309354953467846 0.1809999942779541 255 254 243
0.026966281235218048 0.02322113886475563 0.18199999630451202 255 253 242
0.027394235134124756 0.02322113886475563 0.18199999630451202 255 255 237
0.027822189033031464 0.02322113886475563 0.18199999630451202 255 255 237
0.02825014293193817 0.02322113886475563 0.18199999630451202 255 255 240
0.02867809683084488 0.02322113886475563 0.18199999630451202 255 255 241
0.029106050729751587 0.02322113886475563 0.18199999630451202 254 255 247
0.029534004628658295 0.02322113886475563 0.18199999630451202 254 255 247
0.029961958527565002 0.02322113886475563 0.18199999630451202 254 255 249
0.03038991242647171 0.02322113886475563 0.18199999630451202 254 255 249
0.030817866325378418 0.02322113886475563 0.18199999630451202 254 255 249
0.031245820224285126 0.02322113886475563 0.18199999630451202 254 255 249
0.031673774123191833 0.02322113886475563 0.18199999630451202 254 255 251
0.03210172802209854 0.02322113886475563 0.18199999630451202 254 255 251
0.03252968192100525 0.02322113886475563 0.18199999630451202 255 255 245
0.03295763581991196 0.02322113886475563 0.18199999630451202 255 255 245
0.033385589718818665 0.02322113886475563 0.18199999630451202 254 242 224
0.033813539892435074 0.02322113886475563 0.18199999630451202 213 201 183
0.03405335545539856 0.02309354953467846 0.1809999942779541 255 247 228
0.03447895869612694 0.02309354953467846 0.1809999942779541 255 252 233
0.03490455821156502 0.02309354953467846 0.1809999942779541 255 255 245
0.035525355488061905 0.02322113886475563 0.18199999630451202 255 255 245
0.03595330938696861 0.02322113886475563 0.18199999630451202 254 255 249
0.03638126328587532 0.02322113886475563 0.18199999630451202 254 255 249
0.03680921718478203 0.02322113886475563 0.18199999630451202 254 255 249
0.037237171083688736 0.02322113886475563 0.18199999630451202 254 255 249
0.0378720760345459 0.023348728194832802 0.18299999833106995 255 255 251
0.038302380591630936 0.023348728194832802 0.18299999833106995 255 255 251
0.03873268514871597 0.023348728194832802 0.18299999833106995 255 239 236
0.040679726749658585 0.023731492459774017 0.1860000044107437 248 214 190
0.04111708700656891 0.023731492459774017 0.1860000044107437 255 248 217
0.04177785664796829 0.02385908178985119 0.18700000643730164 255 251 220
0.042217567563056946 0.02385908178985119 0.18700000643730164 255 254 239
0.042885392904281616 0.02398667111992836 0.18799999356269836 255 254 239
0.043557919561862946 0.024114258587360382 0.1889999955892563 255 253 247
0.044235147535800934 0.024241847917437553 0.1899999976158142 255 253 247
0.044681914150714874 0.024241847917437553 0.1899999976158142 255 234 237
0.04560371860861778 0.024497024714946747 0.19200000166893005 240 213 216
0.046295054256916046 0.024624614045023918 0.19300000369548798 255 240 251
0.04699109494686127 0.02475220337510109 0.1940000057220459 255 239 250
0.047691840678453445 0.02487979084253311 0.19499999284744263 255 240 252
0.04815036430954933 0.02487979084253311 0.19499999284744263 255 239 251
0.04860888421535492 0.02487979084253311 0.19499999284744263 252 212 229
0.049319032579660416 0.025007380172610283 0.19599999487400055 235 195 212
0.05003388598561287 0.025134969502687454 0.19699999690055847 255 227 242
0.050497110933065414 0.025134969502687454 0.19699999690055847 255 240 255
0.051219016313552856 0.025262556970119476 0.1979999989271164 255 244 254
0.051945626735687256 0.025390146300196648 0.19900000095367432 255 236 246
0.052676938474178314 0.02551773563027382 0.20000000298023224 255 223 241
0.053147219121456146 0.02551773563027382 0.20000000298023224 248 206 224
0.05388558283448219 0.02564532309770584 0.20100000500679016 234 168 192
0.0546286515891552 0.025772912427783012 0.20200000703334808 237 171 195
0.005479585845023394 0.025208372622728348 0.1940000057220459 255 255 193
0.005935756489634514 0.025208372622728348 0.1940000057220459 255 255 195
0.006358978804200888 0.025078432634472847 0.19300000369548798 255 255 229
0.006812797859311104 0.025078432634472847 0.19300000369548798 255 255 229
0.007228965871036053 0.024948492646217346 0.19200000166893005 254 255 245
0.007640431635081768 0.024818552657961845 0.19099999964237213 254 255 245
0.008089547976851463 0.024818552657961845 0.19099999964237213 254 255 249
0.008493958972394466 0.024688612669706345 0.1899999976158142 254 255 249
0.008893667720258236 0.024558672681450844 0.1889999955892563 254 255 249
0.009288673289120197 0.024428732693195343 0.18799999356269836 254 255 249
0.00967897567898035 0.024298792704939842 0.18700000643730164 254 255 251
0.010118686594069004 0.024298792704939842 0.18700000643730164 254 255 251
0.010558397509157658 0.024298792704939842 0.18700000643730164 254 255 251
0.010998107492923737 0.024298792704939842 0.18700000643730164 254 255 251
0.011376653797924519 0.02416885271668434 0.1860000044107437 254 255 251
0.011814013123512268 0.02416885271668434 0.1860000044107437 254 255 251
0.012251372449100018 0.02416885271668434 0.1860000044107437 254 255 251
0.012688731774687767 0.02416885271668434 0.1860000044107437 254 255 251
0.013126091100275517 0.02416885271668434 0.1860000044107437 254 255 251
0.013563450425863266 0.02416885271668434 0.1860000044107437 254 255 251
0.013925536535680294 0.02403891272842884 0.1850000023841858 254 255 251
0.01436054427176714 0.02403891272842884 0.1850000023841858 254 255 251
0.014795552007853985 0.02403891272842884 0.1850000023841858 254 255 251
0.015148232690989971 0.02390897274017334 0.18400000035762787 254 255 251
0.015580888837575912 0.02390897274017334 0.18400000035762787 254 255 251
0.01601354591548443 0.02390897274017334 0.18400000035762787 254 255 251
0.0163568202406168 0.02377903275191784 0.18299999833106995 254 255 251
0.016787126660346985 0.02377903275191784 0.18299999833106995 254 255 251
0.017123347148299217 0.023649092763662338 0.18199999630451202 254 255 251
0.017551301047205925 0.023649092763662338 0.18199999630451202 254 255 251
0.017979254946112633 0.023649092763662338 0.18199999630451202 254 255 251
0.01840720698237419 0.023649092763662338 0.18199999630451202 254 255 251
0.018731672316789627 0.023519152775406837 0.1809999942779541 254 255 251
0.019157273694872856 0.023519152775406837 0.1809999942779541 254 255 251
0.019582876935601234 0.023519152775406837 0.1809999942779541 254 255 251
0.019897934049367905 0.023389212787151337 0.18000000715255737 254 255 251
0.020321184769272804 0.023389212787151337 0.18000000715255737 254 255 251
0.020744435489177704 0.023389212787151337 0.18000000715255737 254 255 251
0.021167688071727753 0.023389212787151337 0.18000000715255737 254 255 249
0.021590938791632652 0.023389212787151337 0.18000000715255737 254 255 249
0.022014189511537552 0.023389212787151337 0.18000000715255737 254 255 245
0.02243744023144245 0.023389212787151337 0.18000000715255737 252 254 243
0.02286069095134735 0.023389212787151337 0.18000000715255737 255 254 242
0.02328394167125225 0.023389212787151337 0.18000000715255737 255 255 243
0.02383890002965927 0.023519152775406837 0.1809999942779541 255 255 245
0.0242645014077425 0.023519152775406837 0.1809999942779541 255 255 245
0.02469010464847088 0.023519152775406837 0.1809999942779541 255 255 247
0.025115706026554108 0.023519152775406837 0.1809999942779541 255 255 247
0.025541309267282486 0.023519152775406837 0.1809999942779541 255 255 249
0.025966910645365715 0.023519152775406837 0.1809999942779541 255 255 249
0.026392513886094093 0.023519152775406837 0.1809999942779541 255 255 249
0.026818115264177322 0.023519152775406837 0.1809999942779541 255 255 249
0.0272437185049057 0.023519152775406837 0.1809999942779541 254 255 247
0.027822189033031464 0.023649092763662338 0.18199999630451202 254 255 247
0.02825014293193817 0.023649092763662338 0.18199999630451202 254 255 245
0.02867809683084488 0.023649092763662338 0.18199999630451202 254 255 245
0.029106050729751587 0.023649092763662338 0.18199999630451202 254 255 247
0.029534004628658295 0.023649092763662338 0.18199999630451202 254 255 247
0.029961958527565002 0.023649092763662338 0.18199999630451202 254 255 249
0.03038991242647171 0.023649092763662338 0.18199999630451202 254 255 249
0.030817866325378418 0.023649092763662338 0.18199999630451202 254 255 249
0.031245820224285126 0.023649092763662338 0.18199999630451202 254 255 249
0.031673774123191833 0.023649092763662338 0.18199999630451202 254 255 249
0.03210172802209854 0.023649092763662338 0.18199999630451202 254 255 249
0.03252968192100525 0.023649092763662338 0.18199999630451202 254 255 249
0.03295763581991196 0.023649092763662338 0.18199999630451202 254 255 249
0.033385589718818665 0.023649092763662338 0.18199999630451202 255 254 242
0.033813539892435074 0.023649092763662338 0.18199999630451202 254 252 240
0.03405335545539856 0.023519152775406837 0.1809999942779541 255 255 243
0.03447895869612694 0.023519152775406837 0.1809999942779541 255 255 243
0.03490455821156502 0.023519152775406837 0.1809999942779541 254 255 249
0.035525355488061905 0.023649092763662338 0.18199999630451202 254 255 249
0.03595330938696861 0.023649092763662338 0.18199999630451202 254 255 249
0.03638126328587532 0.023649092763662338 0.18199999630451202 254 255 249
0.03680921718478203 0.023649092763662338 0.18199999630451202 254 255 251
0.037237171083688736 0.023649092763662338 0.18199999630451202 254 255 251
0.0378720760345459 0.02377903275191784 0.18299999833106995 255 255 251
0.038302380591630936 0.02377903275191784 0.18299999833106995 255 255 251
0.03873268514871597 0.02377903275191784 0.18299999833106995 255 251 246
0.03937699645757675 0.02390897274017334 0.18400000035762787 245 234 229
0.04002600908279419 0.02403891272842884 0.1850000023841858 246 228 208
0.040461018681526184 0.02403891272842884 0.1850000023841858 248 230 210
0.04111708700656891 0.02416885271668434 0.1860000044107437 255 254 230
0.04177785664796829 0.024298792704939842 0.18700000643730164 255 255 231
0.042217567563056946 0.024298792704939842 0.18700000643730164 255 255 243
0.042885392904281616 0.024428732693195343 0.18799999356269836 255 255 243
0.0433274544775486 0.024428732693195343 0.18799999356269836 255 255 249
0.04400233179330826 0.024558672681450844 0.1889999955892563 255 255 249
0.04444674402475357 0.024558672681450844 0.1889999955892563 255 248 248
0.045128677040338516 0.024688612669706345 0.1899999976158142 237 220 220
0.04581531509757042 0.024818552657961845 0.19099999964237213 242 218 222
0.04650665074586868 0.024948492646217346 0.19200000166893005 255 247 251
0.0472026951611042 0.025078432634472847 0.19300000369548798 255 244 254
0.04790343716740608 0.025208372622728348 0.1940000057220459 255 230 240
0.04860888421535492 0.02533831261098385 0.19499999284744263 255 217 234
0.049319032579660416 0.02546825259923935 0.19599999487400055 240 202 219
0.05003388598561287 0.02559819258749485 0.19699999690055847 240 202 219
0.050497110933065414 0.02559819258749485 0.19699999690055847 255 241 255
0.051219016313552856 0.02572813257575035 0.1979999989271164 255 242 255
0.051945626735687256 0.025858072564005852 0.19900000095367432 255 241 254
0.052676938474178314 0.025988014414906502 0.20000000298023224 255 229 249
0.053147219121456146 0.025988014414906502 0.20000000298023224 255 222 242
0.05388558283448219 0.026117954403162003 0.20100000500679016 231 166 196
0.0546286515891552 0.026247894391417503 0.20200000703334808 223 158 188
0.005479585845023394 0.025664543733000755 0.1940000057220459 255 255 192
0.005935756489634514 0.025664543733000755 0.1940000057220459 255 255 194
0.006358978804200888 0.025532251223921776 0.19300000369548798 255 255 225
0.006812797859311104 0.025532251223921776 0.19300000369548798 255 255 225
0.007228965871036053 0.025399960577487946 0.19200000166893005 254 255 243
0.007640431635081768 0.025267669931054115 0.19099999964237213 254 255 243
0.008047194220125675 0.025135377421975136 0.1899999976158142 254 255 249
0.008449253626167774 0.025003086775541306 0.1889999955892563 254 255 249
0.008893667720258236 0.025003086775541306 0.1889999955892563 254 255 249
0.009288673289120197 0.024870794266462326 0.18799999356269836 254 255 249
0.00967897567898035 0.024738503620028496 0.18700000643730164 254 255 251
0.010118686594069004 0.024738503620028496 0.18700000643730164 254 255 251
0.010558397509157658 0.024738503620028496 0.18700000643730164 254 255 251
0.010939294472336769 0.024606211110949516 0.1860000044107437 254 255 251
0.011376653797924519 0.024606211110949516 0.1860000044107437 254 255 251
0.011814013123512268 0.024606211110949516 0.1860000044107437 254 255 251
0.012251372449100018 0.024606211110949516 0.1860000044107437 254 255 251
0.012688731774687767 0.024606211110949516 0.1860000044107437 254 255 251
0.013126091100275517 0.024606211110949516 0.1860000044107437 254 255 251
0.013563450425863266 0.024606211110949516 0.1860000044107437 254 255 251
0.013925536535680294 0.024473920464515686 0.1850000023841858 254 255 251
0.01436054427176714 0.024473920464515686 0.1850000023841858 254 255 251
0.014795552007853985 0.024473920464515686 0.1850000023841858 254 255 251
0.015148232690989971 0.024341629818081856 0.18400000035762787 254 255 251
0.015580888837575912 0.024341629818081856 0.18400000035762787 254 255 251
0.01601354591548443 0.024341629818081856 0.18400000035762787 254 255 251
0.0163568202406168 0.024209337309002876 0.18299999833106995 254 255 251
0.016787126660346985 0.024209337309002876 0.18299999833106995 254 255 251
0.017217431217432022 0.024209337309002876 0.18299999833106995 254 255 251
0.017551301047205925 0.024077046662569046 0.18199999630451202 254 255 251
0.017979254946112633 0.024077046662569046 0.18199999630451202 254 255 251
0.01840720698237419 0.024077046662569046 0.18199999630451202 254 255 251
0.018731672316789627 0.023944754153490067 0.1809999942779541 254 255 251
0.019157273694872856 0.023944754153490067 0.1809999942779541 254 255 251
0.019582876935601234 0.023944754153490067 0.1809999942779541 254 255 251
0.020008478313684464 0.023944754153490067 0.1809999942779541 254 255 251
0.020434081554412842 0.023944754153490067 0.1809999942779541 254 255 251
0.02085968293249607 0.023944754153490067 0.1809999942779541 254 255 251
0.02128528617322445 0.023944754153490067 0.1809999942779541 254 255 251
0.021590938791632652 0.023812463507056236 0.18000000715255737 254 255 251
0.022014189511537552 0.023812463507056236 0.18000000715255737 254 255 249
0.02243744023144245 0.023812463507056236 0.18000000715255737 254 255 249
0.02286069095134735 0.023812463507056236 0.18000000715255737 254 255 249
0.02328394167125225 0.023812463507056236 0.18000000715255737 254 255 249
0.02383890002965927 0.023944754153490067 0.1809999942779541 254 255 249
0.0242645014077425 0.023944754153490067 0.1809999942779541 254 255 249
0.02469010464847088 0.023944754153490067 0.1809999942779541 254 255 249
0.025115706026554108 0.023944754153490067 0.1809999942779541 254 255 249
0.025541309267282486 0.023944754153490067 0.1809999942779541 254 255 249
0.025966910645365715 0.023944754153490067 0.1809999942779541 254 255 249
0.026392513886094093 0.023944754153490067 0.1809999942779541 254 255 249
0.026818115264177322 0.023944754153490067 0.1809999942779541 254 255 249
0.0272437185049057 0.023944754153490067 0.1809999942779541 254 255 249
0.02766931988298893 0.023944754153490067 0.1809999942779541 254 255 249
0.02825014293193817 0.024077046662569046 0.18199999630451202 254 255 247
0.02867809683084488 0.024077046662569046 0.18199999630451202 254 255 247
0.029106050729751587 0.024077046662569046 0.18199999630451202 254 255 247
0.029534004628658295 0.024077046662569046 0.18199999630451202 254 255 247
0.029961958527565002 0.024077046662569046 0.18199999630451202 254 255 249
0.03038991242647171 0.024077046662569046 0.18199999630451202 254 255 249
0.030817866325378418 0.024077046662569046 0.18199999630451202 254 255 249
0.031245820224285126 0.024077046662569046 0.18199999630451202 254 255 249
0.031673774123191833 0.024077046662569046 0.18199999630451202 254 255 249
0.03210172802209854 0.024077046662569046 0.18199999630451202 254 255 249
0.03252968192100525 0.024077046662569046 0.18199999630451202 254 255 249
0.03295763581991196 0.024077046662569046 0.18199999630451202 254 255 249
0.033385589718818665 0.024077046662569046 0.18199999630451202 254 255 247
0.03362775221467018 0.023944754153490067 0.1809999942779541 254 255 247
0.03405335545539856 0.023944754153490067 0.1809999942779541 254 255 247
0.03447895869612694 0.023944754153490067 0.1809999942779541 254 255 247
0.03490455821156502 0.023944754153490067 0.1809999942779541 254 255 249
0.035330161452293396 0.023944754153490067 0.1809999942779541 254 255 249
0.03595330938696861 0.024077046662569046 0.18199999630451202 254 255 249
0.03638126328587532 0.024077046662569046 0.18199999630451202 254 255 249
0.03680921718478203 0.024077046662569046 0.18199999630451202 254 255 249
0.037237171083688736 0.024077046662569046 0.18199999630451202 254 255 249
0.0378720760345459 0.024209337309002876 0.18299999833106995 254 255 249
0.038302380591630936 0.024209337309002876 0.18299999833106995 253 254 248
0.03873268514871597 0.024209337309002876 0.18299999833106995 255 249 246
0.03937699645757675 0.024341629818081856 0.18400000035762787 229 221 218
0.03980965539813042 0.024341629818081856 0.18400000035762787 248 232 227
0.040461018681526184 0.024473920464515686 0.1850000023841858 255 241 236
0.04089602455496788 0.024473920464515686 0.1850000023841858 255 255 240
0.041554443538188934 0.024606211110949516 0.1860000044107437 255 255 241
0.04199180379509926 0.024606211110949516 0.1860000044107437 254 255 247
0.0426572784781456 0.024738503620028496 0.18700000643730164 254 255 247
0.04309698939323425 0.024738503620028496 0.18700000643730164 254 255 249
0.04376951605081558 0.024870794266462326 0.18799999356269836 254 255 249
0.044211577624082565 0.024870794266462326 0.18799999356269836 255 251 249
0.04489115998148918 0.025003086775541306 0.1889999955892563 237 227 225
0.045335572212934494 0.025003086775541306 0.1889999955892563 230 208 210
0.0460222065448761 0.025135377421975136 0.1899999976158142 255 246 248
0.04671354591846466 0.025267669931054115 0.19099999964237213 255 242 250
0.04765651375055313 0.025532251223921776 0.19300000369548798 254 229 237
0.04811033234000206 0.025532251223921776 0.19300000369548798 255 228 243
0.0488157793879509 0.025664543733000755 0.1940000057220459 239 206 221
0.04977990686893463 0.025929126888513565 0.19599999487400055 231 195 214
0.05024078115820885 0.025929126888513565 0.19599999487400055 255 227 246
0.05096033588051796 0.026061417534947395 0.19699999690055847 255 238 255
0.05168459191918373 0.026193710044026375 0.1979999989271164 255 228 246
0.05241355299949646 0.026326000690460205 0.19900000095367432 251 209 236
0.053147219121456146 0.026458293199539185 0.20000000298023224 255 218 245
0.05388558283448219 0.026590583845973015 0.20100000500679016 241 183 211
0.054358214139938354 0.026590583845973015 0.20100000500679016 219 161 189
0.005479585845023394 0.026120714843273163 0.1940000057220459 255 255 190
0.005935756489634514 0.026120714843273163 0.1940000057220459 255 255 192
0.006358978804200888 0.025986071676015854 0.19300000369548798 255 255 217
0.006777498405426741 0.025851428508758545 0.19200000166893005 255 255 218
0.007228965871036053 0.025851428508758545 0.19200000166893005 255 255 239
0.007640431635081768 0.025716785341501236 0.19099999964237213 255 255 239
0.008047194220125675 0.025582142174243927 0.1899999976158142 254 255 247
0.008449253626167774 0.025447499006986618 0.1889999955892563 254 255 247
0.008893667720258236 0.025447499006986618 0.1889999955892563 254 255 249
0.009288673289120197 0.02531285770237446 0.18799999356269836 254 255 249
0.00967897567898035 0.02517821453511715 0.18700000643730164 254 255 249
0.010118686594069004 0.02517821453511715 0.18700000643730164 254 255 249
0.010558397509157658 0.02517821453511715 0.18700000643730164 254 255 251
0.010939294472336769 0.02504357136785984 0.1860000044107437 254 255 251
0.011376653797924519 0.02504357136785984 0.1860000044107437 254 255 251
0.011814013123512268 0.02504357136785984 0.1860000044107437 254 255 251
0.012251372449100018 0.02504357136785984 0.1860000044107437 254 255 251
0.012688731774687767 0.02504357136785984 0.1860000044107437 254 255 251
0.013126091100275517 0.02504357136785984 0.1860000044107437 254 255 251
0.013563450425863266 0.02504357136785984 0.1860000044107437 254 255 251
0.013925536535680294 0.02490892820060253 0.1850000023841858 254 255 251
0.01436054427176714 0.02490892820060253 0.1850000023841858 254 255 251
0.014795552007853985 0.02490892820060253 0.1850000023841858 254 255 251
0.015148232690989971 0.024774285033345222 0.18400000035762787 254 255 251
0.015580888837575912 0.024774285033345222 0.18400000035762787 254 255 251
0.01601354591548443 0.024774285033345222 0.18400000035762787 254 255 251
0.0163568202406168 0.024639641866087914 0.18299999833106995 254 255 251
0.016787126660346985 0.024639641866087914 0.18299999833106995 254 255 251
0.017217431217432022 0.024639641866087914 0.18299999833106995 254 255 251
0.017551301047205925 0.024505000561475754 0.18199999630451202 254 255 251
0.017979254946112633 0.024505000561475754 0.18199999630451202 254 255 251
0.01840720698237419 0.024505000561475754 0.18199999630451202 254 255 251
0.0188351608812809 0.024505000561475754 0.18199999630451202 254 255 251
0.019157273694872856 0.024370357394218445 0.1809999942779541 254 255 251
0.019582876935601234 0.024370357394218445 0.1809999942779541 254 255 251
0.020008478313684464 0.024370357394218445 0.1809999942779541 254 255 251
0.020434081554412842 0.024370357394218445 0.1809999942779541 254 255 251
0.02085968293249607 0.024370357394218445 0.1809999942779541 254 255 251
0.02128528617322445 0.024370357394218445 0.1809999942779541 254 255 251
0.021590938791632652 0.024235714226961136 0.18000000715255737 254 255 251
0.022014189511537552 0.024235714226961136 0.18000000715255737 254 255 249
0.02243744023144245 0.024235714226961136 0.18000000715255737 252 253 247
0.02286069095134735 0.024235714226961136 0.18000000715255737 254 255 249
0.02328394167125225 0.024235714226961136 0.18000000715255737 254 255 249
0.02383890002965927 0.024370357394218445 0.1809999942779541 254 255 249
0.0242645014077425 0.024370357394218445 0.1809999942779541 254 255 249
0.02469010464847088 0.024370357394218445 0.1809999942779541 254 255 249
0.025115706026554108 0.024370357394218445 0.1809999942779541 254 255 249
0.025541309267282486 0.024370357394218445 0.1809999942779541 254 255 249
0.025966910645365715 0.024370357394218445 0.1809999942779541 254 255 249
0.026392513886094093 0.024370357394218445 0.1809999942779541 254 255 249
0.026818115264177322 0.024370357394218445 0.1809999942779541 254 255 249
0.0272437185049057 0.024370357394218445 0.1809999942779541 254 255 247
0.02766931988298893 0.024370357394218445 0.1809999942779541 252 254 245
0.028094923123717308 0.024370357394218445 0.1809999942779541 252 254 241
0.028520524501800537 0.024370357394218445 0.1809999942779541 254 255 243
0.029106050729751587 0.024505000561475754 0.18199999630451202 254 255 243
0.029534004628658295 0.024505000561475754 0.18199999630451202 254 255 243
0.029961958527565002 0.024505000561475754 0.18199999630451202 254 255 247
0.03038991242647171 0.024505000561475754 0.18199999630451202 254 255 247
0.030817866325378418 0.024505000561475754 0.18199999630451202 254 255 249
0.031245820224285126 0.024505000561475754 0.18199999630451202 254 255 249
0.031673774123191833 0.024505000561475754 0.18199999630451202 254 255 249
0.03210172802209854 0.024505000561475754 0.18199999630451202 254 255 249
0.03252968192100525 0.024505000561475754 0.18199999630451202 254 255 249
0.03295763581991196 0.024505000561475754 0.18199999630451202 254 255 249
0.033385589718818665 0.024505000561475754 0.18199999630451202 254 255 247
0.03362775221467018 0.024370357394218445 0.1809999942779541 254 255 247
0.03405335545539856 0.024370357394218445 0.1809999942779541 254 255 247
0.03447895869612694 0.024370357394218445 0.1809999942779541 254 255 247
0.03490455821156502 0.024370357394218445 0.1809999942779541 254 255 247
0.035330161452293396 0.024370357394218445 0.1809999942779541 254 255 247
0.035755764693021774 0.024370357394218445 0.1809999942779541 254 255 249
0.03638126328587532 0.024505000561475754 0.18199999630451202 254 255 249
0.03680921718478203 0.024505000561475754 0.18199999630451202 254 255 249
0.037237171083688736 0.024505000561475754 0.18199999630451202 254 255 249
0.0378720760345459 0.024639641866087914 0.18299999833106995 254 255 249
0.038302380591630936 0.024639641866087914 0.18299999833106995 251 252 246
0.03873268514871597 0.024639641866087914 0.18299999833106995 255 248 246
0.03937699645757675 0.024774285033345222 0.18400000035762787 233 223 221
0.03980965539813042 0.024774285033345222 0.18400000035762787 244 230 226
0.040461018681526184 0.02490892820060253 0.1850000023841858 255 244 240
0.04089602455496788 0.02490892820060253 0.1850000023841858 255 255 247
0.041554443538188934 0.02504357136785984 0.1860000044107437 255 255 247
0.04199180379509926 0.02504357136785984 0.1860000044107437 254 255 249
0.0426572784781456 0.02517821453511715 0.18700000643730164 254 255 249
0.04309698939323425 0.02517821453511715 0.18700000643730164 254 255 249
0.04376951605081558 0.02531285770237446 0.18799999356269836 252 253 247
0.044211577624082565 0.02531285770237446 0.18799999356269836 251 244 238
0.04465363919734955 0.02531285770237446 0.18799999356269836 241 234 228
0.045335572212934494 0.025447499006986618 0.1889999955892563 233 212 209
0.0460222065448761 0.025582142174243927 0.1899999976158142 255 241 238
0.04671354591846466 0.025716785341501236 0.19099999964237213 255 245 249
0.04740958660840988 0.025851428508758545 0.19200000166893005 255 235 239
0.04811033234000206 0.025986071676015854 0.19300000369548798 255 235 249
0.0488157793879509 0.026120714843273163 0.1940000057220459 248 218 232
0.04952592775225639 0.026255356147885323 0.19499999284744263 229 193 212
0.05024078115820885 0.02638999931514263 0.19599999487400055 241 205 224
0.05096033588051796 0.02652464248239994 0.19699999690055847 255 213 234
0.051423560827970505 0.02652464248239994 0.19699999690055847 254 211 232
0.052150171250104904 0.02665928564965725 0.1979999989271164 255 214 239
0.05288148298859596 0.02679392881691456 0.19900000095367432 255 215 240
0.05361749604344368 0.026928571984171867 0.20000000298023224 255 207 234
0.054358214139938354 0.027063213288784027 0.20100000500679016 239 179 206
0.005479585845023394 0.02657688409090042 0.1940000057220459 255 255 190
0.0059051597490906715 0.026439890265464783 0.19300000369548798 255 255 191
0.006358978804200888 0.026439890265464783 0.19300000369548798 254 255 208
0.006777498405426741 0.026302896440029144 0.19200000166893005 255 255 209
0.007228965871036053 0.026302896440029144 0.19200000166893005 255 255 230
0.007640431635081768 0.026165902614593506 0.19099999964237213 255 255 230
0.008047194220125675 0.026028906926512718 0.1899999976158142 254 255 245
0.008449253626167774 0.02589191310107708 0.1889999955892563 254 255 245
0.008893667720258236 0.02589191310107708 0.1889999955892563 254 255 249
0.009288673289120197 0.02575491927564144 0.18799999356269836 254 255 249
0.00967897567898035 0.025617925450205803 0.18700000643730164 254 255 249
0.010118686594069004 0.025617925450205803 0.18700000643730164 254 255 249
0.010558397509157658 0.025617925450205803 0.18700000643730164 254 255 251
0.010939294472336769 0.025480929762125015 0.1860000044107437 254 255 251
0.011376653797924519 0.025480929762125015 0.1860000044107437 254 255 251
0.011814013123512268 0.025480929762125015 0.1860000044107437 254 255 251
0.012251372449100018 0.025480929762125015 0.1860000044107437 254 255 251
0.012688731774687767 0.025480929762125015 0.1860000044107437 254 255 251
0.013126091100275517 0.025480929762125015 0.1860000044107437 254 255 251
0.013563450425863266 0.025480929762125015 0.1860000044107437 254 255 251
0.013925536535680294 0.025343935936689377 0.1850000023841858 254 255 251
0.01436054427176714 0.025343935936689377 0.1850000023841858 254 255 251
0.014795552007853985 0.025343935936689377 0.1850000023841858 254 255 251
0.015148232690989971 0.02520694211125374 0.18400000035762787 254 255 251
0.015580888837575912 0.02520694211125374 0.18400000035762787 254 255 251
0.01592651568353176 0.0250699482858181 0.18299999833106995 254 255 251
0.0163568202406168 0.0250699482858181 0.18299999833106995 254 255 251
0.016787126660346985 0.0250699482858181 0.18299999833106995 254 255 251
0.017217431217432022 0.0250699482858181 0.18299999833106995 254 255 251
0.01764773577451706 0.0250699482858181 0.18299999833106995 254 255 251
0.017979254946112633 0.024932952597737312 0.18199999630451202 254 255 251
0.01840720698237419 0.024932952597737312 0.18199999630451202 254 255 251
0.0188351608812809 0.024932952597737312 0.18199999630451202 254 255 251
0.019157273694872856 0.024795958772301674 0.1809999942779541 254 255 251
0.019582876935601234 0.024795958772301674 0.1809999942779541 254 255 251
0.020008478313684464 0.024795958772301674 0.1809999942779541 254 255 251
0.020434081554412842 0.024795958772301674 0.1809999942779541 254 255 251
0.02085968293249607 0.024795958772301674 0.1809999942779541 254 255 251
0.021167688071727753 0.024658964946866035 0.18000000715255737 254 255 249
0.021590938791632652 0.024658964946866035 0.18000000715255737 254 255 249
0.022014189511537552 0.024658964946866035 0.18000000715255737 254 255 243
0.02243744023144245 0.024658964946866035 0.18000000715255737 252 254 241
0.02286069095134735 0.024658964946866035 0.18000000715255737 253 255 242
0.02328394167125225 0.024658964946866035 0.18000000715255737 254 255 243
0.02370719239115715 0.024658964946866035 0.18000000715255737 254 255 247
0.02413044311106205 0.024658964946866035 0.18000000715255737 254 255 247
0.02469010464847088 0.024795958772301674 0.1809999942779541 254 255 249
0.025115706026554108 0.024795958772301674 0.1809999942779541 254 255 249
0.025541309267282486 0.024795958772301674 0.1809999942779541 254 255 249
0.025966910645365715 0.024795958772301674 0.1809999942779541 254 255 249
0.026392513886094093 0.024795958772301674 0.1809999942779541 254 255 249
0.026818115264177322 0.024795958772301674 0.1809999942779541 254 255 249
0.0272437185049057 0.024795958772301674 0.1809999942779541 254 255 245
0.02766931988298893 0.024795958772301674 0.1809999942779541 243 245 234
0.028094923123717308 0.024795958772301674 0.1809999942779541 229 231 213
0.028520524501800537 0.024795958772301674 0.1809999942779541 248 250 232
0.028946127742528915 0.024795958772301674 0.1809999942779541 254 255 241
0.029371729120612144 0.024795958772301674 0.1809999942779541 254 255 241
0.029961958527565002 0.024932952597737312 0.18199999630451202 254 255 247
0.03038991242647171 0.024932952597737312 0.18199999630451202 254 255 247
0.030817866325378418 0.024932952597737312 0.18199999630451202 254 255 249
0.031245820224285126 0.024932952597737312 0.18199999630451202 254 255 249
0.031673774123191833 0.024932952597737312 0.18199999630451202 254 255 249
0.03210172802209854 0.024932952597737312 0.18199999630451202 254 255 249
0.03252968192100525 0.024932952597737312 0.18199999630451202 254 255 247
0.03295763581991196 0.024932952597737312 0.18199999630451202 253 255 246
0.033385589718818665 0.024932952597737312 0.18199999630451202 253 255 240
0.03362775221467018 0.024795958772301674 0.1809999942779541 252 255 239
0.03405335545539856 0.024795958772301674 0.1809999942779541 254 255 241
0.03447895869612694 0.024795958772301674 0.1809999942779541 254 255 241
0.03490455821156502 0.024795958772301674 0.1809999942779541 254 255 247
0.035330161452293396 0.024795958772301674 0.1809999942779541 254 255 247
0.035755764693021774 0.024795958772301674 0.1809999942779541 254 255 249
0.03638126328587532 0.024932952597737312 0.18199999630451202 254 255 249
0.03680921718478203 0.024932952597737312 0.18199999630451202 254 255 249
0.037237171083688736 0.024932952597737312 0.18199999630451202 254 255 249
0.0378720760345459 0.0250699482858181 0.18299999833106995 254 255 249
0.038302380591630936 0.0250699482858181 0.18299999833106995 252 253 247
0.03873268514871597 0.0250699482858181 0.18299999833106995 255 246 244
0.03937699645757675 0.02520694211125374 0.18400000035762787 240 230 228
0.03980965539813042 0.02520694211125374 0.18400000035762787 251 237 231
0.040461018681526184 0.025343935936689377 0.1850000023841858 255 250 244
0.04089602455496788 0.025343935936689377 0.1850000023841858 255 255 247
0.041554443538188934 0.025480929762125015 0.1860000044107437 255 255 247
0.04199180379509926 0.025480929762125015 0.1860000044107437 254 255 249
0.04242916405200958 0.025480929762125015 0.1860000044107437 254 255 249
0.04309698939323425 0.025617925450205803 0.18700000643730164 254 255 249
0.043536700308322906 0.025617925450205803 0.18700000643730164 254 255 249
0.04397641122341156 0.025617925450205803 0.18700000643730164 255 250 244
0.04465363919734955 0.02575491927564144 0.18799999356269836 245 238 232
0.045335572212934494 0.02589191310107708 0.1889999955892563 237 211 207
0.0460222065448761 0.026028906926512718 0.1899999976158142 255 232 228
0.04646897315979004 0.026028906926512718 0.1899999976158142 255 230 233
0.04716266319155693 0.026165902614593506 0.19099999964237213 255 228 231
0.04786105453968048 0.026302896440029144 0.19200000166893005 255 235 247
0.04856415092945099 0.026439890265464783 0.19300000369548798 255 225 237
0.049271948635578156 0.02657688409090042 0.1940000057220459 248 208 223
0.04998445138335228 0.02671387791633606 0.19499999284744263 242 202 217
0.05070165544748306 0.026850873604416847 0.19599999487400055 255 217 232
0.051423560827970505 0.026987867429852486 0.19699999690055847 255 217 232
0.052150171250104904 0.027124861255288124 0.1979999989271164 255 208 231
0.05288148298859596 0.027261855080723763 0.19900000095367432 255 209 232
0.05361749604344368 0.02739885076880455 0.20000000298023224 255 209 234
0.05408777669072151 0.02739885076880455 0.20000000298023224 255 203 228
0.005479585845023394 0.02703305520117283 0.1940000057220459 255 255 188
0.0059051597490906715 0.02689370885491371 0.19300000369548798 255 255 189
0.006358978804200888 0.02689370885491371 0.19300000369548798 255 255 203
0.006777498405426741 0.026754364371299744 0.19200000166893005 255 255 203
0.007228965871036053 0.026754364371299744 0.19200000166893005 248 248 213
0.007640431635081768 0.026615018025040627 0.19099999964237213 249 249 214
0.008047194220125675 0.02647567167878151 0.1899999976158142 254 255 240
0.008449253626167774 0.02633632719516754 0.1889999955892563 255 255 241
0.008893667720258236 0.02633632719516754 0.1889999955892563 254 255 249
0.009288673289120197 0.026196980848908424 0.18799999356269836 254 255 249
0.00967897567898035 0.026057634502649307 0.18700000643730164 254 255 249
0.010118686594069004 0.026057634502649307 0.18700000643730164 254 255 249
0.010558397509157658 0.026057634502649307 0.18700000643730164 254 255 251
0.010939294472336769 0.02591829001903534 0.1860000044107437 254 255 251
0.011376653797924519 0.02591829001903534 0.1860000044107437 254 255 251
0.011814013123512268 0.02591829001903534 0.1860000044107437 254 255 251
0.012251372449100018 0.02591829001903534 0.1860000044107437 254 255 251
0.012688731774687767 0.02591829001903534 0.1860000044107437 254 255 251
0.013126091100275517 0.02591829001903534 0.1860000044107437 254 255 251
0.013563450425863266 0.02591829001903534 0.1860000044107437 254 255 251
0.013925536535680294 0.025778943672776222 0.1850000023841858 254 255 251
0.01436054427176714 0.025778943672776222 0.1850000023841858 254 255 251
0.014795552007853985 0.025778943672776222 0.1850000023841858 254 255 251
0.015148232690989971 0.025639599189162254 0.18400000035762787 254 255 251
0.015580888837575912 0.025639599189162254 0.18400000035762787 254 255 251
0.01592651568353176 0.025500252842903137 0.18299999833106995 254 255 251
0.0163568202406168 0.025500252842903137 0.18299999833106995 254 255 249
0.016787126660346985 0.025500252842903137 0.18299999833106995 254 255 249
0.017217431217432022 0.025500252842903137 0.18299999833106995 254 255 249
0.01764773577451706 0.025500252842903137 0.18299999833106995 254 255 249
0.018078040331602097 0.025500252842903137 0.18299999833106995 254 255 249
0.01840720698237419 0.02536090649664402 0.18199999630451202 254 255 249
0.0188351608812809 0.02536090649664402 0.18199999630451202 254 255 249
0.019157273694872856 0.025221562013030052 0.1809999942779541 254 255 249
0.019582876935601234 0.025221562013030052 0.1809999942779541 254 255 249
0.020008478313684464 0.025221562013030052 0.1809999942779541 254 255 249
0.020434081554412842 0.025221562013030052 0.1809999942779541 254 255 249
0.02085968293249607 0.025221562013030052 0.1809999942779541 254 255 249
0.021167688071727753 0.025082215666770935 0.18000000715255737 254 255 249
0.021590938791632652 0.025082215666770935 0.18000000715255737 254 255 249
0.022014189511537552 0.025082215666770935 0.18000000715255737 254 255 239
0.02243744023144245 0.025082215666770935 0.18000000715255737 233 236 218
0.02286069095134735 0.025082215666770935 0.18000000715255737 252 255 234
0.02328394167125225 0.025082215666770935 0.18000000715255737 255 255 237
0.02370719239115715 0.025082215666770935 0.18000000715255737 254 255 243
0.02413044311106205 0.025082215666770935 0.18000000715255737 254 255 243
0.02455369383096695 0.025082215666770935 0.18000000715255737 254 255 247
0.024976946413517 0.025082215666770935 0.18000000715255737 254 255 247
0.025400197133421898 0.025082215666770935 0.18000000715255737 254 255 249
0.025823447853326797 0.025082215666770935 0.18000000715255737 254 255 249
0.026246698573231697 0.025082215666770935 0.18000000715255737 254 255 247
0.026669949293136597 0.025082215666770935 0.18000000715255737 254 255 247
0.0272437185049057 0.025221562013030052 0.1809999942779541 255 255 243
0.02766931988298893 0.025221562013030052 0.1809999942779541 246 247 234
0.028094923123717308 0.025221562013030052 0.1809999942779541 234 232 209
0.028520524501800537 0.025221562013030052 0.1809999942779541 254 252 229
0.028946127742528915 0.025221562013030052 0.1809999942779541 255 255 239
0.029371729120612144 0.025221562013030052 0.1809999942779541 255 255 239
0.029961958527565002 0.02536090649664402 0.18199999630451202 254 255 247
0.03038991242647171 0.02536090649664402 0.18199999630451202 254 255 247
0.030817866325378418 0.02536090649664402 0.18199999630451202 254 255 249
0.031245820224285126 0.02536090649664402 0.18199999630451202 254 255 249
0.031673774123191833 0.02536090649664402 0.18199999630451202 254 255 249
0.03210172802209854 0.02536090649664402 0.18199999630451202 254 255 249
0.03252968192100525 0.02536090649664402 0.18199999630451202 254 255 245
0.03295763581991196 0.02536090649664402 0.18199999630451202 254 255 245
0.033385589718818665 0.02536090649664402 0.18199999630451202 252 255 232
0.03362775221467018 0.025221562013030052 0.1809999942779541 230 233 210
0.03405335545539856 0.025221562013030052 0.1809999942779541 246 249 228
0.03447895869612694 0.025221562013030052 0.1809999942779541 255 255 237
0.03490455821156502 0.025221562013030052 0.1809999942779541 254 255 245
0.035330161452293396 0.025221562013030052 0.1809999942779541 254 255 245
0.035755764693021774 0.025221562013030052 0.1809999942779541 254 255 249
0.03618136793375015 0.025221562013030052 0.1809999942779541 254 255 249
0.03680921718478203 0.02536090649664402 0.18199999630451202 254 255 249
0.037237171083688736 0.02536090649664402 0.18199999630451202 254 255 249
0.037665124982595444 0.02536090649664402 0.18199999630451202 254 255 249
0.038302380591630936 0.025500252842903137 0.18299999833106995 254 255 249
0.03873268514871597 0.025500252842903137 0.18299999833106995 255 251 244
0.03937699645757675 0.025639599189162254 0.18400000035762787 243 234 227
0.03980965539813042 0.025639599189162254 0.18400000035762787 243 229 223
0.040461018681526184 0.025778943672776222 0.1850000023841858 255 241 235
0.04089602455496788 0.025778943672776222 0.1850000023841858 255 254 247
0.041554443538188934 0.02591829001903534 0.1860000044107437 255 254 247
0.04199180379509926 0.02591829001903534 0.1860000044107437 254 255 247
0.04242916405200958 0.02591829001903534 0.1860000044107437 254 255 247
0.04309698939323425 0.026057634502649307 0.18700000643730164 254 255 249
0.043536700308322906 0.026057634502649307 0.18700000643730164 254 255 249
0.04397641122341156 0.026057634502649307 0.18700000643730164 255 253 245
0.04465363919734955 0.026196980848908424 0.18799999356269836 246 239 231
0.045335572212934494 0.02633632719516754 0.1889999955892563 235 209 205
0.045779984444379807 0.02633632719516754 0.1889999955892563 252 226 222
0.04646897315979004 0.02647567167878151 0.1899999976158142 252 220 225
0.04716266319155693 0.026615018025040627 0.19099999964237213 255 226 231
0.04786105453968048 0.026754364371299744 0.19200000166893005 255 235 246
0.04856415092945099 0.02689370885491371 0.19300000369548798 253 220 231
0.049271948635578156 0.02703305520117283 0.1940000057220459 245 207 220
0.04998445138335228 0.027172399684786797 0.19499999284744263 224 186 199
0.05070165544748306 0.027311746031045914 0.19599999487400055 245 194 205
0.051423560827970505 0.02745109237730503 0.19699999690055847 251 200 211
0.05188678577542305 0.02745109237730503 0.19699999690055847 254 198 213
0.05261574685573578 0.027590436860919 0.1979999989271164 255 204 219
0.05334940925240517 0.027729783207178116 0.19900000095367432 255 195 213
0.05408777669072151 0.027869129553437233 0.20000000298023224 255 192 210
0.006358978804200888 0.02734752744436264 0.19300000369548798 255 255 198
0.006777498405426741 0.027205830439925194 0.19200000166893005 255 255 201
0.007228965871036053 0.027205830439925194 0.19200000166893005 235 234 190
0.007640431635081768 0.027064133435487747 0.19099999964237213 248 247 203
0.008047194220125675 0.0269224364310503 0.1899999976158142 254 255 236
0.008449253626167774 0.026780739426612854 0.1889999955892563 255 255 237
0.008893667720258236 0.026780739426612854 0.1889999955892563 254 255 247
0.009288673289120197 0.026639042422175407 0.18799999356269836 254 255 247
0.00973073486238718 0.026639042422175407 0.18799999356269836 254 255 249
0.010118686594069004 0.02649734541773796 0.18700000643730164 254 255 249
0.010558397509157658 0.02649734541773796 0.18700000643730164 254 255 251
0.010939294472336769 0.026355648413300514 0.1860000044107437 254 255 251
0.011376653797924519 0.026355648413300514 0.1860000044107437 254 255 249
0.011814013123512268 0.026355648413300514 0.1860000044107437 254 255 249
0.012251372449100018 0.026355648413300514 0.1860000044107437 254 255 249
0.012688731774687767 0.026355648413300514 0.1860000044107437 254 255 249
0.013126091100275517 0.026355648413300514 0.1860000044107437 254 255 249
0.013563450425863266 0.026355648413300514 0.1860000044107437 254 255 249
0.013925536535680294 0.026213951408863068 0.1850000023841858 254 255 249
0.01436054427176714 0.026213951408863068 0.1850000023841858 254 255 249
0.014795552007853985 0.026213951408863068 0.1850000023841858 254 255 249
0.015148232690989971 0.02607225440442562 0.18400000035762787 254 255 249
0.015580888837575912 0.02607225440442562 0.18400000035762787 254 255 249
0.01592651568353176 0.025930557399988174 0.18299999833106995 254 255 249
0.0163568202406168 0.025930557399988174 0.18299999833106995 254 255 247
0.016787126660346985 0.025930557399988174 0.18299999833106995 254 255 247
0.017217431217432022 0.025930557399988174 0.18299999833106995 253 255 246
0.01764773577451706 0.025930557399988174 0.18299999833106995 253 255 246
0.018078040331602097 0.025930557399988174 0.18299999833106995 252 254 245
0.01840720698237419 0.025788860395550728 0.18199999630451202 254 255 247
0.0188351608812809 0.025788860395550728 0.18199999630451202 254 255 247
0.019263114780187607 0.025788860395550728 0.18199999630451202 254 255 247
0.019582876935601234 0.02564716339111328 0.1809999942779541 254 255 249
0.020008478313684464 0.02564716339111328 0.1809999942779541 254 255 249
0.020434081554412842 0.02564716339111328 0.1809999942779541 254 255 249
0.02085968293249607 0.02564716339111328 0.1809999942779541 254 255 249
0.021167688071727753 0.025505466386675835 0.18000000715255737 254 255 247
0.021590938791632652 0.025505466386675835 0.18000000715255737 253 255 246
0.022014189511537552 0.025505466386675835 0.18000000715255737 255 255 233
0.02243744023144245 0.025505466386675835 0.18000000715255737 207 207 185
0.02286069095134735 0.025505466386675835 0.18000000715255737 230 228 205
0.02328394167125225 0.025505466386675835 0.18000000715255737 255 255 232
0.02370719239115715 0.025505466386675835 0.18000000715255737 254 255 241
0.02413044311106205 0.025505466386675835 0.18000000715255737 254 255 241
0.02455369383096695 0.025505466386675835 0.18000000715255737 254 255 247
0.024976946413517 0.025505466386675835 0.18000000715255737 254 255 247
0.025400197133421898 0.025505466386675835 0.18000000715255737 254 255 247
0.025823447853326797 0.025505466386675835 0.18000000715255737 254 255 247
0.026246698573231697 0.025505466386675835 0.18000000715255737 254 255 245
0.026669949293136597 0.025505466386675835 0.18000000715255737 254 255 245
0.027093200013041496 0.025505466386675835 0.18000000715255737 255 255 235
0.02766931988298893 0.02564716339111328 0.1809999942779541 242 240 219
0.028094923123717308 0.02564716339111328 0.1809999942779541 226 218 192
0.028520524501800537 0.02564716339111328 0.1809999942779541 246 238 212
0.028946127742528915 0.02564716339111328 0.1809999942779541 255 255 233
0.029371729120612144 0.02564716339111328 0.1809999942779541 255 255 233
0.029797332361340523 0.02564716339111328 0.1809999942779541 254 255 243
0.03038991242647171 0.025788860395550728 0.18199999630451202 254 255 243
0.030817866325378418 0.025788860395550728 0.18199999630451202 254 255 249
0.031245820224285126 0.025788860395550728 0.18199999630451202 254 255 249
0.031673774123191833 0.025788860395550728 0.18199999630451202 254 255 249
0.03210172802209854 0.025788860395550728 0.18199999630451202 254 255 249
0.03252968192100525 0.025788860395550728 0.18199999630451202 254 255 247
0.03295763581991196 0.025788860395550728 0.18199999630451202 254 255 247
0.033385589718818665 0.025788860395550728 0.18199999630451202 240 238 215
0.03362775221467018 0.02564716339111328 0.1809999942779541 218 216 193
0.03405335545539856 0.02564716339111328 0.1809999942779541 253 254 227
0.03447895869612694 0.02564716339111328 0.1809999942779541 255 255 231
0.03490455821156502 0.02564716339111328 0.1809999942779541 254 255 241
0.035330161452293396 0.02564716339111328 0.1809999942779541 254 255 241
0.035755764693021774 0.02564716339111328 0.1809999942779541 254 255 247
0.03618136793375015 0.02564716339111328 0.1809999942779541 254 255 247
0.03680921718478203 0.025788860395550728 0.18199999630451202 254 255 249
0.037237171083688736 0.025788860395550728 0.18199999630451202 254 255 249
0.037665124982595444 0.025788860395550728 0.18199999630451202 254 255 247
0.038302380591630936 0.025930557399988174 0.18299999833106995 253 255 246
0.03873268514871597 0.025930557399988174 0.18299999833106995 255 250 241
0.03916299343109131 0.025930557399988174 0.18299999833106995 237 226 217
0.03980965539813042 0.02607225440442562 0.18400000035762787 237 216 211
0.040461018681526184 0.026213951408863068 0.1850000023841858 252 231 226
0.04089602455496788 0.026213951408863068 0.1850000023841858 255 253 245
0.041554443538188934 0.026355648413300514 0.1860000044107437 255 253 245
0.04199180379509926 0.026355648413300514 0.1860000044107437 254 255 247
0.04242916405200958 0.026355648413300514 0.1860000044107437 254 255 247
0.04309698939323425 0.02649734541773796 0.18700000643730164 254 255 247
0.043536700308322906 0.02649734541773796 0.18700000643730164 254 255 247
0.04397641122341156 0.02649734541773796 0.18700000643730164 255 252 247
0.04465363919734955 0.026639042422175407 0.18799999356269836 244 235 230
0.04509570077061653 0.026639042422175407 0.18799999356269836 231 203 200
0.045779984444379807 0.026780739426612854 0.1889999955892563 230 202 199
0.04646897315979004 0.0269224364310503 0.1899999976158142 255 221 230
0.04716266319155693 0.027064133435487747 0.19099999964237213 253 216 225
0.0476117804646492 0.027064133435487747 0.19099999964237213 255 227 240
0.04831252247095108 0.027205830439925194 0.19200000166893005 255 231 244
0.04901796951889992 0.02734752744436264 0.19300000369548798 255 222 235
0.049728117883205414 0.027489224448800087 0.1940000057220459 223 183 196
0.05044297128915787 0.027630923315882683 0.19499999284744263 249 192 203
0.05116252601146698 0.02777262032032013 0.19599999487400055 255 198 209
0.05188678577542305 0.027914317324757576 0.19699999690055847 255 200 216
0.05261574685573578 0.028056014329195023 0.1979999989271164 255 201 217
0.05334940925240517 0.02819771133363247 0.19900000095367432 255 191 208
0.05381733551621437 0.02819771133363247 0.19900000095367432 255 189 206
0.054558053612709045 0.028339408338069916 0.20000000298023224 255 187 204
0.006326030939817429 0.027657298371195793 0.19200000166893005 255 252 192
0.006777498405426741 0.027657298371195793 0.19200000166893005 255 255 196
0.007191315293312073 0.027513250708580017 0.19099999964237213 253 233 184
0.007640431635081768 0.027513250708580017 0.19099999964237213 243 223 174
0.008047194220125675 0.027369201183319092 0.1899999976158142 255 255 227
0.008493958972394466 0.027369201183319092 0.1899999976158142 255 255 229
0.008893667720258236 0.027225153520703316 0.1889999955892563 254 255 245
0.009288673289120197 0.02708110585808754 0.18799999356269836 254 255 245
0.00973073486238718 0.02708110585808754 0.18799999356269836 254 255 249
0.010118686594069004 0.026937056332826614 0.18700000643730164 254 255 249
0.010558397509157658 0.026937056332826614 0.18700000643730164 254 255 249
0.010939294472336769 0.02679300867021084 0.1860000044107437 254 255 249
0.011376653797924519 0.02679300867021084 0.1860000044107437 254 255 249
0.011814013123512268 0.02679300867021084 0.1860000044107437 254 255 249
0.012251372449100018 0.02679300867021084 0.1860000044107437 254 255 245
0.012688731774687767 0.02679300867021084 0.1860000044107437 254 255 245
0.013126091100275517 0.02679300867021084 0.1860000044107437 254 255 245
0.013563450425863266 0.02679300867021084 0.1860000044107437 254 255 245
0.013925536535680294 0.026648959144949913 0.1850000023841858 254 255 247
0.01436054427176714 0.026648959144949913 0.1850000023841858 254 255 247
0.014795552007853985 0.026648959144949913 0.1850000023841858 254 255 249
0.015148232690989971 0.026504911482334137 0.18400000035762787 254 255 249
0.015580888837575912 0.026504911482334137 0.18400000035762787 254 255 249
0.01592651568353176 0.02636086381971836 0.18299999833106995 254 255 249
0.0163568202406168 0.02636086381971836 0.18299999833106995 254 255 247
0.016787126660346985 0.02636086381971836 0.18299999833106995 253 255 246
0.017217431217432022 0.02636086381971836 0.18299999833106995 255 253 241
0.01764773577451706 0.02636086381971836 0.18299999833106995 224 222 210
0.018078040331602097 0.02636086381971836 0.18299999833106995 252 254 243
0.018508346751332283 0.02636086381971836 0.18299999833106995 254 255 245
0.0188351608812809 0.026216814294457436 0.18199999630451202 254 255 247
0.019263114780187607 0.026216814294457436 0.18199999630451202 254 255 247
0.019691068679094315 0.026216814294457436 0.18199999630451202 254 255 249
0.020008478313684464 0.02607276663184166 0.1809999942779541 254 255 249
0.020434081554412842 0.02607276663184166 0.1809999942779541 254 255 249
0.02085968293249607 0.02607276663184166 0.1809999942779541 254 255 249
0.021167688071727753 0.025928717106580734 0.18000000715255737 255 255 243
0.021590938791632652 0.025928717106580734 0.18000000715255737 255 255 243
0.022014189511537552 0.025928717106580734 0.18000000715255737 255 252 228
0.02243744023144245 0.025928717106580734 0.18000000715255737 204 196 172
0.02286069095134735 0.025928717106580734 0.18000000715255737 211 201 173
0.02328394167125225 0.025928717106580734 0.18000000715255737 255 255 227
0.02370719239115715 0.025928717106580734 0.18000000715255737 254 255 237
0.02413044311106205 0.025928717106580734 0.18000000715255737 254 255 237
0.02455369383096695 0.025928717106580734 0.18000000715255737 254 255 245
0.024976946413517 0.025928717106580734 0.18000000715255737 254 255 245
0.025400197133421898 0.025928717106580734 0.18000000715255737 254 255 243
0.025823447853326797 0.025928717106580734 0.18000000715255737 254 255 243
0.026246698573231697 0.025928717106580734 0.18000000715255737 254 255 238
0.026669949293136597 0.025928717106580734 0.18000000715255737 254 255 238
0.027093200013041496 0.025928717106580734 0.18000000715255737 255 252 223
0.027516450732946396 0.025928717106580734 0.18000000715255737 237 230 201
0.028094923123717308 0.02607276663184166 0.1809999942779541 217 199 167
0.028520524501800537 0.02607276663184166 0.1809999942779541 240 222 190
0.028946127742528915 0.02607276663184166 0.1809999942779541 255 255 224
0.029371729120612144 0.02607276663184166 0.1809999942779541 255 255 225
0.029797332361340523 0.02607276663184166 0.1809999942779541 254 255 239
0.03038991242647171 0.026216814294457436 0.18199999630451202 254 255 239
0.030817866325378418 0.026216814294457436 0.18199999630451202 254 255 247
0.031245820224285126 0.026216814294457436 0.18199999630451202 254 255 247
0.031673774123191833 0.026216814294457436 0.18199999630451202 253 255 246
0.03210172802209854 0.026216814294457436 0.18199999630451202 252 254 245
0.03252968192100525 0.026216814294457436 0.18199999630451202 255 255 245
0.03295763581991196 0.026216814294457436 0.18199999630451202 255 255 245
0.033385589718818665 0.026216814294457436 0.18199999630451202 221 209 189
0.03362775221467018 0.02607276663184166 0.1809999942779541 215 203 183
0.03405335545539856 0.02607276663184166 0.1809999942779541 255 244 219
0.03447895869612694 0.02607276663184166 0.1809999942779541 255 254 229
0.03490455821156502 0.02607276663184166 0.1809999942779541 255 255 241
0.035330161452293396 0.02607276663184166 0.1809999942779541 255 255 241
0.035755764693021774 0.02607276663184166 0.1809999942779541 254 255 245
0.03638126328587532 0.026216814294457436 0.18199999630451202 254 255 245
0.03680921718478203 0.026216814294457436 0.18199999630451202 254 255 247
0.037237171083688736 0.026216814294457436 0.18199999630451202 254 255 247
0.037665124982595444 0.026216814294457436 0.18199999630451202 254 255 247
0.038302380591630936 0.02636086381971836 0.18299999833106995 250 252 243
0.03873268514871597 0.02636086381971836 0.18299999833106995 255 243 236
0.03916299343109131 0.02636086381971836 0.18299999833106995 230 214 207
0.03980965539813042 0.026504911482334137 0.18400000035762787 243 210 209
0.040461018681526184 0.026648959144949913 0.1850000023841858 241 208 207
0.04089602455496788 0.026648959144949913 0.1850000023841858 255 239 234
0.041554443538188934 0.02679300867021084 0.1860000044107437 255 250 245
0.04199180379509926 0.02679300867021084 0.1860000044107437 255 255 245
0.04242916405200958 0.02679300867021084 0.1860000044107437 250 248 238
0.04309698939323425 0.026937056332826614 0.18700000643730164 254 255 246
0.043536700308322906 0.026937056332826614 0.18700000643730164 255 255 247
0.04397641122341156 0.026937056332826614 0.18700000643730164 246 235 230
0.04465363919734955 0.02708110585808754 0.18799999356269836 245 234 229
0.04509570077061653 0.02708110585808754 0.18799999356269836 238 200 202
0.045779984444379807 0.027225153520703316 0.1889999955892563 221 183 185
0.04622440040111542 0.027225153520703316 0.1889999955892563 251 205 215
0.04691573604941368 0.027369201183319092 0.1899999976158142 255 215 225
0.0476117804646492 0.027513250708580017 0.19099999964237213 255 225 241
0.04831252247095108 0.027657298371195793 0.19200000166893005 255 232 248
0.04901796951889992 0.02780134789645672 0.19300000369548798 255 213 224
0.049728117883205414 0.027945395559072495 0.1940000057220459 230 179 190
0.05044297128915787 0.02808944508433342 0.19499999284744263 239 170 183
0.05116252601146698 0.028233492746949196 0.19599999487400055 250 181 194
0.008047194220125675 0.027815967798233032 0.1899999976158142 231 213 179
0.008449253626167774 0.027669567614793777 0.1889999955892563 255 252 218
0.008893667720258236 0.027669567614793777 0.1889999955892563 255 255 237
0.009288673289120197 0.027523167431354523 0.18799999356269836 255 255 237
0.00973073486238718 0.027523167431354523 0.18799999356269836 254 255 243
0.010118686594069004 0.027376767247915268 0.18700000643730164 254 255 243
0.010558397509157658 0.027376767247915268 0.18700000643730164 254 255 245
0.010939294472336769 0.027230367064476013 0.1860000044107437 254 255 245
0.011376653797924519 0.027230367064476013 0.1860000044107437 254 255 237
0.011814013123512268 0.027230367064476013 0.1860000044107437 253 255 236
0.012251372449100018 0.027230367064476013 0.1860000044107437 255 255 226
0.012688731774687767 0.027230367064476013 0.1860000044107437 242 242 211
0.013126091100275517 0.027230367064476013 0.1860000044107437 228 228 206
0.013563450425863266 0.027230367064476013 0.1860000044107437 252 252 230
0.013925536535680294 0.027083968743681908 0.1850000023841858 254 255 239
0.01436054427176714 0.027083968743681908 0.1850000023841858 254 255 239
0.014795552007853985 0.027083968743681908 0.1850000023841858 250 255 243
0.015148232690989971 0.026937568560242653 0.18400000035762787 250 255 243
0.015580888837575912 0.026937568560242653 0.18400000035762787 252 255 245
0.01592651568353176 0.026791168376803398 0.18299999833106995 252 255 245
0.0163568202406168 0.026791168376803398 0.18299999833106995 255 255 237
0.016787126660346985 0.026791168376803398 0.18299999833106995 254 255 236
0.017217431217432022 0.026791168376803398 0.18299999833106995 255 245 221
0.01764773577451706 0.026791168376803398 0.18299999833106995 195 182 158
0.018078040331602097 0.026791168376803398 0.18299999833106995 255 246 227
0.018508346751332283 0.026791168376803398 0.18299999833106995 255 254 235
0.0188351608812809 0.026644768193364143 0.18199999630451202 254 255 241
0.019263114780187607 0.026644768193364143 0.18199999630451202 254 255 241
0.019691068679094315 0.026644768193364143 0.18199999630451202 252 255 243
0.020119022578001022 0.026644768193364143 0.18199999630451202 252 255 243
0.020434081554412842 0.02649836800992489 0.1809999942779541 252 255 243
0.02085968293249607 0.02649836800992489 0.1809999942779541 252 255 243
0.02128528617322445 0.02649836800992489 0.1809999942779541 255 255 233
0.021710887551307678 0.02649836800992489 0.1809999942779541 255 255 232
0.022014189511537552 0.026351967826485634 0.18000000715255737 255 241 214
0.02243744023144245 0.026351967826485634 0.18000000715255737 202 178 151
0.02286069095134735 0.026351967826485634 0.18000000715255737 199 176 144
0.02328394167125225 0.026351967826485634 0.18000000715255737 255 250 218
0.02370719239115715 0.026351967826485634 0.18000000715255737 255 255 228
0.02413044311106205 0.026351967826485634 0.18000000715255737 255 255 229
0.02455369383096695 0.026351967826485634 0.18000000715255737 255 255 237
0.024976946413517 0.026351967826485634 0.18000000715255737 255 255 237
0.025400197133421898 0.026351967826485634 0.18000000715255737 252 255 234
0.025823447853326797 0.026351967826485634 0.18000000715255737 252 255 234
0.026246698573231697 0.026351967826485634 0.18000000715255737 255 254 227
0.026669949293136597 0.026351967826485634 0.18000000715255737 255 255 228
0.027093200013041496 0.026351967826485634 0.18000000715255737 255 246 212
0.027516450732946396 0.026351967826485634 0.18000000715255737 233 215 181
0.028946127742528915 0.02649836800992489 0.1809999942779541 255 246 210
0.029371729120612144 0.02649836800992489 0.1809999942779541 255 253 217
0.029961958527565002 0.026644768193364143 0.18199999630451202 255 255 228
0.03038991242647171 0.026644768193364143 0.18199999630451202 255 255 229
0.030817866325378418 0.026644768193364143 0.18199999630451202 255 255 239
0.031245820224285126 0.026644768193364143 0.18199999630451202 255 255 239
0.031673774123191833 0.026644768193364143 0.18199999630451202 255 253 241
0.03210172802209854 0.026644768193364143 0.18199999630451202 252 250 238
0.03252968192100525 0.026644768193364143 0.18199999630451202 252 244 230
0.03295763581991196 0.026644768193364143 0.18199999630451202 255 249 235
0.033385589718818665 0.026644768193364143 0.18199999630451202 207 183 160
0.03362775221467018 0.02649836800992489 0.1809999942779541 207 183 160
0.03405335545539856 0.02649836800992489 0.1809999942779541 255 240 215
0.03447895869612694 0.02649836800992489 0.1809999942779541 255 242 217
0.03490455821156502 0.02649836800992489 0.1809999942779541 255 254 234
0.035330161452293396 0.02649836800992489 0.1809999942779541 255 255 235
0.03595330938696861 0.026644768193364143 0.18199999630451202 255 255 241
0.03638126328587532 0.026644768193364143 0.18199999630451202 255 255 241
0.03680921718478203 0.026644768193364143 0.18199999630451202 254 255 241
0.037237171083688736 0.026644768193364143 0.18199999630451202 254 255 241
0.037665124982595444 0.026644768193364143 0.18199999630451202 255 254 241
0.038302380591630936 0.026791168376803398 0.18299999833106995 255 250 237
0.03873268514871597 0.026791168376803398 0.18299999833106995 255 231 225
0.03916299343109131 0.026791168376803398 0.18299999833106995 231 204 198
0.03980965539813042 0.026937568560242653 0.18400000035762787 241 202 200
0.040461018681526184 0.027083968743681908 0.1850000023841858 236 197 195
0.04089602455496788 0.027083968743681908 0.1850000023841858 243 211 205
0.041554443538188934 0.027230367064476013 0.1860000044107437 255 243 237
0.04199180379509926 0.027230367064476013 0.1860000044107437 255 250 241
0.04242916405200958 0.027230367064476013 0.1860000044107437 255 245 236
0.04309698939323425 0.027376767247915268 0.18700000643730164 255 251 244
0.043536700308322906 0.027376767247915268 0.18700000643730164 255 252 245
0.04397641122341156 0.027376767247915268 0.18700000643730164 255 244 245
0.04465363919734955 0.027523167431354523 0.18799999356269836 255 232 233
0.04509570077061653 0.027523167431354523 0.18799999356269836 248 198 204
0.045779984444379807 0.027669567614793777 0.1889999955892563 230 180 186
0.04622440040111542 0.027669567614793777 0.1889999955892563 255 198 208
0.04691573604941368 0.027815967798233032 0.1899999976158142 255 212 222
0.0476117804646492 0.027962366119027138 0.19099999964237213 255 219 232
0.04806089401245117 0.027962366119027138 0.19099999964237213 255 225 238
0.04876399040222168 0.028108766302466393 0.19200000166893005 255 209 219
0.049471788108348846 0.028255166485905647 0.19300000369548798 252 185 195
0.008449253626167774 0.02811397984623909 0.1889999955892563 255 242 205
0.008893667720258236 0.02811397984623909 0.1889999955892563 255 252 225
0.009288673289120197 0.027965229004621506 0.18799999356269836 255 252 225
0.00973073486238718 0.027965229004621506 0.18799999356269836 255 255 231
0.010118686594069004 0.02781647816300392 0.18700000643730164 255 255 231
0.010558397509157658 0.02781647816300392 0.18700000643730164 255 255 231
0.010939294472336769 0.027667727321386337 0.1860000044107437 255 255 231
0.011376653797924519 0.027667727321386337 0.1860000044107437 255 254 219
0.011814013123512268 0.027667727321386337 0.1860000044107437 255 254 219
0.012251372449100018 0.027667727321386337 0.1860000044107437 255 249 209
0.012688731774687767 0.027667727321386337 0.1860000044107437 252 226 186
0.013126091100275517 0.027667727321386337 0.1860000044107437 238 223 184
0.013563450425863266 0.027667727321386337 0.1860000044107437 255 254 215
0.013925536535680294 0.027518976479768753 0.1850000023841858 255 254 227
0.01436054427176714 0.027518976479768753 0.1850000023841858 255 254 227
0.014795552007853985 0.027518976479768753 0.1850000023841858 255 255 231
0.015148232690989971 0.02737022377550602 0.18400000035762787 255 255 231
0.015580888837575912 0.02737022377550602 0.18400000035762787 255 255 231
0.01592651568353176 0.027221472933888435 0.18299999833106995 255 255 231
0.0163568202406168 0.027221472933888435 0.18299999833106995 255 254 221
0.016787126660346985 0.027221472933888435 0.18299999833106995 255 254 221
0.017217431217432022 0.027221472933888435 0.18299999833106995 255 224 186
0.018078040331602097 0.027221472933888435 0.18299999833106995 224 194 162
0.018508346751332283 0.027221472933888435 0.18299999833106995 255 245 213
0.0188351608812809 0.02707272209227085 0.18199999630451202 255 253 227
0.019263114780187607 0.02707272209227085 0.18199999630451202 255 253 227
0.019691068679094315 0.02707272209227085 0.18199999630451202 255 255 231
0.020008478313684464 0.026923971250653267 0.1809999942779541 255 255 231
0.020434081554412842 0.026923971250653267 0.1809999942779541 255 255 227
0.02085968293249607 0.026923971250653267 0.1809999942779541 255 255 226
0.02128528617322445 0.026923971250653267 0.1809999942779541 255 251 221
0.021710887551307678 0.026923971250653267 0.1809999942779541 255 240 210
0.022136490792036057 0.026923971250653267 0.1809999942779541 255 218 190
0.02328394167125225 0.026775220409035683 0.18000000715255737 255 233 198
0.02370719239115715 0.026775220409035683 0.18000000715255737 255 251 219
0.02413044311106205 0.026775220409035683 0.18000000715255737 255 251 219
0.02455369383096695 0.026775220409035683 0.18000000715255737 255 254 227
0.024976946413517 0.026775220409035683 0.18000000715255737 255 254 227
0.025400197133421898 0.026775220409035683 0.18000000715255737 255 253 227
0.025823447853326797 0.026775220409035683 0.18000000715255737 255 253 227
0.026246698573231697 0.026775220409035683 0.18000000715255737 255 249 217
0.026669949293136597 0.026775220409035683 0.18000000715255737 255 249 217
0.027093200013041496 0.026775220409035683 0.18000000715255737 255 234 205
0.028946127742528915 0.026923971250653267 0.1809999942779541 255 227 199
0.029371729120612144 0.026923971250653267 0.1809999942779541 255 233 205
0.029797332361340523 0.026923971250653267 0.1809999942779541 255 241 211
0.03038991242647171 0.02707272209227085 0.18199999630451202 255 250 220
0.030817866325378418 0.02707272209227085 0.18199999630451202 255 253 225
0.031245820224285126 0.02707272209227085 0.18199999630451202 255 253 225
0.031673774123191833 0.02707272209227085 0.18199999630451202 255 249 229
0.03210172802209854 0.02707272209227085 0.18199999630451202 253 235 215
0.03252968192100525 0.02707272209227085 0.18199999630451202 255 227 208
0.03295763581991196 0.02707272209227085 0.18199999630451202 255 230 211
0.03405335545539856 0.026923971250653267 0.1809999942779541 255 207 186
0.03447895869612694 0.026923971250653267 0.1809999942779541 255 231 210
0.03490455821156502 0.026923971250653267 0.1809999942779541 255 246 227
0.035330161452293396 0.026923971250653267 0.1809999942779541 255 245 226
0.03595330938696861 0.02707272209227085 0.18199999630451202 255 250 230
0.03638126328587532 0.02707272209227085 0.18199999630451202 255 250 230
0.03680921718478203 0.02707272209227085 0.18199999630451202 255 250 233
0.037237171083688736 0.02707272209227085 0.18199999630451202 255 250 233
0.037665124982595444 0.02707272209227085 0.18199999630451202 255 246 233
0.038302380591630936 0.027221472933888435 0.18299999833106995 255 246 233
0.03873268514871597 0.027221472933888435 0.18299999833106995 255 227 224
0.03916299343109131 0.027221472933888435 0.18299999833106995 255 212 209
0.03980965539813042 0.02737022377550602 0.18400000035762787 255 205 204
0.040461018681526184 0.027518976479768753 0.1850000023841858 255 204 203
0.04089602455496788 0.027518976479768753 0.1850000023841858 255 214 210
0.041554443538188934 0.027667727321386337 0.1860000044107437 255 233 229
0.04199180379509926 0.027667727321386337 0.1860000044107437 255 238 233
0.04242916405200958 0.027667727321386337 0.1860000044107437 255 235 230
0.04309698939323425 0.02781647816300392 0.18700000643730164 255 238 237
0.043536700308322906 0.02781647816300392 0.18700000643730164 255 239 238
0.04397641122341156 0.02781647816300392 0.18700000643730164 255 228 238
0.044416118413209915 0.02781647816300392 0.18700000643730164 255 210 220
0.04509570077061653 0.027965229004621506 0.18799999356269836 255 189 203
0.04691573604941368 0.028262732550501823 0.1899999976158142 255 189 202
0.04736250266432762 0.028262732550501823 0.1899999976158142 255 196 210
0.04806089401245117 0.028411483392119408 0.19099999964237213 255 197 211
0.008893667720258236 0.02855839394032955 0.1889999955892563 255 224 188
0.009288673289120197 0.02840729057788849 0.18799999356269836 255 223 187
0.00973073486238718 0.02840729057788849 0.18799999356269836 255 240 203
0.010118686594069004 0.028256189078092575 0.18700000643730164 255 240 203
0.010558397509157658 0.028256189078092575 0.18700000643730164 255 237 199
0.010939294472336769 0.028105085715651512 0.1860000044107437 255 228 190
0.013563450425863266 0.028105085715651512 0.1860000044107437 255 237 186
0.013925536535680294 0.0279539842158556 0.1850000023841858 255 241 194
0.01436054427176714 0.0279539842158556 0.1850000023841858 255 241 194
0.014795552007853985 0.0279539842158556 0.1850000023841858 255 240 199
0.015148232690989971 0.027802880853414536 0.18400000035762787 255 241 200
0.01549621019512415 0.027651777490973473 0.18299999833106995 255 241 200
0.01592651568353176 0.027651777490973473 0.18299999833106995 255 241 200
0.0163568202406168 0.027651777490973473 0.18299999833106995 255 236 194
0.01840720698237419 0.02750067599117756 0.18199999630451202 255 232 191
0.0188351608812809 0.02750067599117756 0.18199999630451202 255 240 200
0.019263114780187607 0.02750067599117756 0.18199999630451202 255 241 201
0.019691068679094315 0.02750067599117756 0.18199999630451202 255 242 203
0.020008478313684464 0.027349572628736496 0.1809999942779541 255 241 202
0.020434081554412842 0.027349572628736496 0.1809999942779541 255 240 200
0.02085968293249607 0.027349572628736496 0.1809999942779541 255 240 200
0.02128528617322445 0.027349572628736496 0.1809999942779541 255 232 197
0.02370719239115715 0.027198471128940582 0.18000000715255737 255 231 196
0.02413044311106205 0.027198471128940582 0.18000000715255737 255 231 196
0.02455369383096695 0.027198471128940582 0.18000000715255737 255 231 199
0.024976946413517 0.027198471128940582 0.18000000715255737 255 226 194
0.02525908499956131 0.02704736776649952 0.17900000512599945 255 225 197
0.02567998319864273 0.02704736776649952 0.17900000512599945 255 227 199
0.0261008832603693 0.02704736776649952 0.17900000512599945 255 218 191
0.029797332361340523 0.027349572628736496 0.1809999942779541 255 224 197
0.03038991242647171 0.02750067599117756 0.18199999630451202 255 230 203
0.030817866325378418 0.02750067599117756 0.18199999630451202 255 231 199
0.031245820224285126 0.02750067599117756 0.18199999630451202 255 235 203
0.031673774123191833 0.02750067599117756 0.18199999630451202 255 230 209
0.03210172802209854 0.02750067599117756 0.18199999630451202 255 225 204
0.03595330938696861 0.02750067599117756 0.18199999630451202 255 209 189
0.03638126328587532 0.02750067599117756 0.18199999630451202 255 211 191
0.03680921718478203 0.02750067599117756 0.18199999630451202 255 220 197
0.037237171083688736 0.02750067599117756 0.18199999630451202 255 215 192
