0.055804576724767685 0.02284327894449234 0.20999999344348907 255 188 196
0.05629837140440941 0.02284327894449234 0.20999999344348907 255 194 209
0.056792162358760834 0.02284327894449234 0.20999999344348907 255 189 204
0.049653246998786926 0.02300368621945381 0.2070000022649765 250 183 186
0.050382208079099655 0.02311481349170208 0.20800000429153442 255 190 193
0.05087129771709442 0.02311481349170208 0.20800000429153442 255 193 203
0.05136038735508919 0.02311481349170208 0.20800000429153442 255 192 202
0.055047400295734406 0.023225942626595497 0.20900000631809235 255 186 196
0.0555388443171978 0.023225942626595497 0.20900000631809235 255 196 206
0.056030284613370895 0.023225942626595497 0.20900000631809235 255 200 220
0.05652172490954399 0.023225942626595497 0.20900000631809235 255 189 209
0.05728595703840256 0.023337071761488914 0.20999999344348907 255 194 208
0.05805489048361778 0.023448200896382332 0.210999995470047 255 190 204
0.04797426611185074 0.02314998395740986 0.20399999618530273 245 183 184
0.04869147017598152 0.023263463750481606 0.20499999821186066 252 190 191
0.049413375556468964 0.023376943543553352 0.20600000023841858 243 183 195
0.04989776387810707 0.023376943543553352 0.20600000023841858 243 183 195
0.0506267249584198 0.0234904233366251 0.2070000022649765 242 179 194
0.05111346021294594 0.0234904233366251 0.2070000022649765 242 179 194
0.05625128746032715 0.023603904992341995 0.20800000429153442 255 197 217
0.05701316520571709 0.023717384785413742 0.20900000631809235 255 199 213
0.05777974799275398 0.02383086457848549 0.20999999344348907 255 199 213
0.046093035489320755 0.023166339844465256 0.20000000298023224 234 168 173
0.04679613187909126 0.02328217215836048 0.20100000500679016 255 197 202
0.047268759459257126 0.02328217215836048 0.20100000500679016 255 195 207
0.04797891154885292 0.023398004472255707 0.20200000703334808 247 187 199
0.048693761229515076 0.023513834923505783 0.2029999941587448 246 183 198
0.04941331967711449 0.02362966723740101 0.20399999618530273 245 182 197
0.04989300295710564 0.02362966723740101 0.20399999618530273 228 160 177
0.050372686237096786 0.02362966723740101 0.20399999618530273 229 161 178
0.056740377098321915 0.02409299463033676 0.20800000429153442 255 197 211
0.05750460922718048 0.024208825081586838 0.20900000631809235 255 186 200
0.005592567380517721 0.02340025268495083 0.1979999989271164 255 236 191
0.006027546711266041 0.023282069712877274 0.19699999690055847 255 248 203
0.006490771193057299 0.023282069712877274 0.19699999690055847 255 253 211
0.03660696744918823 0.021391140297055244 0.1809999942779541 202 141 144
0.037237171083688736 0.0215093232691288 0.18199999630451202 186 125 128
0.04493841528892517 0.023282069712877274 0.19699999690055847 255 201 201
0.04563210532069206 0.02340025268495083 0.1979999989271164 255 218 226
0.04633049666881561 0.023518435657024384 0.19900000095367432 255 210 218
0.046798426657915115 0.023518435657024384 0.19900000095367432 248 187 202
0.04750387370586395 0.02363661862909794 0.20000000298023224 238 177 192
0.04821402207016945 0.023754803463816643 0.20100000500679016 253 189 200
0.04868665337562561 0.023754803463816643 0.20100000500679016 255 193 204
0.049403853714466095 0.023872986435890198 0.20200000703334808 242 175 187
0.049878835678100586 0.023872986435890198 0.20200000703334808 214 147 159
0.050603095442056656 0.023991169407963753 0.2029999941587448 199 130 143
0.051080428063869476 0.023991169407963753 0.2029999941587448 193 124 137
0.0515577606856823 0.023991169407963753 0.2029999941587448 193 127 132
0.05203509330749512 0.023991169407963753 0.2029999941587448 198 132 137
0.054475899785757065 0.024227535352110863 0.20499999821186066 255 190 210
0.05522602051496506 0.024345718324184418 0.20600000023841858 255 189 211
0.0059969499707221985 0.023624761030077934 0.19599999487400055 255 249 202
0.006457822863012552 0.023624761030077934 0.19599999487400055 255 253 213
0.00688339676707983 0.0235042255371809 0.19499999284744263 255 253 213
0.007341918535530567 0.0235042255371809 0.19499999284744263 240 221 192
0.00776043813675642 0.023383691906929016 0.1940000057220459 225 206 177
0.008089547976851463 0.023022087290883064 0.19099999964237213 245 226 201
0.008493958972394466 0.02290155366063118 0.1899999976158142 255 244 219
0.008940723724663258 0.02290155366063118 0.1899999976158142 255 254 237
0.009387488476932049 0.02290155366063118 0.1899999976158142 255 254 237
0.01143781840801239 0.022539949044585228 0.18700000643730164 255 255 243
0.011877529323101044 0.022539949044585228 0.18700000643730164 255 255 243
0.013126091100275517 0.022419415414333344 0.1860000044107437 215 186 176
0.013563450425863266 0.022419415414333344 0.1860000044107437 255 242 232
0.013925536535680294 0.02229888178408146 0.1850000023841858 255 249 245
0.01436054427176714 0.02229888178408146 0.1850000023841858 255 249 245
0.014795552007853985 0.02229888178408146 0.1850000023841858 255 252 245
0.01523055974394083 0.02229888178408146 0.1850000023841858 255 252 245
0.03107413835823536 0.021816743537783623 0.1809999942779541 255 240 220
0.03149973973631859 0.021816743537783623 0.1809999942779541 255 240 220
0.03192534297704697 0.021816743537783623 0.1809999942779541 255 233 213
0.032350946217775345 0.021816743537783623 0.1809999942779541 254 203 189
0.03277654945850372 0.021816743537783623 0.1809999942779541 175 124 110
0.035755764693021774 0.021816743537783623 0.1809999942779541 255 224 207
0.03618136793375015 0.021816743537783623 0.1809999942779541 255 243 226
0.03660696744918823 0.021816743537783623 0.1809999942779541 255 248 243
0.037237171083688736 0.021937277168035507 0.18199999630451202 255 247 242
0.04424942657351494 0.023624761030077934 0.19599999487400055 255 205 190
0.044710300862789154 0.023624761030077934 0.19599999487400055 255 215 200
0.04517117515206337 0.023624761030077934 0.19599999487400055 255 206 211
0.04633049666881561 0.023986363783478737 0.19900000095367432 255 214 219
0.04656325653195381 0.023865830153226852 0.1979999989271164 255 212 224
0.047028832137584686 0.023865830153226852 0.1979999989271164 242 182 194
0.04749440774321556 0.023865830153226852 0.1979999989271164 243 181 191
0.048202209174633026 0.023986363783478737 0.19900000095367432 243 181 191
0.04891470819711685 0.02410689741373062 0.20000000298023224 236 174 184
0.049384988844394684 0.02410689741373062 0.20000000298023224 238 176 186
0.050104543566703796 0.024227432906627655 0.20100000500679016 204 143 148
0.05057717114686966 0.024227432906627655 0.20100000500679016 214 153 158
0.05130378156900406 0.02434796653687954 0.20200000703334808 227 173 174
0.05177876353263855 0.02434796653687954 0.20200000703334808 248 194 195
0.05225374549627304 0.02434796653687954 0.20200000703334808 255 201 209
0.05298975855112076 0.024468502029776573 0.2029999941587448 255 203 211
0.05346709117293358 0.024468502029776573 0.2029999941587448 237 172 188
0.05421016365289688 0.024589035660028458 0.20399999618530273 247 182 198
0.054957933723926544 0.02470957115292549 0.20499999821186066 255 197 217
0.05543997138738632 0.02470957115292549 0.20499999821186066 255 186 206
0.0059969499707221985 0.024085633456707 0.19599999487400055 255 251 199
0.006424874998629093 0.023962747305631638 0.19499999284744263 255 255 218
0.00688339676707983 0.023962747305631638 0.19499999284744263 255 255 218
0.007341918535530567 0.023962747305631638 0.19499999284744263 255 251 227
0.007640431635081768 0.023471204563975334 0.19099999964237213 233 225 201
0.008089547976851463 0.023471204563975334 0.19099999964237213 246 241 221
0.008493958972394466 0.02334831841289997 0.1899999976158142 255 255 235
0.008893667720258236 0.023225432261824608 0.1889999955892563 254 255 243
0.009338080883026123 0.023225432261824608 0.1889999955892563 254 255 243
0.00973073486238718 0.023102546110749245 0.18799999356269836 254 255 249
0.010172797366976738 0.023102546110749245 0.18799999356269836 254 255 249
0.01143781840801239 0.02297965995967388 0.18700000643730164 254 255 249
0.011877529323101044 0.02297965995967388 0.18700000643730164 254 255 249
0.012251372449100018 0.02285677380859852 0.1860000044107437 255 255 249
0.012688731774687767 0.02285677380859852 0.1860000044107437 255 255 249
0.013126091100275517 0.02285677380859852 0.1860000044107437 255 251 245
0.013563450425863266 0.02285677380859852 0.1860000044107437 255 253 247
0.013925536535680294 0.022733889520168304 0.1850000023841858 255 254 249
0.01436054427176714 0.022733889520168304 0.1850000023841858 255 254 249
0.014795552007853985 0.022733889520168304 0.1850000023841858 255 254 249
0.015148232690989971 0.02261100336909294 0.18400000035762787 255 254 249
0.015580888837575912 0.02261100336909294 0.18400000035762787 255 254 249
0.01601354591548443 0.02261100336909294 0.18400000035762787 255 254 249
0.0163568202406168 0.022488117218017578 0.18299999833106995 255 254 245
0.016787126660346985 0.022488117218017578 0.18299999833106995 255 254 245
0.017217431217432022 0.022488117218017578 0.18299999833106995 255 248 233
0.01764773577451706 0.022488117218017578 0.18299999833106995 255 236 221
0.01840720698237419 0.022365231066942215 0.18199999630451202 255 244 226
0.0188351608812809 0.022365231066942215 0.18199999630451202 255 247 223
0.019368955865502357 0.022488117218017578 0.18299999833106995 255 248 224
0.019799262285232544 0.022488117218017578 0.18299999833106995 255 249 222
0.020119022578001022 0.022365231066942215 0.18199999630451202 255 247 220
0.02054697647690773 0.022365231066942215 0.18199999630451202 255 248 219
0.02085968293249607 0.022242344915866852 0.1809999942779541 255 248 219
0.02128528617322445 0.022242344915866852 0.1809999942779541 255 242 220
0.021710887551307678 0.022242344915866852 0.1809999942779541 255 229 207
0.028520524501800537 0.022242344915866852 0.1809999942779541 255 238 222
0.028946127742528915 0.022242344915866852 0.1809999942779541 255 251 233
0.029371729120612144 0.022242344915866852 0.1809999942779541 255 251 233
0.029797332361340523 0.022242344915866852 0.1809999942779541 255 253 241
0.030222933739423752 0.022242344915866852 0.1809999942779541 255 252 240
0.03064853698015213 0.022242344915866852 0.1809999942779541 255 252 243
0.03107413835823536 0.022242344915866852 0.1809999942779541 255 251 242
0.03149973973631859 0.022242344915866852 0.1809999942779541 255 251 239
0.03192534297704697 0.022242344915866852 0.1809999942779541 255 253 241
0.032350946217775345 0.022242344915866852 0.1809999942779541 255 249 235
0.03277654945850372 0.022242344915866852 0.1809999942779541 249 225 211
0.03490455821156502 0.022242344915866852 0.1809999942779541 231 192 172
0.035330161452293396 0.022242344915866852 0.1809999942779541 255 242 222
0.035755764693021774 0.022242344915866852 0.1809999942779541 255 253 239
0.03618136793375015 0.022242344915866852 0.1809999942779541 255 253 239
0.03660696744918823 0.022242344915866852 0.1809999942779541 255 254 247
0.037237171083688736 0.022365231066942215 0.18199999630451202 255 254 247
0.0378720760345459 0.022488117218017578 0.18299999833106995 255 251 245
0.03893028944730759 0.02285677380859852 0.1860000044107437 255 250 244
0.04357214272022247 0.02371697500348091 0.19300000369548798 255 241 224
0.0440259613096714 0.02371697500348091 0.19300000369548798 255 245 228
0.04471024498343468 0.023839861154556274 0.1940000057220459 243 207 209
0.0458577536046505 0.023962747305631638 0.19499999284744263 235 185 191
0.046316273510456085 0.023962747305631638 0.19499999284744263 236 186 192
0.04749440774321556 0.024331405758857727 0.1979999989271164 248 198 204
0.04771776124835014 0.024208519607782364 0.19699999690055847 255 207 213
0.04818098619580269 0.024208519607782364 0.19699999690055847 255 211 217
0.04889113828539848 0.024331405758857727 0.1979999989271164 253 203 209
0.04960598796606064 0.02445429190993309 0.19900000095367432 228 176 183
0.05007391795516014 0.02445429190993309 0.19900000095367432 255 222 229
0.05079582333564758 0.024577176198363304 0.20000000298023224 255 239 241
0.051266103982925415 0.024577176198363304 0.20000000298023224 255 240 242
0.051995061337947845 0.024700062349438667 0.20100000500679016 255 242 245
0.05272872745990753 0.02482294850051403 0.20200000703334808 255 237 240
0.05320370942354202 0.02482294850051403 0.20200000703334808 255 203 217
0.0539444275200367 0.024945834651589394 0.2029999941587448 221 163 177
0.05516953021287918 0.025068720802664757 0.20399999618530273 255 191 209
0.005507831461727619 0.024421269074082375 0.19499999284744263 255 248 195
0.005966353230178356 0.024421269074082375 0.19499999284744263 255 255 202
0.006391926668584347 0.024296032264828682 0.1940000057220459 255 255 226
0.006812797859311104 0.02417079545557499 0.19300000369548798 255 255 227
0.007228965871036053 0.024045556783676147 0.19200000166893005 255 255 239
0.007640431635081768 0.023920319974422455 0.19099999964237213 254 253 236
0.008089547976851463 0.023920319974422455 0.19099999964237213 253 251 239
0.008493958972394466 0.023795083165168762 0.1899999976158142 255 255 243
0.008893667720258236 0.02366984635591507 0.1889999955892563 254 255 247
0.009338080883026123 0.02366984635591507 0.1889999955892563 254 255 247
0.00973073486238718 0.023544607684016228 0.18799999356269836 254 255 249
0.010172797366976738 0.023544607684016228 0.18799999356269836 254 255 249
0.010558397509157658 0.023419370874762535 0.18700000643730164 254 255 249
0.010998107492923737 0.023419370874762535 0.18700000643730164 254 255 249
0.01143781840801239 0.023419370874762535 0.18700000643730164 254 255 251
0.011814013123512268 0.023294134065508842 0.1860000044107437 254 255 251
0.012251372449100018 0.023294134065508842 0.1860000044107437 254 255 249
0.012688731774687767 0.023294134065508842 0.1860000044107437 254 255 249
0.013126091100275517 0.023294134065508842 0.1860000044107437 254 254 248
0.013563450425863266 0.023294134065508842 0.1860000044107437 255 255 249
0.013925536535680294 0.02316889725625515 0.1850000023841858 254 255 249
0.01436054427176714 0.02316889725625515 0.1850000023841858 254 255 249
0.014795552007853985 0.02316889725625515 0.1850000023841858 254 255 249
0.015148232690989971 0.023043658584356308 0.18400000035762787 254 255 249
0.015580888837575912 0.023043658584356308 0.18400000035762787 254 255 249
0.01601354591548443 0.023043658584356308 0.18400000035762787 254 255 249
0.0163568202406168 0.022918421775102615 0.18299999833106995 254 255 249
0.016787126660346985 0.022918421775102615 0.18299999833106995 254 255 249
0.017217431217432022 0.022918421775102615 0.18299999833106995 255 255 245
0.01764773577451706 0.022918421775102615 0.18299999833106995 255 255 245
0.017979254946112633 0.022793184965848923 0.18199999630451202 255 255 241
0.01840720698237419 0.022793184965848923 0.18199999630451202 255 255 241
0.0188351608812809 0.022793184965848923 0.18199999630451202 255 255 241
0.019263114780187607 0.022793184965848923 0.18199999630451202 255 255 241
0.019582876935601234 0.02266794815659523 0.1809999942779541 255 255 241
0.020008478313684464 0.02266794815659523 0.1809999942779541 255 255 241
0.020434081554412842 0.02266794815659523 0.1809999942779541 255 255 239
0.02085968293249607 0.02266794815659523 0.1809999942779541 255 255 239
0.02128528617322445 0.02266794815659523 0.1809999942779541 255 255 237
0.021590938791632652 0.022542709484696388 0.18000000715255737 255 255 237
0.022014189511537552 0.022542709484696388 0.18000000715255737 255 243 227
0.02243744023144245 0.022542709484696388 0.18000000715255737 208 171 155
0.02286069095134735 0.022542709484696388 0.18000000715255737 208 155 140
0.02328394167125225 0.022542709484696388 0.18000000715255737 255 226 211
0.02370719239115715 0.022542709484696388 0.18000000715255737 255 244 227
0.02413044311106205 0.022542709484696388 0.18000000715255737 255 246 229
0.02455369383096695 0.022542709484696388 0.18000000715255737 255 249 241
0.024976946413517 0.022542709484696388 0.18000000715255737 255 249 241
0.025400197133421898 0.022542709484696388 0.18000000715255737 255 249 247
0.025823447853326797 0.022542709484696388 0.18000000715255737 255 249 247
0.026246698573231697 0.022542709484696388 0.18000000715255737 255 247 244
0.026669949293136597 0.022542709484696388 0.18000000715255737 255 240 237
0.027093200013041496 0.022542709484696388 0.18000000715255737 255 226 210
0.027516450732946396 0.022542709484696388 0.18000000715255737 237 207 191
0.028094923123717308 0.02266794815659523 0.1809999942779541 255 249 229
0.028520524501800537 0.02266794815659523 0.1809999942779541 255 251 231
0.028946127742528915 0.02266794815659523 0.1809999942779541 255 255 241
0.029371729120612144 0.02266794815659523 0.1809999942779541 255 255 241
0.029797332361340523 0.02266794815659523 0.1809999942779541 255 255 247
0.030222933739423752 0.02266794815659523 0.1809999942779541 255 255 247
0.03064853698015213 0.02266794815659523 0.1809999942779541 255 255 247
0.03107413835823536 0.02266794815659523 0.1809999942779541 255 255 247
0.03149973973631859 0.02266794815659523 0.1809999942779541 255 255 247
0.03192534297704697 0.02266794815659523 0.1809999942779541 255 255 247
0.032350946217775345 0.02266794815659523 0.1809999942779541 255 255 237
0.03277654945850372 0.02266794815659523 0.1809999942779541 255 255 237
0.0332021489739418 0.02266794815659523 0.1809999942779541 208 174 152
0.03362775221467018 0.02266794815659523 0.1809999942779541 143 109 87
0.03405335545539856 0.02266794815659523 0.1809999942779541 229 181 162
0.03428846597671509 0.022542709484696388 0.18000000715255737 255 225 206
0.03471171855926514 0.022542709484696388 0.18000000715255737 255 252 234
0.035330161452293396 0.02266794815659523 0.1809999942779541 255 253 235
0.035755764693021774 0.02266794815659523 0.1809999942779541 255 255 245
0.03618136793375015 0.02266794815659523 0.1809999942779541 255 255 245
0.03660696744918823 0.02266794815659523 0.1809999942779541 255 255 249
0.037237171083688736 0.022793184965848923 0.18199999630451202 255 255 249
0.0378720760345459 0.022918421775102615 0.18299999833106995 255 255 247
0.03893028944730759 0.023294134065508842 0.1860000044107437 255 255 247
0.03936764970421791 0.023294134065508842 0.1860000044107437 255 230 225
0.04023301973938942 0.023544607684016228 0.18799999356269836 198 163 158
0.04177326709032059 0.023920319974422455 0.19099999964237213 255 210 191
0.04200132563710213 0.023795083165168762 0.1899999976158142 255 229 203
0.04244808852672577 0.023795083165168762 0.1899999976158142 255 245 219
0.04289485514163971 0.023795083165168762 0.1899999976158142 255 253 235
0.04356973245739937 0.023920319974422455 0.19099999964237213 255 253 235
0.044249314814805984 0.024045556783676147 0.19200000166893005 255 249 246
0.044700782746076584 0.024045556783676147 0.19200000166893005 248 232 229
0.04515225067734718 0.024045556783676147 0.19200000166893005 230 198 203
0.04584123566746712 0.02417079545557499 0.19300000369548798 238 206 211
0.04653492569923401 0.024296032264828682 0.1940000057220459 255 221 225
0.04723331704735756 0.024421269074082375 0.19499999284744263 255 234 238
0.047691840678453445 0.024421269074082375 0.19499999284744263 255 239 245
0.04839728772640228 0.024546505883336067 0.19599999487400055 255 235 241
0.04910743609070778 0.02467174455523491 0.19699999690055847 238 194 203
0.049570661038160324 0.02467174455523491 0.19699999690055847 255 217 226
0.05028786510229111 0.0247969813644886 0.1979999989271164 255 242 246
0.05100977048277855 0.024922218173742294 0.19900000095367432 255 243 247
0.05173638090491295 0.025047456845641136 0.20000000298023224 255 246 248
0.05220666155219078 0.025047456845641136 0.20000000298023224 255 247 249
0.05294032394886017 0.02517269365489483 0.20100000500679016 255 223 232
0.053678691387176514 0.02529793046414852 0.20200000703334808 240 196 205
0.054153669625520706 0.02529793046414852 0.20200000703334808 221 158 173
0.05489909276366234 0.025423167273402214 0.2029999941587448 240 177 192
0.005507831461727619 0.02487979084253311 0.19499999284744263 255 255 206
0.005935756489634514 0.02475220337510109 0.1940000057220459 255 255 205
0.006391926668584347 0.02475220337510109 0.1940000057220459 255 255 235
0.006812797859311104 0.024624614045023918 0.19300000369548798 255 255 235
0.007228965871036053 0.024497024714946747 0.19200000166893005 255 255 243
0.007640431635081768 0.024369437247514725 0.19099999964237213 255 255 243
0.008089547976851463 0.024369437247514725 0.19099999964237213 254 255 247
0.008493958972394466 0.024241847917437553 0.1899999976158142 254 255 247
0.008893667720258236 0.024114258587360382 0.1889999955892563 254 255 249
0.009338080883026123 0.024114258587360382 0.1889999955892563 254 255 249
0.00973073486238718 0.02398667111992836 0.18799999356269836 254 255 249
0.010172797366976738 0.02398667111992836 0.18799999356269836 254 255 249
0.010558397509157658 0.02385908178985119 0.18700000643730164 254 255 249
0.010998107492923737 0.02385908178985119 0.18700000643730164 254 255 249
0.01143781840801239 0.02385908178985119 0.18700000643730164 254 255 251
0.011814013123512268 0.023731492459774017 0.1860000044107437 254 255 251
0.012251372449100018 0.023731492459774017 0.1860000044107437 254 255 251
0.012688731774687767 0.023731492459774017 0.1860000044107437 254 255 251
0.013126091100275517 0.023731492459774017 0.1860000044107437 254 255 251
0.013563450425863266 0.023731492459774017 0.1860000044107437 254 255 251
0.013925536535680294 0.023603904992341995 0.1850000023841858 254 255 251
0.01436054427176714 0.023603904992341995 0.1850000023841858 254 255 251
0.014795552007853985 0.023603904992341995 0.1850000023841858 254 255 251
0.015148232690989971 0.023476315662264824 0.18400000035762787 254 255 251
0.015580888837575912 0.023476315662264824 0.18400000035762787 254 255 251
0.01601354591548443 0.023476315662264824 0.18400000035762787 254 255 251
0.0163568202406168 0.023348728194832802 0.18299999833106995 254 255 251
0.016787126660346985 0.023348728194832802 0.18299999833106995 254 255 251
0.017217431217432022 0.023348728194832802 0.18299999833106995 254 255 251
0.01764773577451706 0.023348728194832802 0.18299999833106995 254 255 251
0.017979254946112633 0.02322113886475563 0.18199999630451202 254 255 249
0.01840720698237419 0.02322113886475563 0.18199999630451202 254 255 249
0.0188351608812809 0.02322113886475563 0.18199999630451202 254 255 247
0.019263114780187607 0.02322113886475563 0.18199999630451202 254 255 247
0.019582876935601234 0.02309354953467846 0.1809999942779541 254 255 247
0.020008478313684464 0.02309354953467846 0.1809999942779541 254 255 247
0.020434081554412842 0.02309354953467846 0.1809999942779541 254 255 247
0.020744435489177704 0.022965962067246437 0.18000000715255737 254 255 247
0.021167688071727753 0.022965962067246437 0.18000000715255737 254 255 247
0.021590938791632652 0.022965962067246437 0.18000000715255737 254 255 247
0.022014189511537552 0.022965962067246437 0.18000000715255737 255 255 237
0.02243744023144245 0.022965962067246437 0.18000000715255737 255 251 233
0.02286069095134735 0.022965962067246437 0.18000000715255737 255 249 230
0.02328394167125225 0.022965962067246437 0.18000000715255737 255 252 233
0.02370719239115715 0.022965962067246437 0.18000000715255737 255 253 233
0.02413044311106205 0.022965962067246437 0.18000000715255737 255 254 234
0.02455369383096695 0.022965962067246437 0.18000000715255737 255 254 243
0.024976946413517 0.022965962067246437 0.18000000715255737 255 254 243
0.025400197133421898 0.022965962067246437 0.18000000715255737 255 254 245
0.025823447853326797 0.022965962067246437 0.18000000715255737 255 254 245
0.026246698573231697 0.022965962067246437 0.18000000715255737 255 253 244
0.026669949293136597 0.022965962067246437 0.18000000715255737 255 253 244
0.027093200013041496 0.022965962067246437 0.18000000715255737 255 254 239
0.027516450732946396 0.022965962067246437 0.18000000715255737 255 254 239
0.028094923123717308 0.02309354953467846 0.1809999942779541 255 255 243
0.028520524501800537 0.02309354953467846 0.1809999942779541 255 255 243
0.028946127742528915 0.02309354953467846 0.1809999942779541 254 255 249
0.029371729120612144 0.02309354953467846 0.1809999942779541 254 255 249
0.029797332361340523 0.02309354953467846 0.1809999942779541 254 255 249
0.030222933739423752 0.02309354953467846 0.1809999942779541 254 255 249
0.03064853698015213 0.02309354953467846 0.1809999942779541 254 255 251
0.03107413835823536 0.02309354953467846 0.1809999942779541 254 255 251
0.03149973973631859 0.02309354953467846 0.1809999942779541 254 255 249
0.03192534297704697 0.02309354953467846 0.1809999942779541 254 255 249
0.032350946217775345 0.02309354953467846 0.1809999942779541 255 255 243
0.03277654945850372 0.02309354953467846 0.1809999942779541 255 255 243
0.0332021489739418 0.02309354953467846 0.1809999942779541 254 243 218
0.03362775221467018 0.02309354953467846 0.1809999942779541 218 207 182
0.03386521339416504 0.022965962067246437 0.18000000715255737 255 251 226
0.03428846597671509 0.022965962067246437 0.18000000715255737 255 252 227
0.03471171855926514 0.022965962067246437 0.18000000715255737 255 255 241
0.035330161452293396 0.02309354953467846 0.1809999942779541 255 255 241
0.035755764693021774 0.02309354953467846 0.1809999942779541 254 255 249
0.03618136793375015 0.02309354953467846 0.1809999942779541 254 255 249
0.03660696744918823 0.02309354953467846 0.1809999942779541 254 255 249
0.037237171083688736 0.02322113886475563 0.18199999630451202 254 255 249
0.037665124982595444 0.02322113886475563 0.18199999630451202 254 255 251
0.038302380591630936 0.023348728194832802 0.18299999833106995 254 255 251
0.0391559936106205 0.023603904992341995 0.1850000023841858 255 251 243
0.039805006235837936 0.023731492459774017 0.1860000044107437 255 248 240
0.04045872390270233 0.02385908178985119 0.18700000643730164 255 245 227
0.041117142885923386 0.02398667111992836 0.18799999356269836 255 235 217
0.0417802631855011 0.024114258587360382 0.1889999955892563 255 248 226
0.04244808852672577 0.024241847917437553 0.1899999976158142 255 253 231
0.04289485514163971 0.024241847917437553 0.1899999976158142 255 255 243
0.04356973245739937 0.024369437247514725 0.19099999964237213 255 255 243
0.044249314814805984 0.024497024714946747 0.19200000166893005 255 253 249
0.044700782746076584 0.024497024714946747 0.19200000166893005 255 253 249
0.04515225067734718 0.024497024714946747 0.19200000166893005 255 245 246
0.04584123566746712 0.024624614045023918 0.19300000369548798 255 238 239
0.04653492569923401 0.02475220337510109 0.1940000057220459 255 230 233
0.04723331704735756 0.02487979084253311 0.19499999284744263 255 241 244
0.047691840678453445 0.02487979084253311 0.19499999284744263 255 244 249
0.04815036430954933 0.02487979084253311 0.19499999284744263 255 242 247
0.04860888421535492 0.02487979084253311 0.19499999284744263 250 210 223
0.049319032579660416 0.025007380172610283 0.19599999487400055 230 190 203
0.05003388598561287 0.025134969502687454 0.19699999690055847 255 222 226
0.05075344070792198 0.025262556970119476 0.1979999989271164 255 243 247
0.051219016313552856 0.025262556970119476 0.1979999989271164 255 246 250
0.051945626735687256 0.025390146300196648 0.19900000095367432 255 239 243
0.052676938474178314 0.02551773563027382 0.20000000298023224 255 224 233
0.053147219121456146 0.02551773563027382 0.20000000298023224 255 220 229
0.05388558283448219 0.02564532309770584 0.20100000500679016 223 161 173
0.0546286515891552 0.025772912427783012 0.20200000703334808 229 167 179
0.005479585845023394 0.025208372622728348 0.1940000057220459 255 255 205
0.005935756489634514 0.025208372622728348 0.1940000057220459 255 255 207
0.006358978804200888 0.025078432634472847 0.19300000369548798 255 255 235
0.006812797859311104 0.025078432634472847 0.19300000369548798 255 255 235
0.007228965871036053 0.024948492646217346 0.19200000166893005 254 255 245
0.007640431635081768 0.024818552657961845 0.19099999964237213 254 255 245
0.008047194220125675 0.024688612669706345 0.1899999976158142 254 255 247
0.008493958972394466 0.024688612669706345 0.1899999976158142 254 255 247
0.008893667720258236 0.024558672681450844 0.1889999955892563 254 255 249
0.009288673289120197 0.024428732693195343 0.18799999356269836 254 255 249
0.00973073486238718 0.024428732693195343 0.18799999356269836 254 255 251
0.010172797366976738 0.024428732693195343 0.18799999356269836 254 255 251
0.010558397509157658 0.024298792704939842 0.18700000643730164 254 255 251
0.010998107492923737 0.024298792704939842 0.18700000643730164 254 255 251
0.01143781840801239 0.024298792704939842 0.18700000643730164 254 255 251
0.011877529323101044 0.024298792704939842 0.18700000643730164 254 255 251
0.012251372449100018 0.02416885271668434 0.1860000044107437 254 255 251
0.012688731774687767 0.02416885271668434 0.1860000044107437 254 255 251
0.013126091100275517 0.02416885271668434 0.1860000044107437 254 255 251
0.013563450425863266 0.02416885271668434 0.1860000044107437 254 255 251
0.013925536535680294 0.02403891272842884 0.1850000023841858 254 255 251
0.01436054427176714 0.02403891272842884 0.1850000023841858 254 255 251
0.014795552007853985 0.02403891272842884 0.1850000023841858 254 255 251
0.015148232690989971 0.02390897274017334 0.18400000035762787 254 255 251
0.015580888837575912 0.02390897274017334 0.18400000035762787 254 255 251
0.01601354591548443 0.02390897274017334 0.18400000035762787 254 255 251
0.0163568202406168 0.02377903275191784 0.18299999833106995 254 255 251
0.016787126660346985 0.02377903275191784 0.18299999833106995 254 255 251
0.017217431217432022 0.02377903275191784 0.18299999833106995 254 255 251
0.01764773577451706 0.02377903275191784 0.18299999833106995 254 255 251
0.018078040331602097 0.02377903275191784 0.18299999833106995 254 255 251
0.01840720698237419 0.023649092763662338 0.18199999630451202 254 255 251
0.0188351608812809 0.023649092763662338 0.18199999630451202 254 255 251
0.019157273694872856 0.023519152775406837 0.1809999942779541 254 255 251
0.019582876935601234 0.023519152775406837 0.1809999942779541 254 255 251
0.020008478313684464 0.023519152775406837 0.1809999942779541 254 255 251
0.020434081554412842 0.023519152775406837 0.1809999942779541 254 255 251
0.020744435489177704 0.023389212787151337 0.18000000715255737 254 255 251
0.021167688071727753 0.023389212787151337 0.18000000715255737 254 255 251
0.021590938791632652 0.023389212787151337 0.18000000715255737 254 255 251
0.022014189511537552 0.023389212787151337 0.18000000715255737 254 255 247
0.02243744023144245 0.023389212787151337 0.18000000715255737 250 252 243
0.02286069095134735 0.023389212787151337 0.18000000715255737 254 255 242
0.02328394167125225 0.023389212787151337 0.18000000715255737 255 255 243
0.02370719239115715 0.023389212787151337 0.18000000715255737 255 255 245
0.02413044311106205 0.023389212787151337 0.18000000715255737 255 255 245
0.02455369383096695 0.023389212787151337 0.18000000715255737 255 255 249
0.024976946413517 0.023389212787151337 0.18000000715255737 255 255 249
0.025400197133421898 0.023389212787151337 0.18000000715255737 255 255 249
0.025823447853326797 0.023389212787151337 0.18000000715255737 255 255 249
0.026246698573231697 0.023389212787151337 0.18000000715255737 255 255 251
0.026669949293136597 0.023389212787151337 0.18000000715255737 255 255 251
0.027093200013041496 0.023389212787151337 0.18000000715255737 255 255 249
0.02766931988298893 0.023519152775406837 0.1809999942779541 255 255 249
0.028094923123717308 0.023519152775406837 0.1809999942779541 254 255 247
0.028520524501800537 0.023519152775406837 0.1809999942779541 254 255 247
0.028946127742528915 0.023519152775406837 0.1809999942779541 254 255 249
0.029371729120612144 0.023519152775406837 0.1809999942779541 254 255 249
0.029797332361340523 0.023519152775406837 0.1809999942779541 254 255 249
0.030222933739423752 0.023519152775406837 0.1809999942779541 254 255 249
0.03064853698015213 0.023519152775406837 0.1809999942779541 254 255 249
0.03107413835823536 0.023519152775406837 0.1809999942779541 254 255 249
0.03149973973631859 0.023519152775406837 0.1809999942779541 254 255 249
0.03192534297704697 0.023519152775406837 0.1809999942779541 254 255 249
0.032350946217775345 0.023519152775406837 0.1809999942779541 254 255 249
0.03277654945850372 0.023519152775406837 0.1809999942779541 254 255 249
0.0332021489739418 0.023519152775406837 0.1809999942779541 255 255 238
0.03362775221467018 0.023519152775406837 0.1809999942779541 252 251 234
0.03386521339416504 0.023389212787151337 0.18000000715255737 255 255 239
0.03428846597671509 0.023389212787151337 0.18000000715255737 255 255 239
0.03490455821156502 0.023519152775406837 0.1809999942779541 254 255 247
0.035330161452293396 0.023519152775406837 0.1809999942779541 254 255 247
0.035755764693021774 0.023519152775406837 0.1809999942779541 254 255 249
0.03618136793375015 0.023519152775406837 0.1809999942779541 254 255 249
0.03660696744918823 0.023519152775406837 0.1809999942779541 254 255 251
0.037237171083688736 0.023649092763662338 0.18199999630451202 254 255 251
0.037665124982595444 0.023649092763662338 0.18199999630451202 254 255 249
0.038302380591630936 0.02377903275191784 0.18299999833106995 254 255 249
0.038944341242313385 0.02390897274017334 0.18400000035762787 255 251 244
0.03959100320935249 0.02403891272842884 0.1850000023841858 249 238 231
0.04024236649274826 0.02416885271668434 0.1860000044107437 255 238 227
0.040679726749658585 0.02416885271668434 0.1860000044107437 255 245 234
0.04133814573287964 0.024298792704939842 0.18700000643730164 255 253 241
0.04177785664796829 0.024298792704939842 0.18700000643730164 255 253 241
0.042443327605724335 0.024428732693195343 0.18799999356269836 255 255 247
0.043113503605127335 0.024558672681450844 0.1889999955892563 255 255 247
0.043557919561862946 0.024558672681450844 0.1889999955892563 255 255 249
0.044235147535800934 0.024688612669706345 0.1899999976158142 255 255 249
0.044681914150714874 0.024688612669706345 0.1899999976158142 255 248 247
0.04536619782447815 0.024818552657961845 0.19099999964237213 237 222 221
0.04605518653988838 0.024948492646217346 0.19200000166893005 255 245 248
0.046748872846364975 0.025078432634472847 0.19300000369548798 255 246 249
0.047447267919778824 0.025208372622728348 0.1940000057220459 255 244 252
0.04790343716740608 0.025208372622728348 0.1940000057220459 255 232 240
0.04860888421535492 0.02533831261098385 0.19499999284744263 255 227 240
0.049319032579660416 0.02546825259923935 0.19599999487400055 233 195 208
0.05003388598561287 0.02559819258749485 0.19699999690055847 235 199 203
0.05075344070792198 0.02572813257575035 0.1979999989271164 255 232 236
0.051219016313552856 0.02572813257575035 0.1979999989271164 255 237 239
0.051945626735687256 0.025858072564005852 0.19900000095367432 255 236 238
0.052676938474178314 0.025988014414906502 0.20000000298023224 255 239 247
0.053147219121456146 0.025988014414906502 0.20000000298023224 255 229 237
0.05388558283448219 0.026117954403162003 0.20100000500679016 244 184 196
0.0546286515891552 0.026247894391417503 0.20200000703334808 226 166 178
0.005479585845023394 0.025664543733000755 0.1940000057220459 255 255 200
0.005935756489634514 0.025664543733000755 0.1940000057220459 255 255 202
0.006358978804200888 0.025532251223921776 0.19300000369548798 255 255 229
0.006777498405426741 0.025399960577487946 0.19200000166893005 255 255 229
0.007191315293312073 0.025267669931054115 0.19099999964237213 254 255 241
0.007640431635081768 0.025267669931054115 0.19099999964237213 254 255 241
0.008047194220125675 0.025135377421975136 0.1899999976158142 254 255 247
0.008449253626167774 0.025003086775541306 0.1889999955892563 254 255 247
0.008893667720258236 0.025003086775541306 0.1889999955892563 254 255 249
0.009288673289120197 0.024870794266462326 0.18799999356269836 254 255 249
0.00973073486238718 0.024870794266462326 0.18799999356269836 254 255 249
0.010118686594069004 0.024738503620028496 0.18700000643730164 254 255 249
0.010558397509157658 0.024738503620028496 0.18700000643730164 254 255 249
0.010998107492923737 0.024738503620028496 0.18700000643730164 254 255 249
0.01143781840801239 0.024738503620028496 0.18700000643730164 254 255 251
0.011877529323101044 0.024738503620028496 0.18700000643730164 254 255 251
0.012251372449100018 0.024606211110949516 0.1860000044107437 254 255 251
0.012688731774687767 0.024606211110949516 0.1860000044107437 254 255 251
0.013126091100275517 0.024606211110949516 0.1860000044107437 254 255 251
0.013563450425863266 0.024606211110949516 0.1860000044107437 254 255 251
0.013925536535680294 0.024473920464515686 0.1850000023841858 254 255 251
0.01436054427176714 0.024473920464515686 0.1850000023841858 254 255 251
0.014795552007853985 0.024473920464515686 0.1850000023841858 254 255 251
0.015148232690989971 0.024341629818081856 0.18400000035762787 254 255 251
0.015580888837575912 0.024341629818081856 0.18400000035762787 254 255 251
0.01601354591548443 0.024341629818081856 0.18400000035762787 254 255 251
0.0163568202406168 0.024209337309002876 0.18299999833106995 254 255 251
0.016787126660346985 0.024209337309002876 0.18299999833106995 254 255 251
0.017217431217432022 0.024209337309002876 0.18299999833106995 254 255 251
0.01764773577451706 0.024209337309002876 0.18299999833106995 254 255 251
0.017979254946112633 0.024077046662569046 0.18199999630451202 254 255 251
0.01840720698237419 0.024077046662569046 0.18199999630451202 254 255 251
0.0188351608812809 0.024077046662569046 0.18199999630451202 254 255 251
0.019157273694872856 0.023944754153490067 0.1809999942779541 254 255 251
0.019582876935601234 0.023944754153490067 0.1809999942779541 254 255 251
0.020008478313684464 0.023944754153490067 0.1809999942779541 254 255 251
0.020434081554412842 0.023944754153490067 0.1809999942779541 254 255 251
0.020744435489177704 0.023812463507056236 0.18000000715255737 254 255 251
0.021167688071727753 0.023812463507056236 0.18000000715255737 254 255 251
0.021590938791632652 0.023812463507056236 0.18000000715255737 254 255 251
0.022014189511537552 0.023812463507056236 0.18000000715255737 254 255 249
0.02243744023144245 0.023812463507056236 0.18000000715255737 254 255 249
0.02286069095134735 0.023812463507056236 0.18000000715255737 254 255 247
0.02328394167125225 0.023812463507056236 0.18000000715255737 254 255 247
0.02370719239115715 0.023812463507056236 0.18000000715255737 254 255 249
0.02413044311106205 0.023812463507056236 0.18000000715255737 254 255 249
0.02455369383096695 0.023812463507056236 0.18000000715255737 254 255 249
0.024976946413517 0.023812463507056236 0.18000000715255737 254 255 249
0.025400197133421898 0.023812463507056236 0.18000000715255737 254 255 249
0.025823447853326797 0.023812463507056236 0.18000000715255737 254 255 249
0.026246698573231697 0.023812463507056236 0.18000000715255737 254 255 249
0.026669949293136597 0.023812463507056236 0.18000000715255737 254 255 249
0.0272437185049057 0.023944754153490067 0.1809999942779541 254 255 249
0.02766931988298893 0.023944754153490067 0.1809999942779541 254 255 249
0.028094923123717308 0.023944754153490067 0.1809999942779541 253 254 248
0.028520524501800537 0.023944754153490067 0.1809999942779541 254 255 249
0.028946127742528915 0.023944754153490067 0.1809999942779541 254 255 249
0.029371729120612144 0.023944754153490067 0.1809999942779541 254 255 249
0.029797332361340523 0.023944754153490067 0.1809999942779541 254 255 249
0.030222933739423752 0.023944754153490067 0.1809999942779541 254 255 249
0.03064853698015213 0.023944754153490067 0.1809999942779541 254 255 249
0.03107413835823536 0.023944754153490067 0.1809999942779541 254 255 249
0.03149973973631859 0.023944754153490067 0.1809999942779541 254 255 249
0.03192534297704697 0.023944754153490067 0.1809999942779541 254 255 249
0.032350946217775345 0.023944754153490067 0.1809999942779541 254 255 249
0.03277654945850372 0.023944754153490067 0.1809999942779541 254 255 249
0.0332021489739418 0.023944754153490067 0.1809999942779541 253 254 245
0.03362775221467018 0.023944754153490067 0.1809999942779541 253 254 245
0.03405335545539856 0.023944754153490067 0.1809999942779541 255 255 245
0.03447895869612694 0.023944754153490067 0.1809999942779541 255 255 245
0.03490455821156502 0.023944754153490067 0.1809999942779541 254 255 249
0.035330161452293396 0.023944754153490067 0.1809999942779541 254 255 249
0.035755764693021774 0.023944754153490067 0.1809999942779541 254 255 249
0.03618136793375015 0.023944754153490067 0.1809999942779541 254 255 249
0.03660696744918823 0.023944754153490067 0.1809999942779541 254 255 249
0.037237171083688736 0.024077046662569046 0.18199999630451202 254 255 249
0.0378720760345459 0.024209337309002876 0.18299999833106995 254 255 249
0.038302380591630936 0.024209337309002876 0.18299999833106995 254 255 249
0.038944341242313385 0.024341629818081856 0.18400000035762787 255 251 243
0.03937699645757675 0.024341629818081856 0.18400000035762787 241 234 226
0.04002600908279419 0.024473920464515686 0.1850000023841858 241 227 219
0.040461018681526184 0.024473920464515686 0.1850000023841858 255 249 241
0.04111708700656891 0.024606211110949516 0.1860000044107437 255 255 245
0.041554443538188934 0.024606211110949516 0.1860000044107437 255 255 245
0.042217567563056946 0.024738503620028496 0.18700000643730164 254 255 249
0.0426572784781456 0.024738503620028496 0.18700000643730164 254 255 249
0.0433274544775486 0.024870794266462326 0.18799999356269836 254 255 251
0.04376951605081558 0.024870794266462326 0.18799999356269836 254 255 251
0.044211577624082565 0.024870794266462326 0.18799999356269836 255 250 247
0.04489115998148918 0.025003086775541306 0.1889999955892563 224 216 213
0.04557544365525246 0.025135377421975136 0.1899999976158142 232 215 217
0.04626442864537239 0.025267669931054115 0.19099999964237213 255 248 250
0.04695811867713928 0.025399960577487946 0.19200000166893005 255 246 253
0.04765651375055313 0.025532251223921776 0.19300000369548798 251 230 237
0.04835960641503334 0.025664543733000755 0.1940000057220459 255 231 242
0.049067407846450806 0.025796834379434586 0.19499999284744263 243 210 221
0.04977990686893463 0.025929126888513565 0.19599999487400055 234 198 202
0.050497110933065414 0.026061417534947395 0.19699999690055847 255 224 228
0.051219016313552856 0.026193710044026375 0.1979999989271164 255 244 249
0.051945626735687256 0.026326000690460205 0.19900000095367432 255 235 240
0.05241355299949646 0.026326000690460205 0.19900000095367432 255 229 240
0.053147219121456146 0.026458293199539185 0.20000000298023224 246 213 224
0.05388558283448219 0.026590583845973015 0.20100000500679016 252 197 207
0.0546286515891552 0.026722874492406845 0.20200000703334808 223 168 178
0.005479585845023394 0.026120714843273163 0.1940000057220459 255 255 193
0.0059051597490906715 0.025986071676015854 0.19300000369548798 255 255 194
0.006358978804200888 0.025986071676015854 0.19300000369548798 255 255 217
0.006777498405426741 0.025851428508758545 0.19200000166893005 255 255 218
0.007191315293312073 0.025716785341501236 0.19099999964237213 254 255 230
0.007640431635081768 0.025716785341501236 0.19099999964237213 254 255 230
0.008047194220125675 0.025582142174243927 0.1899999976158142 254 255 243
0.008449253626167774 0.025447499006986618 0.1889999955892563 254 255 243
0.008893667720258236 0.025447499006986618 0.1889999955892563 254 255 247
0.009288673289120197 0.02531285770237446 0.18799999356269836 254 255 247
0.00973073486238718 0.02531285770237446 0.18799999356269836 254 255 249
0.010118686594069004 0.02517821453511715 0.18700000643730164 254 255 249
0.010558397509157658 0.02517821453511715 0.18700000643730164 254 255 249
0.010998107492923737 0.02517821453511715 0.18700000643730164 254 255 249
0.01143781840801239 0.02517821453511715 0.18700000643730164 254 255 249
0.011814013123512268 0.02504357136785984 0.1860000044107437 254 255 249
0.012251372449100018 0.02504357136785984 0.1860000044107437 254 255 249
0.012688731774687767 0.02504357136785984 0.1860000044107437 254 255 249
0.013126091100275517 0.02504357136785984 0.1860000044107437 254 255 249
0.013563450425863266 0.02504357136785984 0.1860000044107437 254 255 249
0.013925536535680294 0.02490892820060253 0.1850000023841858 254 255 249
0.01436054427176714 0.02490892820060253 0.1850000023841858 254 255 249
0.014795552007853985 0.02490892820060253 0.1850000023841858 254 255 249
0.015148232690989971 0.024774285033345222 0.18400000035762787 254 255 249
0.015580888837575912 0.024774285033345222 0.18400000035762787 254 255 249
0.01592651568353176 0.024639641866087914 0.18299999833106995 254 255 249
0.0163568202406168 0.024639641866087914 0.18299999833106995 254 255 249
0.016787126660346985 0.024639641866087914 0.18299999833106995 254 255 249
0.017217431217432022 0.024639641866087914 0.18299999833106995 254 255 249
0.01764773577451706 0.024639641866087914 0.18299999833106995 254 255 249
0.017979254946112633 0.024505000561475754 0.18199999630451202 254 255 249
0.01840720698237419 0.024505000561475754 0.18199999630451202 254 255 249
0.0188351608812809 0.024505000561475754 0.18199999630451202 254 255 249
0.019157273694872856 0.024370357394218445 0.1809999942779541 254 255 249
0.019582876935601234 0.024370357394218445 0.1809999942779541 254 255 249
0.020008478313684464 0.024370357394218445 0.1809999942779541 254 255 249
0.020321184769272804 0.024235714226961136 0.18000000715255737 254 255 249
0.020744435489177704 0.024235714226961136 0.18000000715255737 254 255 249
0.021167688071727753 0.024235714226961136 0.18000000715255737 254 255 249
0.021590938791632652 0.024235714226961136 0.18000000715255737 254 255 249
0.022014189511537552 0.024235714226961136 0.18000000715255737 254 255 249
0.02243744023144245 0.024235714226961136 0.18000000715255737 247 248 242
0.02286069095134735 0.024235714226961136 0.18000000715255737 253 254 248
0.02328394167125225 0.024235714226961136 0.18000000715255737 254 255 249
0.02370719239115715 0.024235714226961136 0.18000000715255737 254 255 249
0.02413044311106205 0.024235714226961136 0.18000000715255737 254 255 249
0.02455369383096695 0.024235714226961136 0.18000000715255737 254 255 251
0.024976946413517 0.024235714226961136 0.18000000715255737 254 255 251
0.025400197133421898 0.024235714226961136 0.18000000715255737 254 255 251
0.025823447853326797 0.024235714226961136 0.18000000715255737 254 255 251
0.026246698573231697 0.024235714226961136 0.18000000715255737 254 255 251
0.026669949293136597 0.024235714226961136 0.18000000715255737 254 255 251
0.0272437185049057 0.024370357394218445 0.1809999942779541 254 255 249
0.02766931988298893 0.024370357394218445 0.1809999942779541 254 255 249
0.028094923123717308 0.024370357394218445 0.1809999942779541 249 250 244
0.028520524501800537 0.024370357394218445 0.1809999942779541 254 255 249
0.028946127742528915 0.024370357394218445 0.1809999942779541 254 255 249
0.029371729120612144 0.024370357394218445 0.1809999942779541 254 255 249
0.029797332361340523 0.024370357394218445 0.1809999942779541 254 255 249
0.030222933739423752 0.024370357394218445 0.1809999942779541 254 255 249
0.03064853698015213 0.024370357394218445 0.1809999942779541 254 255 249
0.03107413835823536 0.024370357394218445 0.1809999942779541 254 255 249
0.03149973973631859 0.024370357394218445 0.1809999942779541 254 255 249
0.03192534297704697 0.024370357394218445 0.1809999942779541 254 255 249
0.032350946217775345 0.024370357394218445 0.1809999942779541 254 255 249
0.03277654945850372 0.024370357394218445 0.1809999942779541 254 255 249
0.0332021489739418 0.024370357394218445 0.1809999942779541 254 255 247
0.03362775221467018 0.024370357394218445 0.1809999942779541 252 254 245
0.03405335545539856 0.024370357394218445 0.1809999942779541 254 255 247
0.03447895869612694 0.024370357394218445 0.1809999942779541 254 255 247
0.03490455821156502 0.024370357394218445 0.1809999942779541 254 255 249
0.035330161452293396 0.024370357394218445 0.1809999942779541 254 255 249
0.035755764693021774 0.024370357394218445 0.1809999942779541 254 255 249
0.03618136793375015 0.024370357394218445 0.1809999942779541 254 255 249
0.03660696744918823 0.024370357394218445 0.1809999942779541 254 255 249
0.037237171083688736 0.024505000561475754 0.18199999630451202 254 255 249
0.0378720760345459 0.024639641866087914 0.18299999833106995 254 255 249
0.038302380591630936 0.024639641866087914 0.18299999833106995 254 255 249
0.038944341242313385 0.024774285033345222 0.18400000035762787 255 251 244
0.03937699645757675 0.024774285033345222 0.18400000035762787 240 236 229
0.04002600908279419 0.02490892820060253 0.1850000023841858 242 231 224
0.040461018681526184 0.02490892820060253 0.1850000023841858 255 245 238
0.04111708700656891 0.02504357136785984 0.1860000044107437 255 255 247
0.041554443538188934 0.02504357136785984 0.1860000044107437 255 255 247
0.04199180379509926 0.02504357136785984 0.1860000044107437 254 255 249
0.0426572784781456 0.02517821453511715 0.18700000643730164 254 255 249
0.04309698939323425 0.02517821453511715 0.18700000643730164 254 255 249
0.04376951605081558 0.02531285770237446 0.18799999356269836 254 255 249
0.044211577624082565 0.02531285770237446 0.18799999356269836 255 253 251
0.04465363919734955 0.02531285770237446 0.18799999356269836 241 236 234
0.045335572212934494 0.025447499006986618 0.1889999955892563 229 209 212
0.0460222065448761 0.025582142174243927 0.1899999976158142 255 240 243
0.04671354591846466 0.025716785341501236 0.19099999964237213 255 242 250
0.04740958660840988 0.025851428508758545 0.19200000166893005 255 243 251
0.04811033234000206 0.025986071676015854 0.19300000369548798 255 231 240
0.0488157793879509 0.026120714843273163 0.1940000057220459 247 219 228
0.04952592775225639 0.026255356147885323 0.19499999284744263 234 200 206
0.05024078115820885 0.02638999931514263 0.19599999487400055 246 212 218
0.05096033588051796 0.02652464248239994 0.19699999690055847 255 235 243
0.05168459191918373 0.02665928564965725 0.1979999989271164 255 235 243
0.05241355299949646 0.02679392881691456 0.19900000095367432 255 225 233
0.053147219121456146 0.026928571984171867 0.20000000298023224 253 219 227
0.05361749604344368 0.026928571984171867 0.20000000298023224 255 213 222
0.054358214139938354 0.027063213288784027 0.20100000500679016 226 174 183
0.005479585845023394 0.02657688409090042 0.1940000057220459 255 255 192
0.0059051597490906715 0.026439890265464783 0.19300000369548798 255 255 193
0.006358978804200888 0.026439890265464783 0.19300000369548798 254 255 209
0.006777498405426741 0.026302896440029144 0.19200000166893005 255 255 210
0.007191315293312073 0.026165902614593506 0.19099999964237213 255 255 220
0.007600429002195597 0.026028906926512718 0.1899999976158142 255 255 221
0.008047194220125675 0.026028906926512718 0.1899999976158142 253 255 236
0.008449253626167774 0.02589191310107708 0.1889999955892563 254 255 237
0.008893667720258236 0.02589191310107708 0.1889999955892563 254 255 245
0.009288673289120197 0.02575491927564144 0.18799999356269836 254 255 245
0.00973073486238718 0.02575491927564144 0.18799999356269836 254 255 249
0.010118686594069004 0.025617925450205803 0.18700000643730164 254 255 249
0.010558397509157658 0.025617925450205803 0.18700000643730164 254 255 249
0.010998107492923737 0.025617925450205803 0.18700000643730164 254 255 249
0.011376653797924519 0.025480929762125015 0.1860000044107437 254 255 249
0.011814013123512268 0.025480929762125015 0.1860000044107437 254 255 249
0.012251372449100018 0.025480929762125015 0.1860000044107437 254 255 249
0.012688731774687767 0.025480929762125015 0.1860000044107437 254 255 249
0.013126091100275517 0.025480929762125015 0.1860000044107437 254 255 249
0.013490528799593449 0.025343935936689377 0.1850000023841858 254 255 249
0.013925536535680294 0.025343935936689377 0.1850000023841858 254 255 249
0.01436054427176714 0.025343935936689377 0.1850000023841858 254 255 249
0.014795552007853985 0.025343935936689377 0.1850000023841858 254 255 249
0.015148232690989971 0.02520694211125374 0.18400000035762787 254 255 249
0.015580888837575912 0.02520694211125374 0.18400000035762787 254 255 249
0.01592651568353176 0.0250699482858181 0.18299999833106995 254 255 249
0.0163568202406168 0.0250699482858181 0.18299999833106995 254 255 249
0.016787126660346985 0.0250699482858181 0.18299999833106995 254 255 249
0.017217431217432022 0.0250699482858181 0.18299999833106995 254 255 249
0.01764773577451706 0.0250699482858181 0.18299999833106995 254 255 249
0.017979254946112633 0.024932952597737312 0.18199999630451202 254 255 249
0.01840720698237419 0.024932952597737312 0.18199999630451202 254 255 249
0.0188351608812809 0.024932952597737312 0.18199999630451202 254 255 249
0.019157273694872856 0.024795958772301674 0.1809999942779541 254 255 249
0.019582876935601234 0.024795958772301674 0.1809999942779541 254 255 249
0.020008478313684464 0.024795958772301674 0.1809999942779541 254 255 249
0.020321184769272804 0.024658964946866035 0.18000000715255737 254 255 249
0.020744435489177704 0.024658964946866035 0.18000000715255737 254 255 249
0.021167688071727753 0.024658964946866035 0.18000000715255737 254 255 249
0.021590938791632652 0.024658964946866035 0.18000000715255737 254 255 249
0.022014189511537552 0.024658964946866035 0.18000000715255737 254 255 249
0.02243744023144245 0.024658964946866035 0.18000000715255737 238 239 233
0.02286069095134735 0.024658964946866035 0.18000000715255737 252 253 249
0.02328394167125225 0.024658964946866035 0.18000000715255737 254 255 251
0.02370719239115715 0.024658964946866035 0.18000000715255737 254 255 251
0.02413044311106205 0.024658964946866035 0.18000000715255737 254 255 251
0.02455369383096695 0.024658964946866035 0.18000000715255737 254 255 251
0.024976946413517 0.024658964946866035 0.18000000715255737 254 255 251
0.025400197133421898 0.024658964946866035 0.18000000715255737 254 255 251
0.025823447853326797 0.024658964946866035 0.18000000715255737 254 255 251
0.026246698573231697 0.024658964946866035 0.18000000715255737 254 255 249
0.026669949293136597 0.024658964946866035 0.18000000715255737 254 255 249
0.0272437185049057 0.024795958772301674 0.1809999942779541 254 255 247
0.02766931988298893 0.024795958772301674 0.1809999942779541 252 254 245
0.028094923123717308 0.024795958772301674 0.1809999942779541 250 252 241
0.028520524501800537 0.024795958772301674 0.1809999942779541 254 255 245
0.028946127742528915 0.024795958772301674 0.1809999942779541 254 255 247
0.029371729120612144 0.024795958772301674 0.1809999942779541 254 255 247
0.029797332361340523 0.024795958772301674 0.1809999942779541 254 255 249
0.030222933739423752 0.024795958772301674 0.1809999942779541 254 255 249
0.03064853698015213 0.024795958772301674 0.1809999942779541 254 255 249
0.03107413835823536 0.024795958772301674 0.1809999942779541 254 255 249
0.03149973973631859 0.024795958772301674 0.1809999942779541 254 255 249
0.03192534297704697 0.024795958772301674 0.1809999942779541 254 255 249
0.032350946217775345 0.024795958772301674 0.1809999942779541 254 255 249
0.03277654945850372 0.024795958772301674 0.1809999942779541 254 255 249
0.0332021489739418 0.024795958772301674 0.1809999942779541 252 254 241
0.03362775221467018 0.024795958772301674 0.1809999942779541 240 242 229
0.03405335545539856 0.024795958772301674 0.1809999942779541 254 255 244
0.03447895869612694 0.024795958772301674 0.1809999942779541 255 255 245
0.03490455821156502 0.024795958772301674 0.1809999942779541 254 255 247
0.035330161452293396 0.024795958772301674 0.1809999942779541 254 255 247
0.035755764693021774 0.024795958772301674 0.1809999942779541 254 255 249
0.03618136793375015 0.024795958772301674 0.1809999942779541 254 255 249
0.03680921718478203 0.024932952597737312 0.18199999630451202 254 255 249
0.037237171083688736 0.024932952597737312 0.18199999630451202 254 255 249
0.0378720760345459 0.0250699482858181 0.18299999833106995 254 255 251
0.038302380591630936 0.0250699482858181 0.18299999833106995 254 255 251
0.038944341242313385 0.02520694211125374 0.18400000035762787 255 251 248
0.03937699645757675 0.02520694211125374 0.18400000035762787 241 233 230
0.04002600908279419 0.025343935936689377 0.1850000023841858 251 239 237
0.040461018681526184 0.025343935936689377 0.1850000023841858 255 251 249
0.04089602455496788 0.025343935936689377 0.1850000023841858 255 255 247
0.041554443538188934 0.025480929762125015 0.1860000044107437 255 255 247
0.04199180379509926 0.025480929762125015 0.1860000044107437 254 255 249
0.0426572784781456 0.025617925450205803 0.18700000643730164 254 255 249
0.04309698939323425 0.025617925450205803 0.18700000643730164 254 255 249
0.043536700308322906 0.025617925450205803 0.18700000643730164 254 255 249
0.04397641122341156 0.025617925450205803 0.18700000643730164 255 253 249
0.04465363919734955 0.02575491927564144 0.18799999356269836 248 243 239
0.045335572212934494 0.02589191310107708 0.1889999955892563 239 219 220
0.0460222065448761 0.026028906926512718 0.1899999976158142 242 222 223
0.04646897315979004 0.026028906926512718 0.1899999976158142 255 230 240
0.04716266319155693 0.026165902614593506 0.19099999964237213 255 242 252
0.04786105453968048 0.026302896440029144 0.19200000166893005 252 222 234
0.04856415092945099 0.026439890265464783 0.19300000369548798 255 227 239
0.049271948635578156 0.02657688409090042 0.1940000057220459 250 211 220
0.05024078115820885 0.026850873604416847 0.19599999487400055 238 199 208
0.05096033588051796 0.026987867429852486 0.19699999690055847 235 196 205
0.05168459191918373 0.027124861255288124 0.1979999989271164 255 227 236
0.05241355299949646 0.027261855080723763 0.19900000095367432 255 223 232
0.05288148298859596 0.027261855080723763 0.19900000095367432 255 219 228
0.05361749604344368 0.02739885076880455 0.20000000298023224 255 216 225
0.054358214139938354 0.02753584459424019 0.20100000500679016 251 199 208
0.005479585845023394 0.02703305520117283 0.1940000057220459 254 255 186
0.0059051597490906715 0.02689370885491371 0.19300000369548798 255 255 189
0.006358978804200888 0.02689370885491371 0.19300000369548798 255 255 202
0.006777498405426741 0.026754364371299744 0.19200000166893005 255 255 203
0.007191315293312073 0.026615018025040627 0.19099999964237213 251 253 210
0.007600429002195597 0.02647567167878151 0.1899999976158142 251 253 210
0.008047194220125675 0.02647567167878151 0.1899999976158142 254 255 234
0.008449253626167774 0.02633632719516754 0.1889999955892563 255 255 235
0.008893667720258236 0.02633632719516754 0.1889999955892563 254 255 245
0.009288673289120197 0.026196980848908424 0.18799999356269836 254 255 245
0.00973073486238718 0.026196980848908424 0.18799999356269836 254 255 249
0.010118686594069004 0.026057634502649307 0.18700000643730164 254 255 249
0.010558397509157658 0.026057634502649307 0.18700000643730164 254 255 249
0.010939294472336769 0.02591829001903534 0.1860000044107437 254 255 249
0.011376653797924519 0.02591829001903534 0.1860000044107437 254 255 251
0.011814013123512268 0.02591829001903534 0.1860000044107437 254 255 251
0.012251372449100018 0.02591829001903534 0.1860000044107437 254 255 251
0.012688731774687767 0.02591829001903534 0.1860000044107437 254 255 251
0.013126091100275517 0.02591829001903534 0.1860000044107437 254 255 251
0.013490528799593449 0.025778943672776222 0.1850000023841858 254 255 251
0.013925536535680294 0.025778943672776222 0.1850000023841858 254 255 251
0.01436054427176714 0.025778943672776222 0.1850000023841858 254 255 251
0.01471557654440403 0.025639599189162254 0.18400000035762787 254 255 251
0.015148232690989971 0.025639599189162254 0.18400000035762787 254 255 251
0.015580888837575912 0.025639599189162254 0.18400000035762787 254 255 251
0.01592651568353176 0.025500252842903137 0.18299999833106995 254 255 251
0.0163568202406168 0.025500252842903137 0.18299999833106995 254 255 249
0.016787126660346985 0.025500252842903137 0.18299999833106995 254 255 249
0.017217431217432022 0.025500252842903137 0.18299999833106995 254 255 247
0.01764773577451706 0.025500252842903137 0.18299999833106995 254 255 247
0.017979254946112633 0.02536090649664402 0.18199999630451202 254 255 247
0.01840720698237419 0.02536090649664402 0.18199999630451202 254 255 247
0.0188351608812809 0.02536090649664402 0.18199999630451202 254 255 247
0.019157273694872856 0.025221562013030052 0.1809999942779541 254 255 247
0.019582876935601234 0.025221562013030052 0.1809999942779541 254 255 249
0.020008478313684464 0.025221562013030052 0.1809999942779541 254 255 249
0.020321184769272804 0.025082215666770935 0.18000000715255737 254 255 249
0.020744435489177704 0.025082215666770935 0.18000000715255737 254 255 249
0.021167688071727753 0.025082215666770935 0.18000000715255737 254 255 249
0.021590938791632652 0.025082215666770935 0.18000000715255737 254 255 249
0.022014189511537552 0.025082215666770935 0.18000000715255737 253 255 246
0.02243744023144245 0.025082215666770935 0.18000000715255737 228 230 221
0.02286069095134735 0.025082215666770935 0.18000000715255737 249 251 242
0.02328394167125225 0.025082215666770935 0.18000000715255737 254 255 247
0.02370719239115715 0.025082215666770935 0.18000000715255737 254 255 249
0.02413044311106205 0.025082215666770935 0.18000000715255737 254 255 249
0.02455369383096695 0.025082215666770935 0.18000000715255737 254 255 251
0.024976946413517 0.025082215666770935 0.18000000715255737 254 255 251
0.025400197133421898 0.025082215666770935 0.18000000715255737 254 255 251
0.025823447853326797 0.025082215666770935 0.18000000715255737 254 255 251
0.026246698573231697 0.025082215666770935 0.18000000715255737 254 255 247
0.026669949293136597 0.025082215666770935 0.18000000715255737 254 255 247
0.0272437185049057 0.025221562013030052 0.1809999942779541 253 255 242
0.02766931988298893 0.025221562013030052 0.1809999942779541 252 254 241
0.028094923123717308 0.025221562013030052 0.1809999942779541 252 254 238
0.028520524501800537 0.025221562013030052 0.1809999942779541 255 255 241
0.028946127742528915 0.025221562013030052 0.1809999942779541 254 255 243
0.029371729120612144 0.025221562013030052 0.1809999942779541 254 255 243
0.029797332361340523 0.025221562013030052 0.1809999942779541 254 255 249
0.030222933739423752 0.025221562013030052 0.1809999942779541 254 255 249
0.03064853698015213 0.025221562013030052 0.1809999942779541 254 255 249
0.03107413835823536 0.025221562013030052 0.1809999942779541 254 255 249
0.03149973973631859 0.025221562013030052 0.1809999942779541 254 255 249
0.03192534297704697 0.025221562013030052 0.1809999942779541 254 255 249
0.032350946217775345 0.025221562013030052 0.1809999942779541 254 255 247
0.03277654945850372 0.025221562013030052 0.1809999942779541 251 253 244
0.0332021489739418 0.025221562013030052 0.1809999942779541 246 245 228
0.03362775221467018 0.025221562013030052 0.1809999942779541 242 241 224
0.03405335545539856 0.025221562013030052 0.1809999942779541 251 253 235
0.03447895869612694 0.025221562013030052 0.1809999942779541 255 255 239
0.03490455821156502 0.025221562013030052 0.1809999942779541 254 255 245
0.035330161452293396 0.025221562013030052 0.1809999942779541 254 255 245
0.035755764693021774 0.025221562013030052 0.1809999942779541 254 255 249
0.03618136793375015 0.025221562013030052 0.1809999942779541 254 255 249
0.03680921718478203 0.02536090649664402 0.18199999630451202 254 255 249
0.037237171083688736 0.02536090649664402 0.18199999630451202 254 255 249
0.0378720760345459 0.025500252842903137 0.18299999833106995 254 255 251
0.038302380591630936 0.025500252842903137 0.18299999833106995 254 255 251
0.038944341242313385 0.025639599189162254 0.18400000035762787 254 244 244
0.03937699645757675 0.025639599189162254 0.18400000035762787 233 223 223
0.04002600908279419 0.025778943672776222 0.1850000023841858 249 234 233
0.040461018681526184 0.025778943672776222 0.1850000023841858 255 250 249
0.04089602455496788 0.025778943672776222 0.1850000023841858 255 255 249
0.041554443538188934 0.02591829001903534 0.1860000044107437 255 255 249
0.04199180379509926 0.02591829001903534 0.1860000044107437 254 255 249
0.04242916405200958 0.02591829001903534 0.1860000044107437 254 255 249
0.04309698939323425 0.026057634502649307 0.18700000643730164 254 255 249
0.043536700308322906 0.026057634502649307 0.18700000643730164 254 255 249
0.04397641122341156 0.026057634502649307 0.18700000643730164 255 253 249
0.04465363919734955 0.026196980848908424 0.18799999356269836 254 249 245
0.045335572212934494 0.02633632719516754 0.1889999955892563 228 212 205
0.045779984444379807 0.02633632719516754 0.1889999955892563 241 225 218
0.04646897315979004 0.02647567167878151 0.1899999976158142 254 230 234
0.04716266319155693 0.026615018025040627 0.19099999964237213 255 235 239
0.04786105453968048 0.026754364371299744 0.19200000166893005 255 235 247
0.04856415092945099 0.02689370885491371 0.19300000369548798 248 218 230
0.049271948635578156 0.02703305520117283 0.1940000057220459 253 214 223
0.04998445138335228 0.027172399684786797 0.19499999284744263 234 195 204
0.05096033588051796 0.02745109237730503 0.19699999690055847 240 194 206
0.05168459191918373 0.027590436860919 0.1979999989271164 255 225 237
0.05241355299949646 0.027729783207178116 0.19900000095367432 255 224 233
0.05288148298859596 0.027729783207178116 0.19900000095367432 255 222 231
0.05361749604344368 0.027869129553437233 0.20000000298023224 255 203 213
0.054358214139938354 0.0280084740370512 0.20100000500679016 245 185 195
0.006358978804200888 0.02734752744436264 0.19300000369548798 255 255 198
0.006777498405426741 0.027205830439925194 0.19200000166893005 253 253 193
0.007191315293312073 0.027064133435487747 0.19099999964237213 241 236 191
0.007640431635081768 0.027064133435487747 0.19099999964237213 241 236 191
0.008047194220125675 0.0269224364310503 0.1899999976158142 255 255 232
0.008449253626167774 0.026780739426612854 0.1889999955892563 255 255 233
0.008893667720258236 0.026780739426612854 0.1889999955892563 254 255 245
0.009288673289120197 0.026639042422175407 0.18799999356269836 254 255 245
0.00973073486238718 0.026639042422175407 0.18799999356269836 254 255 249
0.010118686594069004 0.02649734541773796 0.18700000643730164 254 255 249
0.010558397509157658 0.02649734541773796 0.18700000643730164 254 255 249
0.010939294472336769 0.026355648413300514 0.1860000044107437 254 255 249
0.011376653797924519 0.026355648413300514 0.1860000044107437 254 255 251
0.011814013123512268 0.026355648413300514 0.1860000044107437 254 255 251
0.012251372449100018 0.026355648413300514 0.1860000044107437 254 255 249
0.012688731774687767 0.026355648413300514 0.1860000044107437 254 255 249
0.013055521063506603 0.026213951408863068 0.1850000023841858 254 255 249
0.013490528799593449 0.026213951408863068 0.1850000023841858 254 255 249
0.013925536535680294 0.026213951408863068 0.1850000023841858 254 255 249
0.01436054427176714 0.026213951408863068 0.1850000023841858 254 255 249
0.01471557654440403 0.02607225440442562 0.18400000035762787 254 255 249
0.015148232690989971 0.02607225440442562 0.18400000035762787 254 255 249
0.015580888837575912 0.02607225440442562 0.18400000035762787 254 255 249
0.01592651568353176 0.025930557399988174 0.18299999833106995 254 255 249
0.0163568202406168 0.025930557399988174 0.18299999833106995 254 255 249
0.016787126660346985 0.025930557399988174 0.18299999833106995 254 255 249
0.017217431217432022 0.025930557399988174 0.18299999833106995 253 255 246
0.01764773577451706 0.025930557399988174 0.18299999833106995 250 252 243
0.017979254946112633 0.025788860395550728 0.18199999630451202 253 255 244
0.01840720698237419 0.025788860395550728 0.18199999630451202 254 255 245
0.0188351608812809 0.025788860395550728 0.18199999630451202 254 255 247
0.019157273694872856 0.02564716339111328 0.1809999942779541 254 255 247
0.019582876935601234 0.02564716339111328 0.1809999942779541 254 255 249
0.020008478313684464 0.02564716339111328 0.1809999942779541 254 255 249
0.020321184769272804 0.025505466386675835 0.18000000715255737 254 255 249
0.020744435489177704 0.025505466386675835 0.18000000715255737 254 255 249
0.021167688071727753 0.025505466386675835 0.18000000715255737 254 255 247
0.021590938791632652 0.025505466386675835 0.18000000715255737 253 255 246
0.022014189511537552 0.025505466386675835 0.18000000715255737 253 255 235
0.02243744023144245 0.025505466386675835 0.18000000715255737 209 212 191
0.02286069095134735 0.025505466386675835 0.18000000715255737 251 254 233
0.02328394167125225 0.025505466386675835 0.18000000715255737 255 255 237
0.02370719239115715 0.025505466386675835 0.18000000715255737 254 255 245
0.02413044311106205 0.025505466386675835 0.18000000715255737 254 255 245
0.02455369383096695 0.025505466386675835 0.18000000715255737 254 255 249
0.024976946413517 0.025505466386675835 0.18000000715255737 254 255 249
0.025400197133421898 0.025505466386675835 0.18000000715255737 254 255 249
0.025823447853326797 0.025505466386675835 0.18000000715255737 254 255 249
0.026246698573231697 0.025505466386675835 0.18000000715255737 254 255 245
0.026669949293136597 0.025505466386675835 0.18000000715255737 254 255 245
0.0272437185049057 0.02564716339111328 0.1809999942779541 255 255 240
0.02766931988298893 0.02564716339111328 0.1809999942779541 253 252 237
0.028094923123717308 0.02564716339111328 0.1809999942779541 250 247 231
0.028520524501800537 0.02564716339111328 0.1809999942779541 255 253 237
0.028946127742528915 0.02564716339111328 0.1809999942779541 253 255 240
0.029371729120612144 0.02564716339111328 0.1809999942779541 254 255 241
0.029797332361340523 0.02564716339111328 0.1809999942779541 254 255 245
0.030222933739423752 0.02564716339111328 0.1809999942779541 254 255 245
0.03064853698015213 0.02564716339111328 0.1809999942779541 254 255 249
0.03107413835823536 0.02564716339111328 0.1809999942779541 254 255 249
0.03149973973631859 0.02564716339111328 0.1809999942779541 254 255 249
0.03192534297704697 0.02564716339111328 0.1809999942779541 254 255 249
0.032350946217775345 0.02564716339111328 0.1809999942779541 254 255 243
0.03277654945850372 0.02564716339111328 0.1809999942779541 247 249 236
0.0332021489739418 0.02564716339111328 0.1809999942779541 246 246 226
0.03362775221467018 0.02564716339111328 0.1809999942779541 242 242 222
0.03405335545539856 0.02564716339111328 0.1809999942779541 254 255 232
0.03447895869612694 0.02564716339111328 0.1809999942779541 255 255 233
0.03490455821156502 0.02564716339111328 0.1809999942779541 254 255 241
0.035330161452293396 0.02564716339111328 0.1809999942779541 254 255 241
0.035755764693021774 0.02564716339111328 0.1809999942779541 254 255 247
0.03618136793375015 0.02564716339111328 0.1809999942779541 254 255 247
0.03680921718478203 0.025788860395550728 0.18199999630451202 254 255 249
0.037237171083688736 0.025788860395550728 0.18199999630451202 254 255 249
0.0378720760345459 0.025930557399988174 0.18299999833106995 254 255 249
0.038302380591630936 0.025930557399988174 0.18299999833106995 252 253 247
0.038944341242313385 0.02607225440442562 0.18400000035762787 254 239 238
0.03937699645757675 0.02607225440442562 0.18400000035762787 228 213 212
0.04002600908279419 0.026213951408863068 0.1850000023841858 238 216 218
0.040461018681526184 0.026213951408863068 0.1850000023841858 255 240 242
0.04089602455496788 0.026213951408863068 0.1850000023841858 255 253 249
0.041554443538188934 0.026355648413300514 0.1860000044107437 255 253 249
0.04199180379509926 0.026355648413300514 0.1860000044107437 254 255 249
0.04242916405200958 0.026355648413300514 0.1860000044107437 254 255 249
0.04309698939323425 0.02649734541773796 0.18700000643730164 254 255 249
0.043536700308322906 0.02649734541773796 0.18700000643730164 254 255 249
0.04397641122341156 0.02649734541773796 0.18700000643730164 255 254 247
0.04465363919734955 0.026639042422175407 0.18799999356269836 255 253 246
0.04509570077061653 0.026639042422175407 0.18799999356269836 222 203 197
0.045779984444379807 0.026780739426612854 0.1889999955892563 234 215 209
0.04646897315979004 0.0269224364310503 0.1899999976158142 255 230 230
0.04716266319155693 0.027064133435487747 0.19099999964237213 255 229 229
0.04786105453968048 0.027205830439925194 0.19200000166893005 255 226 236
0.04856415092945099 0.02734752744436264 0.19300000369548798 249 219 229
0.049271948635578156 0.027489224448800087 0.1940000057220459 248 206 220
0.04998445138335228 0.027630923315882683 0.19499999284744263 229 187 201
0.05096033588051796 0.027914317324757576 0.19699999690055847 236 178 192
0.05168459191918373 0.028056014329195023 0.1979999989271164 255 204 218
0.052150171250104904 0.028056014329195023 0.1979999989271164 255 207 220
0.05288148298859596 0.02819771133363247 0.19900000095367432 255 219 232
0.05361749604344368 0.028339408338069916 0.20000000298023224 255 195 210
0.054358214139938354 0.028481105342507362 0.20100000500679016 255 193 208
0.006358978804200888 0.02780134789645672 0.19300000369548798 255 255 198
0.006777498405426741 0.027657298371195793 0.19200000166893005 244 234 175
0.008047194220125675 0.027369201183319092 0.1899999976158142 247 241 217
0.008449253626167774 0.027225153520703316 0.1889999955892563 255 255 231
0.008893667720258236 0.027225153520703316 0.1889999955892563 254 255 245
0.009288673289120197 0.02708110585808754 0.18799999356269836 254 255 245
0.00973073486238718 0.02708110585808754 0.18799999356269836 254 255 249
0.010118686594069004 0.026937056332826614 0.18700000643730164 254 255 249
0.010558397509157658 0.026937056332826614 0.18700000643730164 254 255 249
0.010939294472336769 0.02679300867021084 0.1860000044107437 254 255 249
0.011376653797924519 0.02679300867021084 0.1860000044107437 254 255 247
0.011814013123512268 0.02679300867021084 0.1860000044107437 254 255 247
0.012251372449100018 0.02679300867021084 0.1860000044107437 253 255 244
0.012688731774687767 0.02679300867021084 0.1860000044107437 252 254 243
0.013055521063506603 0.026648959144949913 0.1850000023841858 253 255 246
0.013490528799593449 0.026648959144949913 0.1850000023841858 254 255 247
0.013925536535680294 0.026648959144949913 0.1850000023841858 254 255 249
0.01436054427176714 0.026648959144949913 0.1850000023841858 254 255 249
0.01471557654440403 0.026504911482334137 0.18400000035762787 254 255 249
0.015148232690989971 0.026504911482334137 0.18400000035762787 254 255 249
0.015580888837575912 0.026504911482334137 0.18400000035762787 254 255 249
0.01592651568353176 0.02636086381971836 0.18299999833106995 254 255 249
0.0163568202406168 0.02636086381971836 0.18299999833106995 254 255 247
0.016787126660346985 0.02636086381971836 0.18299999833106995 254 255 247
0.017217431217432022 0.02636086381971836 0.18299999833106995 251 248 232
0.01764773577451706 0.02636086381971836 0.18299999833106995 208 205 189
0.017979254946112633 0.026216814294457436 0.18199999630451202 251 253 240
0.01840720698237419 0.026216814294457436 0.18199999630451202 253 255 242
0.0188351608812809 0.026216814294457436 0.18199999630451202 254 255 245
0.019157273694872856 0.02607276663184166 0.1809999942779541 254 255 245
0.019582876935601234 0.02607276663184166 0.1809999942779541 254 255 249
0.020008478313684464 0.02607276663184166 0.1809999942779541 254 255 249
0.020321184769272804 0.025928717106580734 0.18000000715255737 254 255 247
0.020744435489177704 0.025928717106580734 0.18000000715255737 254 255 247
0.021167688071727753 0.025928717106580734 0.18000000715255737 254 255 243
0.021590938791632652 0.025928717106580734 0.18000000715255737 254 255 243
0.022014189511537552 0.025928717106580734 0.18000000715255737 255 250 226
0.02243744023144245 0.025928717106580734 0.18000000715255737 192 186 162
0.02286069095134735 0.025928717106580734 0.18000000715255737 234 227 198
0.02328394167125225 0.025928717106580734 0.18000000715255737 255 255 227
0.02370719239115715 0.025928717106580734 0.18000000715255737 255 255 241
0.02413044311106205 0.025928717106580734 0.18000000715255737 255 255 241
0.02455369383096695 0.025928717106580734 0.18000000715255737 254 255 247
0.024976946413517 0.025928717106580734 0.18000000715255737 254 255 247
0.025400197133421898 0.025928717106580734 0.18000000715255737 254 255 247
0.025823447853326797 0.025928717106580734 0.18000000715255737 254 255 247
0.026246698573231697 0.025928717106580734 0.18000000715255737 255 255 243
0.026818115264177322 0.02607276663184166 0.1809999942779541 254 255 242
0.0272437185049057 0.02607276663184166 0.1809999942779541 255 243 232
0.02766931988298893 0.02607276663184166 0.1809999942779541 230 212 201
0.028094923123717308 0.02607276663184166 0.1809999942779541 197 173 159
0.028520524501800537 0.02607276663184166 0.1809999942779541 243 219 205
0.028946127742528915 0.02607276663184166 0.1809999942779541 255 255 233
0.029371729120612144 0.02607276663184166 0.1809999942779541 255 255 233
0.029797332361340523 0.02607276663184166 0.1809999942779541 254 255 243
0.030222933739423752 0.02607276663184166 0.1809999942779541 254 255 243
0.03064853698015213 0.02607276663184166 0.1809999942779541 254 255 247
0.03107413835823536 0.02607276663184166 0.1809999942779541 254 255 247
0.03149973973631859 0.02607276663184166 0.1809999942779541 254 255 247
0.03192534297704697 0.02607276663184166 0.1809999942779541 254 255 247
0.032350946217775345 0.02607276663184166 0.1809999942779541 255 254 243
0.03277654945850372 0.02607276663184166 0.1809999942779541 255 251 240
0.0332021489739418 0.02607276663184166 0.1809999942779541 219 210 191
0.03362775221467018 0.02607276663184166 0.1809999942779541 226 217 198
0.03405335545539856 0.02607276663184166 0.1809999942779541 255 254 230
0.03447895869612694 0.02607276663184166 0.1809999942779541 255 254 230
0.03490455821156502 0.02607276663184166 0.1809999942779541 253 255 236
0.035330161452293396 0.02607276663184166 0.1809999942779541 254 255 237
0.035755764693021774 0.02607276663184166 0.1809999942779541 254 255 247
0.03618136793375015 0.02607276663184166 0.1809999942779541 254 255 247
0.03680921718478203 0.026216814294457436 0.18199999630451202 254 255 249
0.037237171083688736 0.026216814294457436 0.18199999630451202 254 255 249
0.037665124982595444 0.026216814294457436 0.18199999630451202 254 255 249
0.038302380591630936 0.02636086381971836 0.18299999833106995 245 246 240
0.03873268514871597 0.02636086381971836 0.18299999833106995 255 239 236
0.03937699645757675 0.026504911482334137 0.18400000035762787 227 211 208
0.03980965539813042 0.026504911482334137 0.18400000035762787 237 209 210
0.040461018681526184 0.026648959144949913 0.1850000023841858 245 217 218
0.04089602455496788 0.026648959144949913 0.1850000023841858 255 250 248
0.041554443538188934 0.02679300867021084 0.1860000044107437 255 251 249
0.04199180379509926 0.02679300867021084 0.1860000044107437 255 255 249
0.04242916405200958 0.02679300867021084 0.1860000044107437 255 255 249
0.04309698939323425 0.026937056332826614 0.18700000643730164 255 255 249
0.043536700308322906 0.026937056332826614 0.18700000643730164 255 255 249
0.04397641122341156 0.026937056332826614 0.18700000643730164 255 251 244
0.04465363919734955 0.02708110585808754 0.18799999356269836 254 243 236
0.04509570077061653 0.02708110585808754 0.18799999356269836 218 193 186
0.045779984444379807 0.027225153520703316 0.1889999955892563 219 194 187
0.04646897315979004 0.027369201183319092 0.1899999976158142 255 229 226
0.04691573604941368 0.027369201183319092 0.1899999976158142 255 230 227
0.0476117804646492 0.027513250708580017 0.19099999964237213 255 227 234
0.04831252247095108 0.027657298371195793 0.19200000166893005 255 230 237
0.049271948635578156 0.027945395559072495 0.1940000057220459 251 205 217
0.04998445138335228 0.02808944508433342 0.19499999284744263 231 185 197
0.05070165544748306 0.028233492746949196 0.19599999487400055 234 166 183
0.05168459191918373 0.028521589934825897 0.1979999989271164 255 192 209
0.05288148298859596 0.028665637597441673 0.19900000095367432 255 191 207
0.008047194220125675 0.027815967798233032 0.1899999976158142 221 197 170
0.008449253626167774 0.027669567614793777 0.1889999955892563 255 245 218
0.008893667720258236 0.027669567614793777 0.1889999955892563 255 255 239
0.009288673289120197 0.027523167431354523 0.18799999356269836 255 255 239
0.00973073486238718 0.027523167431354523 0.18799999356269836 254 255 245
0.010118686594069004 0.027376767247915268 0.18700000643730164 254 255 245
0.01050193514674902 0.027230367064476013 0.1860000044107437 254 255 245
0.010939294472336769 0.027230367064476013 0.1860000044107437 254 255 245
0.011376653797924519 0.027230367064476013 0.1860000044107437 254 255 237
0.011814013123512268 0.027230367064476013 0.1860000044107437 252 255 235
0.012185504660010338 0.027083968743681908 0.1850000023841858 255 255 229
0.012620512396097183 0.027083968743681908 0.1850000023841858 252 253 226
0.013055521063506603 0.027083968743681908 0.1850000023841858 246 248 230
0.013490528799593449 0.027083968743681908 0.1850000023841858 255 255 239
0.013925536535680294 0.027083968743681908 0.1850000023841858 252 255 245
0.014282919466495514 0.026937568560242653 0.18400000035762787 252 255 245
0.01471557654440403 0.026937568560242653 0.18400000035762787 250 255 245
0.015148232690989971 0.026937568560242653 0.18400000035762787 250 255 245
0.015580888837575912 0.026937568560242653 0.18400000035762787 250 255 243
0.01592651568353176 0.026791168376803398 0.18299999833106995 250 255 243
0.0163568202406168 0.026791168376803398 0.18299999833106995 254 255 235
0.016787126660346985 0.026791168376803398 0.18299999833106995 253 255 234
0.017217431217432022 0.026791168376803398 0.18299999833106995 255 246 217
0.01764773577451706 0.026791168376803398 0.18299999833106995 195 183 154
0.017979254946112633 0.026644768193364143 0.18199999630451202 255 250 228
0.01840720698237419 0.026644768193364143 0.18199999630451202 255 255 233
0.018731672316789627 0.02649836800992489 0.1809999942779541 254 255 239
0.019157273694872856 0.02649836800992489 0.1809999942779541 254 255 239
0.019582876935601234 0.02649836800992489 0.1809999942779541 252 255 241
0.020008478313684464 0.02649836800992489 0.1809999942779541 252 255 241
0.020321184769272804 0.026351967826485634 0.18000000715255737 252 255 243
0.020744435489177704 0.026351967826485634 0.18000000715255737 252 255 243
0.021167688071727753 0.026351967826485634 0.18000000715255737 255 255 235
0.021590938791632652 0.026351967826485634 0.18000000715255737 255 255 234
0.022014189511537552 0.026351967826485634 0.18000000715255737 255 245 215
0.02243744023144245 0.026351967826485634 0.18000000715255737 188 173 143
0.02286069095134735 0.026351967826485634 0.18000000715255737 198 180 146
0.02328394167125225 0.026351967826485634 0.18000000715255737 255 253 219
0.02370719239115715 0.026351967826485634 0.18000000715255737 254 255 228
0.02413044311106205 0.026351967826485634 0.18000000715255737 255 255 229
0.02455369383096695 0.026351967826485634 0.18000000715255737 254 255 239
0.024976946413517 0.026351967826485634 0.18000000715255737 254 255 239
0.025400197133421898 0.026351967826485634 0.18000000715255737 252 255 239
0.025823447853326797 0.026351967826485634 0.18000000715255737 252 255 239
0.026392513886094093 0.02649836800992489 0.1809999942779541 255 249 235
0.026818115264177322 0.02649836800992489 0.1809999942779541 255 248 234
0.0272437185049057 0.02649836800992489 0.1809999942779541 255 224 213
0.02766931988298893 0.02649836800992489 0.1809999942779541 244 213 202
0.028094923123717308 0.02649836800992489 0.1809999942779541 204 159 146
0.028520524501800537 0.02649836800992489 0.1809999942779541 239 194 181
0.028946127742528915 0.02649836800992489 0.1809999942779541 255 249 221
0.029371729120612144 0.02649836800992489 0.1809999942779541 255 251 223
0.029797332361340523 0.02649836800992489 0.1809999942779541 255 255 233
0.030222933739423752 0.02649836800992489 0.1809999942779541 255 255 233
0.03064853698015213 0.02649836800992489 0.1809999942779541 254 255 239
0.03107413835823536 0.02649836800992489 0.1809999942779541 254 255 239
0.03149973973631859 0.02649836800992489 0.1809999942779541 255 255 243
0.03192534297704697 0.02649836800992489 0.1809999942779541 250 251 238
0.032350946217775345 0.02649836800992489 0.1809999942779541 255 248 237
0.03277654945850372 0.02649836800992489 0.1809999942779541 255 251 240
0.0332021489739418 0.02649836800992489 0.1809999942779541 207 181 166
0.03362775221467018 0.02649836800992489 0.1809999942779541 214 188 173
0.03405335545539856 0.02649836800992489 0.1809999942779541 255 234 207
0.03447895869612694 0.02649836800992489 0.1809999942779541 255 250 223
0.03490455821156502 0.02649836800992489 0.1809999942779541 255 254 229
0.035330161452293396 0.02649836800992489 0.1809999942779541 255 255 231
0.035755764693021774 0.02649836800992489 0.1809999942779541 254 255 241
0.03618136793375015 0.02649836800992489 0.1809999942779541 254 255 241
0.03680921718478203 0.026644768193364143 0.18199999630451202 254 255 243
0.037237171083688736 0.026644768193364143 0.18199999630451202 254 255 243
0.037665124982595444 0.026644768193364143 0.18199999630451202 255 254 245
0.038302380591630936 0.026791168376803398 0.18299999833106995 255 253 244
0.03873268514871597 0.026791168376803398 0.18299999833106995 255 235 230
0.03937699645757675 0.026937568560242653 0.18400000035762787 236 206 201
0.03980965539813042 0.026937568560242653 0.18400000035762787 244 207 204
0.040461018681526184 0.027083968743681908 0.1850000023841858 255 219 216
0.04089602455496788 0.027083968743681908 0.1850000023841858 255 237 234
0.041331034153699875 0.027083968743681908 0.1850000023841858 255 246 243
0.04199180379509926 0.027230367064476013 0.1860000044107437 255 249 242
0.04242916405200958 0.027230367064476013 0.1860000044107437 252 241 234
0.04309698939323425 0.027376767247915268 0.18700000643730164 255 251 246
0.043536700308322906 0.027376767247915268 0.18700000643730164 255 252 247
0.04397641122341156 0.027376767247915268 0.18700000643730164 255 246 244
0.04465363919734955 0.027523167431354523 0.18799999356269836 255 233 231
0.04509570077061653 0.027523167431354523 0.18799999356269836 229 182 183
0.045779984444379807 0.027669567614793777 0.1889999955892563 240 193 194
0.04646897315979004 0.027815967798233032 0.1899999976158142 255 216 220
0.04691573604941368 0.027815967798233032 0.1899999976158142 255 215 219
0.0476117804646492 0.027962366119027138 0.19099999964237213 255 205 209
0.04831252247095108 0.028108766302466393 0.19200000166893005 255 221 225
0.04901796951889992 0.028255166485905647 0.19300000369548798 255 209 219
0.04998445138335228 0.028547966852784157 0.19499999284744263 255 194 204
0.008493958972394466 0.028262732550501823 0.1899999976158142 255 241 209
0.008893667720258236 0.02811397984623909 0.1889999955892563 255 252 227
0.009288673289120197 0.027965229004621506 0.18799999356269836 255 252 227
0.00973073486238718 0.027965229004621506 0.18799999356269836 255 254 233
0.010118686594069004 0.02781647816300392 0.18700000643730164 255 254 233
0.01050193514674902 0.027667727321386337 0.1860000044107437 255 255 229
0.010939294472336769 0.027667727321386337 0.1860000044107437 255 255 229
0.011376653797924519 0.027667727321386337 0.1860000044107437 255 254 219
0.011750496923923492 0.027518976479768753 0.1850000023841858 255 254 219
0.012185504660010338 0.027518976479768753 0.1850000023841858 255 252 214
0.012620512396097183 0.027518976479768753 0.1850000023841858 255 239 201
0.013055521063506603 0.027518976479768753 0.1850000023841858 247 231 197
0.013490528799593449 0.027518976479768753 0.1850000023841858 255 253 219
0.013925536535680294 0.027518976479768753 0.1850000023841858 255 254 231
0.014282919466495514 0.02737022377550602 0.18400000035762787 255 254 231
0.01471557654440403 0.02737022377550602 0.18400000035762787 255 255 233
0.015148232690989971 0.02737022377550602 0.18400000035762787 255 255 233
0.01549621019512415 0.027221472933888435 0.18299999833106995 255 255 230
0.01592651568353176 0.027221472933888435 0.18299999833106995 255 255 231
0.0163568202406168 0.027221472933888435 0.18299999833106995 255 254 219
0.016787126660346985 0.027221472933888435 0.18299999833106995 255 254 219
0.017979254946112633 0.02707272209227085 0.18199999630451202 244 217 184
0.01840720698237419 0.02707272209227085 0.18199999630451202 255 250 217
0.018731672316789627 0.026923971250653267 0.1809999942779541 255 255 227
0.019157273694872856 0.026923971250653267 0.1809999942779541 255 254 226
0.019582876935601234 0.026923971250653267 0.1809999942779541 255 255 229
0.020008478313684464 0.026923971250653267 0.1809999942779541 255 255 229
0.020434081554412842 0.026923971250653267 0.1809999942779541 255 255 229
0.020744435489177704 0.026775220409035683 0.18000000715255737 255 255 229
0.021167688071727753 0.026775220409035683 0.18000000715255737 255 252 220
0.021590938791632652 0.026775220409035683 0.18000000715255737 255 243 211
0.022014189511537552 0.026775220409035683 0.18000000715255737 255 234 202
0.02328394167125225 0.026775220409035683 0.18000000715255737 255 246 208
0.02370719239115715 0.026775220409035683 0.18000000715255737 255 253 214
0.02413044311106205 0.026775220409035683 0.18000000715255737 255 253 214
0.02455369383096695 0.026775220409035683 0.18000000715255737 255 255 227
0.024976946413517 0.026775220409035683 0.18000000715255737 255 255 227
0.025400197133421898 0.026775220409035683 0.18000000715255737 255 249 228
0.025823447853326797 0.026775220409035683 0.18000000715255737 255 249 228
0.026246698573231697 0.026775220409035683 0.18000000715255737 255 241 224
0.026669949293136597 0.026775220409035683 0.18000000715255737 255 229 212
0.0272437185049057 0.026923971250653267 0.1809999942779541 255 211 199
0.02766931988298893 0.026923971250653267 0.1809999942779541 242 186 174
0.028946127742528915 0.026923971250653267 0.1809999942779541 255 222 198
0.029371729120612144 0.026923971250653267 0.1809999942779541 255 238 214
0.029797332361340523 0.026923971250653267 0.1809999942779541 255 247 221
0.030222933739423752 0.026923971250653267 0.1809999942779541 255 249 223
0.03064853698015213 0.026923971250653267 0.1809999942779541 255 252 229
0.03107413835823536 0.026923971250653267 0.1809999942779541 255 252 229
0.03149973973631859 0.026923971250653267 0.1809999942779541 255 250 235
0.03192534297704697 0.026923971250653267 0.1809999942779541 255 246 231
0.032350946217775345 0.026923971250653267 0.1809999942779541 255 239 228
0.03277654945850372 0.026923971250653267 0.1809999942779541 255 233 222
0.0332021489739418 0.026923971250653267 0.1809999942779541 216 160 148
0.03362775221467018 0.026923971250653267 0.1809999942779541 214 158 146
0.03447895869612694 0.026923971250653267 0.1809999942779541 255 239 213
0.03490455821156502 0.026923971250653267 0.1809999942779541 255 240 213
0.035330161452293396 0.026923971250653267 0.1809999942779541 255 248 221
0.035755764693021774 0.026923971250653267 0.1809999942779541 255 251 229
0.03618136793375015 0.026923971250653267 0.1809999942779541 255 251 229
0.03680921718478203 0.02707272209227085 0.18199999630451202 255 250 230
0.037237171083688736 0.02707272209227085 0.18199999630451202 255 251 231
0.037665124982595444 0.02707272209227085 0.18199999630451202 255 245 235
0.03809307888150215 0.02707272209227085 0.18199999630451202 255 241 231
0.03873268514871597 0.027221472933888435 0.18299999833106995 255 224 216
0.03916299343109131 0.027221472933888435 0.18299999833106995 255 203 195
0.03980965539813042 0.02737022377550602 0.18400000035762787 255 196 193
0.040242310613393784 0.02737022377550602 0.18400000035762787 255 208 205
0.04089602455496788 0.027518976479768753 0.1850000023841858 255 228 226
0.041331034153699875 0.027518976479768753 0.1850000023841858 255 222 220
0.04176604375243187 0.027518976479768753 0.1850000023841858 255 237 236
0.04242916405200958 0.027667727321386337 0.1860000044107437 255 237 236
0.04286652430891991 0.027667727321386337 0.1860000044107437 255 238 238
0.04330388084053993 0.027667727321386337 0.1860000044107437 255 239 239
0.04397641122341156 0.02781647816300392 0.18700000643730164 255 228 234
0.044416118413209915 0.02781647816300392 0.18700000643730164 255 217 223
0.04622440040111542 0.02811397984623909 0.1889999955892563 255 190 202
0.04691573604941368 0.028262732550501823 0.1899999976158142 255 196 208
0.0476117804646492 0.028411483392119408 0.19099999964237213 255 202 214
0.04831252247095108 0.028560234233736992 0.19200000166893005 255 202 214
0.009288673289120197 0.02840729057788849 0.18799999356269836 255 234 197
0.00973073486238718 0.02840729057788849 0.18799999356269836 255 241 204
0.010118686594069004 0.028256189078092575 0.18700000643730164 255 241 204
0.01050193514674902 0.028105085715651512 0.1860000044107437 255 238 199
0.010939294472336769 0.028105085715651512 0.1860000044107437 255 233 194
0.013490528799593449 0.0279539842158556 0.1850000023841858 255 235 193
0.013850263319909573 0.027802880853414536 0.18400000035762787 255 239 197
0.014282919466495514 0.027802880853414536 0.18400000035762787 255 239 197
0.01471557654440403 0.027802880853414536 0.18400000035762787 255 239 203
0.015148232690989971 0.027802880853414536 0.18400000035762787 255 240 204
0.01549621019512415 0.027651777490973473 0.18299999833106995 255 241 200
0.01592651568353176 0.027651777490973473 0.18299999833106995 255 241 200
0.0163568202406168 0.027651777490973473 0.18299999833106995 255 236 193
0.01840720698237419 0.02750067599117756 0.18199999630451202 255 232 194
0.018731672316789627 0.027349572628736496 0.1809999942779541 255 240 198
0.019157273694872856 0.027349572628736496 0.1809999942779541 255 240 198
0.019582876935601234 0.027349572628736496 0.1809999942779541 255 242 203
0.020008478313684464 0.027349572628736496 0.1809999942779541 255 241 202
0.020321184769272804 0.027198471128940582 0.18000000715255737 255 239 202
0.020744435489177704 0.027198471128940582 0.18000000715255737 255 229 192
0.021167688071727753 0.027198471128940582 0.18000000715255737 255 228 193
0.021590938791632652 0.027198471128940582 0.18000000715255737 255 229 194
0.02370719239115715 0.027198471128940582 0.18000000715255737 255 235 195
0.02413044311106205 0.027198471128940582 0.18000000715255737 255 234 194
0.02455369383096695 0.027198471128940582 0.18000000715255737 255 240 201
0.024976946413517 0.027198471128940582 0.18000000715255737 255 238 199
0.025400197133421898 0.027198471128940582 0.18000000715255737 255 233 209
0.025823447853326797 0.027198471128940582 0.18000000715255737 255 231 207
0.026246698573231697 0.027198471128940582 0.18000000715255737 255 223 203
0.026669949293136597 0.027198471128940582 0.18000000715255737 255 220 200
0.029371729120612144 0.027349572628736496 0.1809999942779541 255 204 188
0.029797332361340523 0.027349572628736496 0.1809999942779541 255 226 203
0.030222933739423752 0.027349572628736496 0.1809999942779541 255 228 205
0.03064853698015213 0.027349572628736496 0.1809999942779541 255 232 206
0.03107413835823536 0.027349572628736496 0.1809999942779541 255 233 207
0.03149973973631859 0.027349572628736496 0.1809999942779541 255 227 211
0.03192534297704697 0.027349572628736496 0.1809999942779541 255 216 200
0.03295763581991196 0.02750067599117756 0.18199999630451202 255 195 187
0.035330161452293396 0.027349572628736496 0.1809999942779541 255 218 190
0.035755764693021774 0.027349572628736496 0.1809999942779541 255 228 201
0.03618136793375015 0.027349572628736496 0.1809999942779541 255 219 192
0.03660696744918823 0.027349572628736496 0.1809999942779541 255 215 189
0.037237171083688736 0.02750067599117756 0.18199999630451202 255 213 187
