-0.02841098979115486 0.014545109122991562 0.11400000005960464 196 170 139
-0.028142930939793587 0.014545109122991562 0.11400000005960464 187 161 130
-0.027630355209112167 0.014683227986097336 0.11299999803304672 197 167 135
-0.02736464887857437 0.014683227986097336 0.11299999803304672 189 159 127
-0.027098940685391426 0.014683227986097336 0.11299999803304672 178 147 120
-0.02683323249220848 0.014948935247957706 0.11299999803304672 255 242 215
-0.026567526161670685 0.015214642509818077 0.11299999803304672 255 255 235
-0.026567526161670685 0.014948935247957706 0.11299999803304672 255 253 233
-0.02630181796848774 0.014683227986097336 0.11299999803304672 250 222 203
-0.026036109775304794 0.014683227986097336 0.11299999803304672 253 220 203
-0.025770403444767 0.014683227986097336 0.11299999803304672 246 213 196
-0.025504695251584053 0.014948935247957706 0.11299999803304672 254 234 214
-0.025238987058401108 0.014948935247957706 0.11299999803304672 248 228 208
-0.024973280727863312 0.014948935247957706 0.11299999803304672 239 212 188
-0.024488922208547592 0.015080000273883343 0.1120000034570694 251 243 219
-0.024225566536188126 0.015080000273883343 0.1120000034570694 246 229 200
-0.02396220900118351 0.015080000273883343 0.1120000034570694 226 209 180
-0.023698853328824043 0.01534335594624281 0.1120000034570694 252 235 210
-0.023435497656464577 0.01534335594624281 0.1120000034570694 226 209 184
-0.022965246811509132 0.015467366203665733 0.11100000143051147 255 239 213
-0.022704241797327995 0.01572837121784687 0.11100000143051147 246 238 214
-0.022443236783146858 0.015989376232028008 0.11100000143051147 251 236 210
-0.02218223363161087 0.015989376232028008 0.11100000143051147 231 216 190
-0.021921228617429733 0.015989376232028008 0.11100000143051147 206 177 152
-0.021660223603248596 0.015989376232028008 0.11100000143051147 252 223 198
-0.02139921858906746 0.015989376232028008 0.11100000143051147 255 237 214
-0.021138213574886322 0.015989376232028008 0.11100000143051147 255 234 211
-0.020877208560705185 0.015989376232028008 0.11100000143051147 255 230 204
-0.020616203546524048 0.015989376232028008 0.11100000143051147 248 221 195
-0.02035520039498806 0.015989376232028008 0.11100000143051147 246 211 185
-0.020094195380806923 0.015989376232028008 0.11100000143051147 237 202 176
-0.019833190366625786 0.016250381246209145 0.11100000143051147 255 236 208
-0.01957218535244465 0.016250381246209145 0.11100000143051147 248 226 198
-0.01931118033826351 0.016250381246209145 0.11100000143051147 246 219 195
-0.019050175324082375 0.016250381246209145 0.11100000143051147 237 210 186
-0.018789170309901237 0.016250381246209145 0.11100000143051147 229 195 171
-0.01852816715836525 0.016250381246209145 0.11100000143051147 224 190 166
-0.018006157130002975 0.01651138626039028 0.11100000143051147 221 199 175
-0.01774515211582184 0.01651138626039028 0.11100000143051147 224 195 170
-0.0174841471016407 0.01677238941192627 0.11100000143051147 227 211 190
-0.017223142087459564 0.017033394426107407 0.11100000143051147 251 229 203
-0.016962137073278427 0.017033394426107407 0.11100000143051147 233 211 185
-0.01670113392174244 0.017033394426107407 0.11100000143051147 183 149 118
-0.016440128907561302 0.017033394426107407 0.11100000143051147 242 208 177
-0.016179123893380165 0.017033394426107407 0.11100000143051147 255 220 191
-0.015918118879199028 0.017033394426107407 0.11100000143051147 254 215 186
-0.01565711386501789 0.01677238941192627 0.11100000143051147 237 192 167
-0.015396109782159328 0.01677238941192627 0.11100000143051147 232 187 162
-0.015135104767978191 0.01677238941192627 0.11100000143051147 229 184 159
-0.014874099753797054 0.01677238941192627 0.11100000143051147 222 177 152
-0.014613095670938492 0.017033394426107407 0.11100000143051147 205 177 149
-0.014352090656757355 0.017033394426107407 0.11100000143051147 213 185 157
-0.014091085642576218 0.017033394426107407 0.11100000143051147 216 188 160
-0.013954676687717438 0.0171868484467268 0.1120000034570694 208 180 152
-0.013691320084035397 0.0171868484467268 0.1120000034570694 206 178 148
-0.01342796441167593 0.0171868484467268 0.1120000034570694 210 182 152
-0.013164607807993889 0.0171868484467268 0.1120000034570694 196 165 136
-0.012901252135634422 0.0171868484467268 0.1120000034570694 199 168 139
-0.012637895531952381 0.0171868484467268 0.1120000034570694 196 164 132
-0.012485026381909847 0.01734030246734619 0.11299999803304672 196 164 132
-0.012219319120049477 0.01734030246734619 0.11299999803304672 198 166 134
-0.012219319120049477 0.01734030246734619 0.11299999803304672 198 166 134
-0.012485026381909847 0.01734030246734619 0.11299999803304672 196 164 132
-0.012637895531952381 0.0171868484467268 0.1120000034570694 196 164 132
-0.012901252135634422 0.0171868484467268 0.1120000034570694 199 168 139
-0.013164607807993889 0.0171868484467268 0.1120000034570694 196 165 136
-0.01342796441167593 0.0171868484467268 0.1120000034570694 210 182 152
-0.013691320084035397 0.0171868484467268 0.1120000034570694 206 178 148
-0.013954676687717438 0.0171868484467268 0.1120000034570694 208 180 152
-0.014091085642576218 0.017033394426107407 0.11100000143051147 216 188 160
-0.014352090656757355 0.017033394426107407 0.11100000143051147 213 185 157
-0.014613095670938492 0.017033394426107407 0.11100000143051147 205 177 149
-0.014874099753797054 0.01677238941192627 0.11100000143051147 222 177 152
-0.015135104767978191 0.01677238941192627 0.11100000143051147 229 184 159
-0.015396109782159328 0.01677238941192627 0.11100000143051147 232 187 162
-0.01565711386501789 0.01677238941192627 0.11100000143051147 237 192 167
-0.015918118879199028 0.017033394426107407 0.11100000143051147 254 215 186
-0.016179123893380165 0.017033394426107407 0.11100000143051147 255 220 191
-0.016440128907561302 0.017033394426107407 0.11100000143051147 242 208 177
-0.01670113392174244 0.017033394426107407 0.11100000143051147 183 149 118
-0.016962137073278427 0.017033394426107407 0.11100000143051147 233 211 185
-0.017223142087459564 0.01677238941192627 0.11100000143051147 220 184 161
-0.0174841471016407 0.01651138626039028 0.11100000143051147 217 188 163
-0.01774515211582184 0.01651138626039028 0.11100000143051147 224 195 170
-0.018006157130002975 0.01651138626039028 0.11100000143051147 221 199 175
-0.01852816715836525 0.016250381246209145 0.11100000143051147 224 190 166
-0.018789170309901237 0.016250381246209145 0.11100000143051147 229 195 171
-0.019050175324082375 0.016250381246209145 0.11100000143051147 237 210 186
-0.01931118033826351 0.016250381246209145 0.11100000143051147 246 219 195
-0.01957218535244465 0.016250381246209145 0.11100000143051147 248 226 198
-0.019833190366625786 0.016250381246209145 0.11100000143051147 255 236 208
-0.020094195380806923 0.015989376232028008 0.11100000143051147 237 202 176
-0.02035520039498806 0.015989376232028008 0.11100000143051147 246 211 185
-0.020616203546524048 0.015989376232028008 0.11100000143051147 248 221 195
-0.020877208560705185 0.015989376232028008 0.11100000143051147 255 230 204
-0.021138213574886322 0.015989376232028008 0.11100000143051147 255 234 211
-0.02139921858906746 0.015989376232028008 0.11100000143051147 255 237 214
-0.021660223603248596 0.015989376232028008 0.11100000143051147 252 223 198
-0.021921228617429733 0.015989376232028008 0.11100000143051147 206 177 152
-0.02218223363161087 0.015989376232028008 0.11100000143051147 231 216 190
-0.022443236783146858 0.01572837121784687 0.11100000143051147 238 203 175
-0.022704241797327995 0.015467366203665733 0.11100000143051147 229 207 181
-0.02317214198410511 0.01534335594624281 0.1120000034570694 230 196 172
-0.023435497656464577 0.01534335594624281 0.1120000034570694 226 209 184
-0.023698853328824043 0.01534335594624281 0.1120000034570694 252 235 210
-0.02396220900118351 0.015080000273883343 0.1120000034570694 226 209 180
-0.024225566536188126 0.015080000273883343 0.1120000034570694 246 229 200
-0.024707572534680367 0.014948935247957706 0.11299999803304672 228 201 177
-0.024973280727863312 0.014948935247957706 0.11299999803304672 239 212 188
-0.025238987058401108 0.014948935247957706 0.11299999803304672 248 228 208
-0.025504695251584053 0.014948935247957706 0.11299999803304672 254 234 214
-0.025770403444767 0.014683227986097336 0.11299999803304672 246 213 196
-0.026036109775304794 0.014683227986097336 0.11299999803304672 253 220 203
-0.02630181796848774 0.014683227986097336 0.11299999803304672 250 222 203
-0.026567526161670685 0.014948935247957706 0.11299999803304672 255 253 233
-0.02683323249220848 0.014948935247957706 0.11299999803304672 255 242 215
-0.027098940685391426 0.014683227986097336 0.11299999803304672 178 147 120
-0.02736464887857437 0.014683227986097336 0.11299999803304672 189 159 127
-0.027874872088432312 0.014545109122991562 0.11400000005960464 200 167 138
-0.028142930939793587 0.014545109122991562 0.11400000005960464 187 161 130
-0.02841098979115486 0.014277050271630287 0.11400000005960464 189 158 131
