-0.015614446252584457 0.021188614889979362 0.12300000339746475 202 195 178
-0.015325224958360195 0.021188614889979362 0.12300000339746475 202 195 178
-0.015036003664135933 0.021188614889979362 0.12300000339746475 196 199 178
-0.01474678236991167 0.0214778371155262 0.12300000339746475 203 206 185
-0.014340019784867764 0.021590089425444603 0.12200000137090683 240 243 220
-0.01405314914882183 0.021590089425444603 0.12200000137090683 214 217 194
-0.013766279444098473 0.021590089425444603 0.12200000137090683 197 192 161
-0.01347940880805254 0.02187695913016796 0.12200000137090683 229 228 200
-0.013192539103329182 0.02216383069753647 0.12200000137090683 241 240 212
-0.012799885123968124 0.021982159465551376 0.12099999934434891 240 239 211
-0.012515366077423096 0.021982159465551376 0.12099999934434891 193 191 168
-0.012230847962200642 0.021982159465551376 0.12099999934434891 197 195 172
-0.011946328915655613 0.021982159465551376 0.12099999934434891 252 253 240
-0.011661809869110584 0.021982159465551376 0.12099999934434891 255 255 243
-0.010323838330805302 0.021590089425444603 0.12200000137090683 238 238 232
-0.010036968626081944 0.021590089425444603 0.12200000137090683 237 237 231
-0.009670179337263107 0.02141312137246132 0.12099999934434891 235 226 217
-0.009385660290718079 0.021697640419006348 0.12099999934434891 253 255 244
-0.009101142175495625 0.021697640419006348 0.12099999934434891 253 255 235
-0.008816623128950596 0.021697640419006348 0.12099999934434891 252 255 234
-0.00846159178763628 0.021518321707844734 0.11999999731779099 244 247 224
-0.008179424330592155 0.021800488233566284 0.11999999731779099 251 255 242
-0.00789725687354803 0.021800488233566284 0.11999999731779099 248 245 229
-0.0075516304932534695 0.021898632869124413 0.11900000274181366 254 255 240
-0.007271814625710249 0.021898632869124413 0.11900000274181366 245 237 225
-0.006991998758167028 0.021898632869124413 0.11900000274181366 186 178 166
-0.003946914803236723 0.022082656621932983 0.11999999731779099 255 254 237
-0.003664747579023242 0.022082656621932983 0.11999999731779099 255 254 237
-0.0033825801219791174 0.022082656621932983 0.11999999731779099 255 255 235
-0.003074576146900654 0.021898632869124413 0.11900000274181366 252 252 232
-0.0027947602793574333 0.021898632869124413 0.11900000274181366 248 249 222
-0.002514944411814213 0.021898632869124413 0.11900000274181366 238 239 212
-0.0022351285442709923 0.022178448736667633 0.11900000274181366 254 255 232
-0.0019553126767277718 0.022458264604210854 0.11900000274181366 251 255 242
-0.0016754966927692294 0.022178448736667633 0.11900000274181366 228 218 186
-0.001395680825226009 0.022178448736667633 0.11900000274181366 176 166 134
-0.0011158649576827884 0.022178448736667633 0.11900000274181366 255 245 208
-0.0008360490319319069 0.022178448736667633 0.11900000274181366 255 249 212
-0.0005562331643886864 0.022178448736667633 0.11900000274181366 253 249 211
-0.000276417238637805 0.021898632869124413 0.11900000274181366 219 203 169
3.398642775209737e-06 0.021898632869124413 0.11900000274181366 221 207 172
0.0002832145255524665 0.021898632869124413 0.11900000274181366 240 226 191
0.0005630304221995175 0.021898632869124413 0.11900000274181366 230 219 185
0.0008499290561303496 0.022082656621932983 0.11999999731779099 234 223 189
0.0011320963967591524 0.022082656621932983 0.11999999731779099 234 224 194
0.0014142636209726334 0.022082656621932983 0.11999999731779099 240 230 200
0.0016964309616014361 0.022082656621932983 0.11999999731779099 233 225 199
0.001978598302230239 0.021800488233566284 0.11999999731779099 209 194 168
0.00226076552644372 0.021800488233566284 0.11999999731779099 195 178 153
0.002542932750657201 0.021800488233566284 0.11999999731779099 219 202 177
0.0028250999748706818 0.021800488233566284 0.11999999731779099 208 193 167
0.0031072674319148064 0.021800488233566284 0.11999999731779099 209 194 168
0.003417680040001869 0.021982159465551376 0.12099999934434891 197 192 161
0.0037021986208856106 0.021982159465551376 0.12099999934434891 229 224 193
0.003986717201769352 0.021697640419006348 0.12099999934434891 248 248 226
0.004271235782653093 0.02141312137246132 0.12099999934434891 241 239 220
0.004555754829198122 0.02112860232591629 0.12099999934434891 191 194 173
0.004840273410081863 0.02084408514201641 0.12099999934434891 189 186 172
0.005167145747691393 0.021016350015997887 0.12200000137090683 193 189 164
0.005454015918076038 0.02072948031127453 0.12200000137090683 179 172 153
0.0057408856227993965 0.02072948031127453 0.12200000137090683 190 182 156
0.006027755793184042 0.02072948031127453 0.12200000137090683 189 181 155
0.006027755793184042 0.02072948031127453 0.12200000137090683 189 181 155
0.0057408856227993965 0.02072948031127453 0.12200000137090683 190 182 156
0.005454015918076038 0.02072948031127453 0.12200000137090683 179 172 153
0.005167145747691393 0.021016350015997887 0.12200000137090683 193 189 164
0.004840273410081863 0.02084408514201641 0.12099999934434891 189 186 172
0.004555754829198122 0.02112860232591629 0.12099999934434891 191 194 173
0.004271235782653093 0.02112860232591629 0.12099999934434891 206 203 187
0.003986717201769352 0.02141312137246132 0.12099999934434891 224 222 203
0.0037021986208856106 0.021697640419006348 0.12099999934434891 227 217 187
0.003417680040001869 0.021982159465551376 0.12099999934434891 197 192 161
0.0031072674319148064 0.021800488233566284 0.11999999731779099 209 194 168
0.0028250999748706818 0.021800488233566284 0.11999999731779099 208 193 167
0.002542932750657201 0.021800488233566284 0.11999999731779099 219 202 177
0.00226076552644372 0.021800488233566284 0.11999999731779099 195 178 153
0.001978598302230239 0.021800488233566284 0.11999999731779099 209 194 168
0.0016964309616014361 0.022082656621932983 0.11999999731779099 233 225 199
0.0014142636209726334 0.022082656621932983 0.11999999731779099 240 230 200
0.0011320963967591524 0.022082656621932983 0.11999999731779099 234 224 194
0.0008499290561303496 0.022082656621932983 0.11999999731779099 234 223 189
0.0005630304221995175 0.021898632869124413 0.11900000274181366 230 219 185
0.0002832145255524665 0.021898632869124413 0.11900000274181366 240 226 191
3.398642775209737e-06 0.021898632869124413 0.11900000274181366 221 207 172
-0.000276417238637805 0.021898632869124413 0.11900000274181366 219 203 169
-0.0005562331643886864 0.022178448736667633 0.11900000274181366 253 249 211
-0.0008360490319319069 0.022178448736667633 0.11900000274181366 255 249 212
-0.0011158649576827884 0.022178448736667633 0.11900000274181366 255 245 208
-0.001395680825226009 0.022178448736667633 0.11900000274181366 176 166 134
-0.0016754966927692294 0.022178448736667633 0.11900000274181366 228 218 186
-0.0019553126767277718 0.022178448736667633 0.11900000274181366 246 249 224
-0.0022351285442709923 0.021898632869124413 0.11900000274181366 232 229 199
-0.002514944411814213 0.021898632869124413 0.11900000274181366 238 239 212
-0.0027947602793574333 0.021898632869124413 0.11900000274181366 248 249 222
-0.003074576146900654 0.021898632869124413 0.11900000274181366 252 252 232
-0.0033825801219791174 0.022082656621932983 0.11999999731779099 255 255 235
-0.003664747579023242 0.022082656621932983 0.11999999731779099 255 254 237
-0.003946914803236723 0.022082656621932983 0.11999999731779099 255 254 237
-0.006991998758167028 0.021898632869124413 0.11900000274181366 186 178 166
-0.007271814625710249 0.021898632869124413 0.11900000274181366 245 237 225
-0.0075516304932534695 0.021618817001581192 0.11900000274181366 222 219 203
-0.00789725687354803 0.021800488233566284 0.11999999731779099 248 245 229
-0.008179424330592155 0.021800488233566284 0.11999999731779099 251 255 242
-0.00846159178763628 0.021518321707844734 0.11999999731779099 244 247 224
-0.008816623128950596 0.021697640419006348 0.12099999934434891 252 255 234
-0.009101142175495625 0.021697640419006348 0.12099999934434891 253 255 235
-0.009385660290718079 0.021697640419006348 0.12099999934434891 253 255 244
-0.009670179337263107 0.02141312137246132 0.12099999934434891 235 226 217
-0.010036968626081944 0.021590089425444603 0.12200000137090683 237 237 231
-0.010323838330805302 0.021590089425444603 0.12200000137090683 238 238 232
-0.011661809869110584 0.021697640419006348 0.12099999934434891 253 255 239
-0.011946328915655613 0.021982159465551376 0.12099999934434891 252 253 240
-0.012230847962200642 0.021982159465551376 0.12099999934434891 197 195 172
-0.012515366077423096 0.021982159465551376 0.12099999934434891 193 191 168
-0.012799885123968124 0.021982159465551376 0.12099999934434891 240 239 211
-0.013192539103329182 0.02187695913016796 0.12200000137090683 210 203 172
-0.01347940880805254 0.02187695913016796 0.12200000137090683 229 228 200
-0.013766279444098473 0.021590089425444603 0.12200000137090683 197 192 161
-0.01405314914882183 0.021590089425444603 0.12200000137090683 214 217 194
-0.014457560144364834 0.0214778371155262 0.12300000339746475 205 205 181
-0.01474678236991167 0.021188614889979362 0.12300000339746475 189 192 171
-0.015036003664135933 0.021188614889979362 0.12300000339746475 196 199 178
-0.015325224958360195 0.021188614889979362 0.12300000339746475 202 195 178
-0.015614446252584457 0.021188614889979362 0.12300000339746475 202 195 178
