0.11113173514604568 0.004501383751630783 0.17000000178813934 144 109 106
0.11153147369623184 0.004501383751630783 0.17000000178813934 139 104 101
0.11127279698848724 0.00447490531951189 0.16899999976158142 135 92 94
0.11167018115520477 0.00447490531951189 0.16899999976158142 125 82 84
0.08504913002252579 0.003949726931750774 0.13699999451637268 138 97 91
0.08537127077579498 0.003949726931750774 0.13699999451637268 138 97 91
0.08569341152906418 0.003949726931750774 0.13699999451637268 135 96 94
0.08601555228233337 0.003949726931750774 0.13699999451637268 132 93 91
0.10902497172355652 0.004987611435353756 0.17299999296665192 121 79 78
0.10943176597356796 0.004987611435353756 0.17299999296665192 112 70 69
0.1098385602235794 0.004987611435353756 0.17299999296665192 114 67 68
0.10960809141397476 0.004958781413733959 0.1720000058412552 115 68 69
0.11001253128051758 0.004958781413733959 0.1720000058412552 115 66 67
0.1104169711470604 0.004958781413733959 0.1720000058412552 117 68 69
0.1109812781214714 0.004929950926452875 0.17100000381469727 150 112 105
0.11073200404644012 0.004901120904833078 0.17000000178813934 154 116 109
0.11113173514604568 0.004901120904833078 0.17000000178813934 138 112 108
0.11153147369623184 0.004901120904833078 0.17000000178813934 141 115 111
0.11127279698848724 0.004872290883213282 0.16899999976158142 140 106 112
0.11167018115520477 0.004872290883213282 0.16899999976158142 132 98 104
0.11140444129705429 0.004843460861593485 0.1679999977350235 133 85 91
0.11179947853088379 0.004843460861593485 0.1679999977350235 119 71 77
0.08378876000642776 0.004240686539560556 0.13600000739097595 156 118 109
0.08410854637622833 0.004240686539560556 0.13600000739097595 151 113 104
0.0844283327460289 0.004240686539560556 0.13600000739097595 139 107 103
0.08537127077579498 0.00427186768501997 0.13699999451637268 133 101 97
0.08569341152906418 0.00427186768501997 0.13699999451637268 133 101 97
0.08601555228233337 0.00427186768501997 0.13699999451637268 134 102 98
0.08633770048618317 0.00427186768501997 0.13699999451637268 134 92 91
0.08665984123945236 0.00427186768501997 0.13699999451637268 126 84 83
0.10960809141397476 0.005363220814615488 0.1720000058412552 117 70 71
0.11001253128051758 0.005363220814615488 0.1720000058412552 114 67 68
0.1104169711470604 0.005363220814615488 0.1720000058412552 109 62 63
0.11017709970474243 0.0053320396691560745 0.17100000381469727 105 63 60
0.11057919263839722 0.0053320396691560745 0.17100000381469727 140 98 95
0.09020338952541351 0.00427186768501997 0.13699999451637268 135 107 108
0.09052553027868271 0.00427186768501997 0.13699999451637268 136 108 109
0.0908476710319519 0.00427186768501997 0.13699999451637268 142 99 103
0.0911698117852211 0.00427186768501997 0.13699999451637268 130 87 91
0.09215977787971497 0.004303049296140671 0.1379999965429306 124 80 78
0.11298458278179169 0.005238494835793972 0.1679999977350235 139 98 92
0.11337961256504059 0.005238494835793972 0.1679999977350235 131 90 84
0.11377464979887009 0.005238494835793972 0.1679999977350235 131 94 91
0.11416967958211899 0.005238494835793972 0.1679999977350235 128 91 88
0.11456471681594849 0.005238494835793972 0.1679999977350235 104 65 63
0.11495975404977798 0.005238494835793972 0.1679999977350235 110 71 69
0.11535478383302689 0.005238494835793972 0.1679999977350235 112 71 65
0.11643880605697632 0.005269676446914673 0.16899999976158142 112 71 65
0.11862095445394516 0.0053320396691560745 0.17100000381469727 110 67 62
0.06614885479211807 0.004862272180616856 0.14499999582767487 190 142 146
0.06603125482797623 0.004828739445656538 0.14399999380111694 168 120 124
0.06896571069955826 0.0047281403094530106 0.14100000262260437 210 168 184
0.06929726153612137 0.0047281403094530106 0.14100000262260437 208 166 182
0.06962880492210388 0.0047281403094530106 0.14100000262260437 194 166 179
0.0699603483080864 0.0047281403094530106 0.14100000262260437 190 162 175
0.08378876000642776 0.004560476168990135 0.13600000739097595 144 113 104
0.08410854637622833 0.004560476168990135 0.13600000739097595 140 109 100
0.0844283327460289 0.004560476168990135 0.13600000739097595 137 107 102
0.08474812656641006 0.004560476168990135 0.13600000739097595 134 104 99
0.08506791293621063 0.004560476168990135 0.13600000739097595 130 100 93
0.08601555228233337 0.004594008903950453 0.13699999451637268 129 99 92
0.08633770048618317 0.004594008903950453 0.13699999451637268 131 92 88
0.08665984123945236 0.004594008903950453 0.13699999451637268 130 91 87
0.08698198199272156 0.004594008903950453 0.13699999451637268 118 74 74
0.08891482651233673 0.004594008903950453 0.13699999451637268 144 116 113
0.08923696726560593 0.004594008903950453 0.13699999451637268 138 110 107
0.08955910801887512 0.004594008903950453 0.13699999451637268 133 110 107
0.08988124877214432 0.004594008903950453 0.13699999451637268 129 106 103
0.09020338952541351 0.004594008903950453 0.13699999451637268 134 108 108
0.09052553027868271 0.004594008903950453 0.13699999451637268 134 108 108
0.0908476710319519 0.004594008903950453 0.13699999451637268 135 99 99
0.0911698117852211 0.004594008903950453 0.13699999451637268 132 96 96
0.09215977787971497 0.00462754163891077 0.1379999965429306 129 91 84
0.09248427301645279 0.00462754163891077 0.1379999965429306 129 91 84
0.09280876070261002 0.00462754163891077 0.1379999965429306 136 100 92
0.09313325583934784 0.00462754163891077 0.1379999965429306 132 96 88
0.09413497895002365 0.004661074839532375 0.13899999856948853 131 99 95
0.11604142189025879 0.005667062010616064 0.16899999976158142 114 77 74
0.11643880605697632 0.005667062010616064 0.16899999976158142 108 71 68
0.06546695530414581 0.005203224252909422 0.14499999582767487 210 164 176
0.06580790132284164 0.005203224252909422 0.14499999582767487 199 153 165
0.06569265574216843 0.0051673399284482 0.14399999380111694 192 149 153
0.06603125482797623 0.0051673399284482 0.14399999380111694 190 147 151
0.06636986136436462 0.0051673399284482 0.14399999380111694 174 132 131
0.06670846045017242 0.0051673399284482 0.14399999380111694 156 114 113
0.06811923533678055 0.005095571279525757 0.1420000046491623 247 202 205
0.06797107309103012 0.005059686955064535 0.14100000262260437 255 211 214
0.06830261647701263 0.005059686955064535 0.14100000262260437 252 212 229
0.06863416731357574 0.005059686955064535 0.14100000262260437 249 209 226
0.06896571069955826 0.005059686955064535 0.14100000262260437 232 198 218
0.06929726153612137 0.005059686955064535 0.14100000262260437 224 190 210
0.06962880492210388 0.005059686955064535 0.14100000262260437 215 192 204
0.0699603483080864 0.005059686955064535 0.14100000262260437 211 188 200
0.07062344253063202 0.005059686955064535 0.14100000262260437 207 182 194
0.07095499336719513 0.005059686955064535 0.14100000262260437 207 179 190
0.07125591486692429 0.004987918306142092 0.13899999856948853 174 130 130
0.07158275693655014 0.004987918306142092 0.13899999856948853 111 67 67
0.071909599006176 0.004987918306142092 0.13899999856948853 69 22 21
0.07377419620752335 0.004916149657219648 0.13699999451637268 158 115 117
0.07409633696079254 0.004916149657219648 0.13699999451637268 158 115 117
0.07441847771406174 0.004916149657219648 0.13699999451637268 156 113 115
0.07474061846733093 0.004916149657219648 0.13699999451637268 156 113 115
0.07506275922060013 0.004916149657219648 0.13699999451637268 155 112 114
0.07538489997386932 0.004916149657219648 0.13699999451637268 156 116 119
0.07570704072713852 0.004916149657219648 0.13699999451637268 151 111 114
0.07602918893098831 0.004916149657219648 0.13699999451637268 142 94 100
0.07635132968425751 0.004916149657219648 0.13699999451637268 116 68 74
0.07872852683067322 0.004844381473958492 0.13500000536441803 121 78 73
0.07904596626758575 0.004844381473958492 0.13500000536441803 122 79 74
0.07936340570449829 0.004844381473958492 0.13500000536441803 121 79 76
0.07968084514141083 0.004844381473958492 0.13500000536441803 119 77 74
0.07999828457832336 0.004844381473958492 0.13500000536441803 116 75 69
0.0803157165646553 0.004844381473958492 0.13500000536441803 114 73 67
0.08063315600156784 0.004844381473958492 0.13500000536441803 104 68 58
0.08095059543848038 0.004844381473958492 0.13500000536441803 173 137 127
0.08187001943588257 0.004880265332758427 0.13600000739097595 199 168 157
0.08218980580568314 0.004880265332758427 0.13600000739097595 188 157 146
0.0825095996260643 0.004880265332758427 0.13600000739097595 170 136 126
0.08282938599586487 0.004880265332758427 0.13600000739097595 163 129 119
0.08314917981624603 0.004880265332758427 0.13600000739097595 150 116 106
0.0834689661860466 0.004880265332758427 0.13600000739097595 146 112 102
0.08378876000642776 0.004880265332758427 0.13600000739097595 142 111 102
0.08410854637622833 0.004880265332758427 0.13600000739097595 138 107 98
0.0844283327460289 0.004880265332758427 0.13600000739097595 137 107 100
0.08474812656641006 0.004880265332758427 0.13600000739097595 132 102 95
0.08506791293621063 0.004880265332758427 0.13600000739097595 129 99 92
0.0853877067565918 0.004880265332758427 0.13600000739097595 125 95 88
0.08570749312639236 0.004880265332758427 0.13600000739097595 123 88 83
0.08665984123945236 0.004916149657219648 0.13699999451637268 122 87 82
0.08698198199272156 0.004916149657219648 0.13699999451637268 121 82 78
0.08730412274599075 0.004916149657219648 0.13699999451637268 119 80 76
0.08794602006673813 0.004880265332758427 0.13600000739097595 146 115 113
0.0882658138871193 0.004880265332758427 0.13600000739097595 143 117 115
0.08923696726560593 0.004916149657219648 0.13699999451637268 138 112 110
0.08955910801887512 0.004916149657219648 0.13699999451637268 136 113 110
0.08988124877214432 0.004916149657219648 0.13699999451637268 132 109 106
0.09020338952541351 0.004916149657219648 0.13699999451637268 134 108 106
0.09052553027868271 0.004916149657219648 0.13699999451637268 128 102 100
0.0908476710319519 0.004916149657219648 0.13699999451637268 134 103 101
0.0911698117852211 0.004916149657219648 0.13699999451637268 129 98 96
0.09215977787971497 0.00495203398168087 0.1379999965429306 126 92 84
0.09248427301645279 0.00495203398168087 0.1379999965429306 125 91 83
0.09280876070261002 0.00495203398168087 0.1379999965429306 131 100 91
0.09313325583934784 0.00495203398168087 0.1379999965429306 130 99 90
0.09413497895002365 0.004987918306142092 0.13899999856948853 130 100 95
0.0944618210196495 0.004987918306142092 0.13899999856948853 130 100 95
0.09478866308927536 0.004987918306142092 0.13899999856948853 132 99 100
0.09511550515890121 0.004987918306142092 0.13899999856948853 119 86 87
0.09544235467910767 0.004987918306142092 0.13899999856948853 112 76 76
0.09576919674873352 0.004987918306142092 0.13899999856948853 109 73 73
0.06385862827301025 0.005582412239164114 0.1459999978542328 255 213 218
0.06420192867517471 0.005582412239164114 0.1459999978542328 255 213 218
0.0641031414270401 0.005544176325201988 0.14499999582767487 255 209 215
0.06546695530414581 0.005544176325201988 0.14499999582767487 201 157 166
0.06580790132284164 0.005544176325201988 0.14499999582767487 199 155 164
0.06569265574216843 0.00550594087690115 0.14399999380111694 196 158 160
0.06603125482797623 0.00550594087690115 0.14399999380111694 199 161 163
0.06636986136436462 0.00550594087690115 0.14399999380111694 176 138 138
0.06624520570039749 0.005467704962939024 0.14300000667572021 177 139 139
0.06658145785331726 0.005467704962939024 0.14300000667572021 181 141 142
0.06691770255565643 0.005467704962939024 0.14300000667572021 167 127 128
0.06811923533678055 0.0054294695146381855 0.1420000046491623 255 241 248
0.06845313310623169 0.0054294695146381855 0.1420000046491623 255 239 246
0.06830261647701263 0.00539123360067606 0.14100000262260437 247 212 237
0.06863416731357574 0.00539123360067606 0.14100000262260437 223 188 213
0.06896571069955826 0.00539123360067606 0.14100000262260437 218 183 208
0.06929726153612137 0.00539123360067606 0.14100000262260437 217 182 207
0.06962880492210388 0.00539123360067606 0.14100000262260437 211 185 200
0.0699603483080864 0.00539123360067606 0.14100000262260437 211 185 200
0.0702918991446495 0.00539123360067606 0.14100000262260437 207 184 196
0.07012256979942322 0.005352998152375221 0.14000000059604645 201 178 190
0.0704517662525177 0.005352998152375221 0.14000000059604645 198 175 187
0.07078096270561218 0.005352998152375221 0.14000000059604645 198 175 187
0.07060222327709198 0.0053147622384130955 0.13899999856948853 206 177 183
0.07092906534671783 0.0053147622384130955 0.13899999856948853 192 163 169
0.07125591486692429 0.0053147622384130955 0.13899999856948853 184 147 144
0.07158275693655014 0.0053147622384130955 0.13899999856948853 163 126 123
0.07139226794242859 0.00527652632445097 0.1379999965429306 89 52 47
0.07171675562858582 0.00527652632445097 0.1379999965429306 150 113 108
0.07236573845148087 0.00527652632445097 0.1379999965429306 208 175 178
0.07269023358821869 0.00527652632445097 0.1379999965429306 205 172 175
0.07377419620752335 0.005238290876150131 0.13699999451637268 182 151 149
0.07409633696079254 0.005238290876150131 0.13699999451637268 177 144 143
0.07441847771406174 0.005238290876150131 0.13699999451637268 172 139 138
0.07474061846733093 0.005238290876150131 0.13699999451637268 170 137 136
0.07506275922060013 0.005238290876150131 0.13699999451637268 169 136 135
0.07538489997386932 0.005238290876150131 0.13699999451637268 164 135 141
0.07570704072713852 0.005238290876150131 0.13699999451637268 162 133 139
0.07602918893098831 0.005238290876150131 0.13699999451637268 162 127 139
0.07635132968425751 0.005238290876150131 0.13699999451637268 161 126 138
0.07745877653360367 0.005161819513887167 0.13500000536441803 173 132 124
0.0777762159705162 0.005161819513887167 0.13500000536441803 172 131 123
0.07809365540742874 0.005161819513887167 0.13500000536441803 168 137 128
0.07841108739376068 0.005161819513887167 0.13500000536441803 169 138 129
0.07872852683067322 0.005161819513887167 0.13500000536441803 167 137 130
0.07904596626758575 0.005161819513887167 0.13500000536441803 164 134 127
0.07936340570449829 0.005161819513887167 0.13500000536441803 159 129 124
0.07968084514141083 0.005161819513887167 0.13500000536441803 152 122 117
0.07999828457832336 0.005161819513887167 0.13500000536441803 147 117 110
0.0803157165646553 0.005161819513887167 0.13500000536441803 145 115 108
0.08063315600156784 0.005161819513887167 0.13500000536441803 129 103 92
0.08095059543848038 0.005161819513887167 0.13500000536441803 136 110 99
0.08126803487539291 0.005161819513887167 0.13500000536441803 182 151 142
0.08218980580568314 0.0052000549621880054 0.13600000739097595 184 153 144
0.0825095996260643 0.0052000549621880054 0.13600000739097595 167 133 123
0.08282938599586487 0.0052000549621880054 0.13600000739097595 157 123 113
0.08314917981624603 0.0052000549621880054 0.13600000739097595 148 114 104
0.0834689661860466 0.0052000549621880054 0.13600000739097595 144 110 100
0.08378876000642776 0.0052000549621880054 0.13600000739097595 139 105 95
0.08410854637622833 0.0052000549621880054 0.13600000739097595 137 103 93
0.0844283327460289 0.0052000549621880054 0.13600000739097595 134 103 94
0.08474812656641006 0.0052000549621880054 0.13600000739097595 132 101 92
0.08506791293621063 0.0052000549621880054 0.13600000739097595 129 100 90
0.0853877067565918 0.0052000549621880054 0.13600000739097595 124 95 85
0.08570749312639236 0.0052000549621880054 0.13600000739097595 117 88 78
0.08602728694677353 0.0052000549621880054 0.13600000739097595 119 90 80
0.0863470733165741 0.0052000549621880054 0.13600000739097595 121 86 81
0.08666686713695526 0.0052000549621880054 0.13600000739097595 134 99 94
0.08698665350675583 0.0052000549621880054 0.13600000739097595 147 115 111
0.08762623369693756 0.0052000549621880054 0.13600000739097595 143 116 110
0.08794602006673813 0.0052000549621880054 0.13600000739097595 145 118 112
0.0882658138871193 0.0052000549621880054 0.13600000739097595 144 118 116
0.08923696726560593 0.005238290876150131 0.13699999451637268 142 116 114
0.08955910801887512 0.005238290876150131 0.13699999451637268 140 114 112
0.08988124877214432 0.005238290876150131 0.13699999451637268 137 111 109
0.09020338952541351 0.005238290876150131 0.13699999451637268 134 111 106
0.09052553027868271 0.005238290876150131 0.13699999451637268 122 99 94
0.0908476710319519 0.005238290876150131 0.13699999451637268 129 104 95
0.0911698117852211 0.005238290876150131 0.13699999451637268 128 103 94
0.09215977787971497 0.00527652632445097 0.1379999965429306 124 95 85
0.09248427301645279 0.00527652632445097 0.1379999965429306 119 90 80
0.09280876070261002 0.00527652632445097 0.1379999965429306 129 100 90
0.09313325583934784 0.00527652632445097 0.1379999965429306 129 100 90
0.09413497895002365 0.0053147622384130955 0.13899999856948853 124 97 91
0.0944618210196495 0.0053147622384130955 0.13899999856948853 124 97 91
0.09478866308927536 0.0053147622384130955 0.13899999856948853 127 96 96
0.09511550515890121 0.0053147622384130955 0.13899999856948853 127 96 96
0.09544235467910767 0.0053147622384130955 0.13899999856948853 119 83 83
0.09576919674873352 0.0053147622384130955 0.13899999856948853 107 71 71
0.09609603881835938 0.0053147622384130955 0.13899999856948853 109 70 68
0.12041512876749039 0.006614775862544775 0.17299999296665192 105 58 57
0.12082191556692123 0.006614775862544775 0.17299999296665192 104 57 56
0.06360470503568649 0.005966302938759327 0.1469999998807907 255 218 214
0.0635153204202652 0.005925715435296297 0.1459999978542328 255 224 220
0.06385862827301025 0.005925715435296297 0.1459999978542328 255 217 224
0.06420192867517471 0.005925715435296297 0.1459999978542328 255 214 221
0.06546695530414581 0.0058851283974945545 0.14499999582767487 199 156 162
0.06535405665636063 0.005844541359692812 0.14399999380111694 203 160 166
0.06569265574216843 0.005844541359692812 0.14399999380111694 197 161 165
0.06603125482797623 0.005844541359692812 0.14399999380111694 200 164 168
0.06590895354747772 0.005803954321891069 0.14300000667572021 198 162 166
0.06624520570039749 0.005803954321891069 0.14300000667572021 189 153 157
0.06658145785331726 0.005803954321891069 0.14300000667572021 183 147 149
0.06691770255565643 0.005803954321891069 0.14300000667572021 182 146 148
0.06745143979787827 0.005763367284089327 0.1420000046491623 178 138 141
0.0677853375673294 0.005763367284089327 0.1420000046491623 255 233 236
0.06811923533678055 0.005763367284089327 0.1420000046491623 255 243 254
0.06845313310623169 0.005763367284089327 0.1420000046491623 255 236 247
0.06830261647701263 0.005722780246287584 0.14100000262260437 253 218 243
0.06863416731357574 0.005722780246287584 0.14100000262260437 235 200 225
0.06896571069955826 0.005722780246287584 0.14100000262260437 237 201 224
0.06929726153612137 0.005722780246287584 0.14100000262260437 222 186 209
0.06962880492210388 0.005722780246287584 0.14100000262260437 217 184 199
0.0699603483080864 0.005722780246287584 0.14100000262260437 218 185 200
0.0702918991446495 0.005722780246287584 0.14100000262260437 213 185 196
0.07012256979942322 0.005682193208485842 0.14000000059604645 205 177 188
0.0704517662525177 0.005682193208485842 0.14000000059604645 205 180 192
0.07078096270561218 0.005682193208485842 0.14000000059604645 195 170 182
0.07060222327709198 0.005641606170684099 0.13899999856948853 195 163 170
0.07092906534671783 0.005641606170684099 0.13899999856948853 195 163 170
0.07125591486692429 0.005641606170684099 0.13899999856948853 179 143 143
0.07106777280569077 0.005601019132882357 0.1379999965429306 158 122 122
0.07139226794242859 0.005601019132882357 0.1379999965429306 122 87 84
0.07171675562858582 0.005601019132882357 0.1379999965429306 177 142 139
0.07204125076532364 0.005601019132882357 0.1379999965429306 210 179 181
0.07236573845148087 0.005601019132882357 0.1379999965429306 209 178 180
0.07216349244117737 0.005560431629419327 0.13699999451637268 202 169 172
0.07248563319444656 0.005560431629419327 0.13699999451637268 191 158 161
0.07280777394771576 0.005560431629419327 0.13699999451637268 182 149 150
0.07312991470098495 0.005560431629419327 0.13699999451637268 180 147 148
0.07345205545425415 0.005560431629419327 0.13699999451637268 172 141 141
0.07377419620752335 0.005560431629419327 0.13699999451637268 171 140 140
0.07409633696079254 0.005560431629419327 0.13699999451637268 169 138 138
0.07441847771406174 0.005560431629419327 0.13699999451637268 167 136 136
0.07474061846733093 0.005560431629419327 0.13699999451637268 164 133 133
0.07506275922060013 0.005560431629419327 0.13699999451637268 164 133 133
0.07538489997386932 0.005560431629419327 0.13699999451637268 157 128 132
0.07570704072713852 0.005560431629419327 0.13699999451637268 149 120 124
0.07602918893098831 0.005560431629419327 0.13699999451637268 148 119 125
0.07635132968425751 0.005560431629419327 0.13699999451637268 155 126 132
0.07611380517482758 0.005519844591617584 0.13600000739097595 144 108 110
0.07643359899520874 0.005519844591617584 0.13600000739097595 98 62 64
0.07675338536500931 0.005519844591617584 0.13600000739097595 167 128 124
0.07707317918539047 0.005519844591617584 0.13600000739097595 189 150 146
0.07739296555519104 0.005519844591617584 0.13600000739097595 181 145 137
0.07771275192499161 0.005519844591617584 0.13600000739097595 181 145 137
0.07745877653360367 0.005479257553815842 0.13500000536441803 167 131 123
0.0777762159705162 0.005479257553815842 0.13500000536441803 170 134 126
0.07809365540742874 0.005479257553815842 0.13500000536441803 167 132 127
0.07841108739376068 0.005479257553815842 0.13500000536441803 168 133 128
0.07872852683067322 0.005479257553815842 0.13500000536441803 166 136 129
0.07904596626758575 0.005479257553815842 0.13500000536441803 154 124 117
0.07936340570449829 0.005479257553815842 0.13500000536441803 150 120 115
0.07968084514141083 0.005479257553815842 0.13500000536441803 144 114 109
0.07999828457832336 0.005479257553815842 0.13500000536441803 139 112 104
0.0803157165646553 0.005479257553815842 0.13500000536441803 139 112 104
0.08063315600156784 0.005479257553815842 0.13500000536441803 144 117 109
0.08095059543848038 0.005479257553815842 0.13500000536441803 130 103 95
0.08126803487539291 0.005479257553815842 0.13500000536441803 125 94 85
0.08158547431230545 0.005479257553815842 0.13500000536441803 154 123 114
0.08190291374921799 0.005479257553815842 0.13500000536441803 158 124 114
0.08222034573554993 0.005479257553815842 0.13500000536441803 149 115 105
0.08253778517246246 0.005479257553815842 0.13500000536441803 146 110 100
0.082855224609375 0.005479257553815842 0.13500000536441803 144 108 98
0.08378876000642776 0.005519844591617584 0.13600000739097595 143 107 97
0.08410854637622833 0.005519844591617584 0.13600000739097595 139 103 93
0.0844283327460289 0.005519844591617584 0.13600000739097595 135 101 89
0.08474812656641006 0.005519844591617584 0.13600000739097595 130 96 84
0.08506791293621063 0.005519844591617584 0.13600000739097595 127 96 83
0.0853877067565918 0.005519844591617584 0.13600000739097595 126 95 82
0.08570749312639236 0.005519844591617584 0.13600000739097595 119 88 75
0.08602728694677353 0.005519844591617584 0.13600000739097595 119 88 75
0.0863470733165741 0.005519844591617584 0.13600000739097595 122 88 80
0.08666686713695526 0.005519844591617584 0.13600000739097595 128 94 86
0.08698665350675583 0.005519844591617584 0.13600000739097595 148 113 108
0.0873064398765564 0.005519844591617584 0.13600000739097595 147 112 107
0.08762623369693756 0.005519844591617584 0.13600000739097595 143 116 110
0.08794602006673813 0.005519844591617584 0.13600000739097595 144 117 111
0.0882658138871193 0.005519844591617584 0.13600000739097595 142 117 110
0.08858560025691986 0.005519844591617584 0.13600000739097595 136 111 104
0.08890539407730103 0.005519844591617584 0.13600000739097595 134 108 104
0.08988124877214432 0.005560431629419327 0.13699999451637268 129 103 99
0.09020338952541351 0.005560431629419327 0.13699999451637268 124 102 94
0.09052553027868271 0.005560431629419327 0.13699999451637268 124 102 94
0.0908476710319519 0.005560431629419327 0.13699999451637268 125 103 93
0.0911698117852211 0.005560431629419327 0.13699999451637268 121 99 89
0.09215977787971497 0.005601019132882357 0.1379999965429306 120 94 83
0.09248427301645279 0.005601019132882357 0.1379999965429306 115 89 78
0.09280876070261002 0.005601019132882357 0.1379999965429306 116 87 75
0.09313325583934784 0.005601019132882357 0.1379999965429306 123 94 82
0.09345774352550507 0.005601019132882357 0.1379999965429306 124 94 87
0.0944618210196495 0.005641606170684099 0.13899999856948853 125 95 88
0.09478866308927536 0.005641606170684099 0.13899999856948853 125 94 92
0.09511550515890121 0.005641606170684099 0.13899999856948853 124 93 91
0.09544235467910767 0.005641606170684099 0.13899999856948853 122 87 84
0.09576919674873352 0.005641606170684099 0.13899999856948853 112 77 74
0.09609603881835938 0.005641606170684099 0.13899999856948853 110 68 67
0.09642288088798523 0.005641606170684099 0.13899999856948853 103 61 60
0.06360470503568649 0.006311957724392414 0.1469999998807907 255 226 221
0.0635153204202652 0.0062690190970897675 0.1459999978542328 255 223 218
0.06385862827301025 0.0062690190970897675 0.1459999978542328 255 234 242
0.06420192867517471 0.0062690190970897675 0.1459999978542328 255 223 231
0.06501545757055283 0.0061831423081457615 0.14399999380111694 200 155 162
0.06535405665636063 0.0061831423081457615 0.14399999380111694 203 158 165
0.06569265574216843 0.0061831423081457615 0.14399999380111694 203 167 171
0.06557270884513855 0.006140203680843115 0.14300000667572021 203 167 171
0.06590895354747772 0.006140203680843115 0.14300000667572021 199 166 169
0.06624520570039749 0.006140203680843115 0.14300000667572021 203 170 173
0.06658145785331726 0.006140203680843115 0.14300000667572021 182 146 146
0.06644974648952484 0.006097265053540468 0.1420000046491623 182 146 146
0.06678364425897598 0.006097265053540468 0.1420000046491623 182 135 134
0.06711754202842712 0.006097265053540468 0.1420000046491623 145 98 97
0.06745143979787827 0.006097265053540468 0.1420000046491623 245 207 209
0.0677853375673294 0.006097265053540468 0.1420000046491623 255 242 244
0.06811923533678055 0.006097265053540468 0.1420000046491623 255 238 248
0.06845313310623169 0.006097265053540468 0.1420000046491623 255 234 244
0.06830261647701263 0.006054326891899109 0.14100000262260437 255 228 252
0.06863416731357574 0.006054326891899109 0.14100000262260437 255 228 252
0.06896571069955826 0.006054326891899109 0.14100000262260437 246 210 233
0.06929726153612137 0.006054326891899109 0.14100000262260437 211 175 198
0.06962880492210388 0.006054326891899109 0.14100000262260437 221 188 201
0.0699603483080864 0.006054326891899109 0.14100000262260437 222 189 202
0.0702918991446495 0.006054326891899109 0.14100000262260437 214 184 194
0.07012256979942322 0.006011388264596462 0.14000000059604645 210 180 190
0.0704517662525177 0.006011388264596462 0.14000000059604645 210 180 192
0.07078096270561218 0.006011388264596462 0.14000000059604645 198 168 180
0.07060222327709198 0.005968449637293816 0.13899999856948853 198 164 172
0.07092906534671783 0.005968449637293816 0.13899999856948853 183 149 157
0.07125591486692429 0.005968449637293816 0.13899999856948853 171 133 133
0.07106777280569077 0.005925511475652456 0.1379999965429306 151 113 113
0.07139226794242859 0.005925511475652456 0.1379999965429306 144 109 106
0.07171675562858582 0.005925511475652456 0.1379999965429306 191 156 153
0.07204125076532364 0.005925511475652456 0.1379999965429306 205 174 176
0.07236573845148087 0.005925511475652456 0.1379999965429306 200 169 171
0.07216349244117737 0.00588257284834981 0.13699999451637268 195 162 165
0.07248563319444656 0.00588257284834981 0.13699999451637268 173 140 143
0.07280777394771576 0.00588257284834981 0.13699999451637268 162 129 130
0.07312991470098495 0.00588257284834981 0.13699999451637268 165 132 133
0.07345205545425415 0.00588257284834981 0.13699999451637268 167 134 135
0.07377419620752335 0.00588257284834981 0.13699999451637268 165 132 133
0.07409633696079254 0.00588257284834981 0.13699999451637268 160 129 129
0.07441847771406174 0.00588257284834981 0.13699999451637268 159 128 128
0.07419507205486298 0.005839634221047163 0.13600000739097595 159 128 128
0.07451485842466354 0.005839634221047163 0.13600000739097595 158 127 127
0.07483465224504471 0.005839634221047163 0.13600000739097595 155 127 128
0.07515443861484528 0.005839634221047163 0.13600000739097595 151 123 124
0.07547422498464584 0.005839634221047163 0.13600000739097595 146 118 119
0.07579401880502701 0.005839634221047163 0.13600000739097595 144 116 117
0.07611380517482758 0.005839634221047163 0.13600000739097595 130 97 96
0.07643359899520874 0.005839634221047163 0.13600000739097595 131 98 97
0.07675338536500931 0.005839634221047163 0.13600000739097595 168 136 130
0.07707317918539047 0.005839634221047163 0.13600000739097595 176 144 138
0.07739296555519104 0.005839634221047163 0.13600000739097595 174 140 132
0.07771275192499161 0.005839634221047163 0.13600000739097595 170 136 128
0.07745877653360367 0.005796696059405804 0.13500000536441803 164 127 122
0.0777762159705162 0.005796696059405804 0.13500000536441803 162 125 120
0.07809365540742874 0.005796696059405804 0.13500000536441803 158 123 118
0.07841108739376068 0.005796696059405804 0.13500000536441803 161 126 121
0.07872852683067322 0.005796696059405804 0.13500000536441803 153 121 115
0.07904596626758575 0.005796696059405804 0.13500000536441803 145 113 107
0.07936340570449829 0.005796696059405804 0.13500000536441803 139 109 102
0.07968084514141083 0.005796696059405804 0.13500000536441803 140 110 103
0.07999828457832336 0.005796696059405804 0.13500000536441803 138 112 101
0.0803157165646553 0.005796696059405804 0.13500000536441803 135 109 98
0.08063315600156784 0.005796696059405804 0.13500000536441803 129 100 90
0.08095059543848038 0.005796696059405804 0.13500000536441803 130 101 91
0.08126803487539291 0.005796696059405804 0.13500000536441803 123 92 83
0.08158547431230545 0.005796696059405804 0.13500000536441803 135 104 95
0.08190291374921799 0.005796696059405804 0.13500000536441803 142 108 98
0.08222034573554993 0.005796696059405804 0.13500000536441803 143 109 99
0.08253778517246246 0.005796696059405804 0.13500000536441803 141 107 97
0.082855224609375 0.005796696059405804 0.13500000536441803 139 105 95
0.08378876000642776 0.005839634221047163 0.13600000739097595 139 105 93
0.08410854637622833 0.005839634221047163 0.13600000739097595 137 103 91
0.0844283327460289 0.005839634221047163 0.13600000739097595 136 102 90
0.08474812656641006 0.005839634221047163 0.13600000739097595 132 98 86
0.0863470733165741 0.005839634221047163 0.13600000739097595 121 83 74
0.08666686713695526 0.005839634221047163 0.13600000739097595 118 80 71
0.08698665350675583 0.005839634221047163 0.13600000739097595 137 100 95
0.0873064398765564 0.005839634221047163 0.13600000739097595 142 105 100
0.08762623369693756 0.005839634221047163 0.13600000739097595 140 108 102
0.08794602006673813 0.005839634221047163 0.13600000739097595 146 114 108
0.0882658138871193 0.005839634221047163 0.13600000739097595 141 114 106
0.08858560025691986 0.005839634221047163 0.13600000739097595 137 110 102
0.08890539407730103 0.005839634221047163 0.13600000739097595 131 109 101
0.08922518044710159 0.005839634221047163 0.13600000739097595 125 103 95
0.09020338952541351 0.00588257284834981 0.13699999451637268 122 102 94
0.09052553027868271 0.00588257284834981 0.13699999451637268 123 103 95
0.0908476710319519 0.00588257284834981 0.13699999451637268 123 103 93
0.0911698117852211 0.00588257284834981 0.13699999451637268 117 97 87
0.09215977787971497 0.005925511475652456 0.1379999965429306 118 92 81
0.09248427301645279 0.005925511475652456 0.1379999965429306 111 85 74
0.09280876070261002 0.005925511475652456 0.1379999965429306 111 82 70
0.09313325583934784 0.005925511475652456 0.1379999965429306 113 84 72
0.09345774352550507 0.005925511475652456 0.1379999965429306 118 88 81
0.0944618210196495 0.005968449637293816 0.13899999856948853 120 90 83
0.09478866308927536 0.005968449637293816 0.13899999856948853 119 89 82
0.09511550515890121 0.005968449637293816 0.13899999856948853 119 89 82
0.09544235467910767 0.005968449637293816 0.13899999856948853 119 88 79
0.09576919674873352 0.005968449637293816 0.13899999856948853 113 82 73
0.09609603881835938 0.005968449637293816 0.13899999856948853 102 61 55
0.09642288088798523 0.005968449637293816 0.13899999856948853 101 60 54
0.06360470503568649 0.006657612510025501 0.1469999998807907 255 232 228
0.0635153204202652 0.006612322758883238 0.1459999978542328 255 238 234
0.06385862827301025 0.006612322758883238 0.1459999978542328 255 236 243
0.06420192867517471 0.006612322758883238 0.1459999978542328 255 226 233
0.0641031414270401 0.006567033007740974 0.14499999582767487 242 200 216
0.06444409489631653 0.006567033007740974 0.14499999582767487 237 195 211
0.06478504836559296 0.006567033007740974 0.14499999582767487 223 174 185
0.06512600183486938 0.006567033007740974 0.14499999582767487 215 166 177
0.06501545757055283 0.006521742790937424 0.14399999380111694 207 167 170
0.06535405665636063 0.006521742790937424 0.14399999380111694 204 164 167
0.06569265574216843 0.006521742790937424 0.14399999380111694 199 166 167
0.06557270884513855 0.00647645303979516 0.14300000667572021 201 168 169
0.06590895354747772 0.00647645303979516 0.14300000667572021 199 166 167
0.06624520570039749 0.00647645303979516 0.14300000667572021 202 169 170
0.06658145785331726 0.00647645303979516 0.14300000667572021 186 148 148
0.06644974648952484 0.006431163288652897 0.1420000046491623 180 142 142
0.06678364425897598 0.006431163288652897 0.1420000046491623 174 131 126
0.06711754202842712 0.006431163288652897 0.1420000046491623 159 116 111
0.06745143979787827 0.006431163288652897 0.1420000046491623 255 223 226
0.0677853375673294 0.006431163288652897 0.1420000046491623 255 240 243
0.06811923533678055 0.006431163288652897 0.1420000046491623 255 239 251
0.06845313310623169 0.006431163288652897 0.1420000046491623 255 236 248
0.06878703087568283 0.006431163288652897 0.1420000046491623 255 234 255
0.06912093609571457 0.006431163288652897 0.1420000046491623 251 215 238
0.06896571069955826 0.0063858735375106335 0.14100000262260437 227 188 210
0.06929726153612137 0.0063858735375106335 0.14100000262260437 210 171 193
0.06962880492210388 0.0063858735375106335 0.14100000262260437 213 175 190
0.0699603483080864 0.0063858735375106335 0.14100000262260437 217 179 194
0.0702918991446495 0.0063858735375106335 0.14100000262260437 205 173 180
0.07012256979942322 0.006340583320707083 0.14000000059604645 210 178 185
0.0704517662525177 0.006340583320707083 0.14000000059604645 200 168 175
0.07078096270561218 0.006340583320707083 0.14000000059604645 203 171 178
0.07060222327709198 0.006295293569564819 0.13899999856948853 199 163 167
0.07092906534671783 0.006295293569564819 0.13899999856948853 186 150 154
0.07125591486692429 0.006295293569564819 0.13899999856948853 164 124 125
0.07106777280569077 0.006250003818422556 0.1379999965429306 158 118 119
0.07139226794242859 0.006250003818422556 0.1379999965429306 152 115 112
0.07171675562858582 0.006250003818422556 0.1379999965429306 199 162 159
0.07204125076532364 0.006250003818422556 0.1379999965429306 200 169 169
0.07236573845148087 0.006250003818422556 0.1379999965429306 197 166 166
0.07216349244117737 0.006204713601619005 0.13699999451637268 193 165 166
0.07248563319444656 0.006204713601619005 0.13699999451637268 177 149 150
0.07280777394771576 0.006204713601619005 0.13699999451637268 166 135 135
0.07312991470098495 0.006204713601619005 0.13699999451637268 162 131 131
0.07345205545425415 0.006204713601619005 0.13699999451637268 160 129 129
0.07323569804430008 0.006159423850476742 0.13600000739097595 159 128 128
0.07355549186468124 0.006159423850476742 0.13600000739097595 159 128 128
0.07387527823448181 0.006159423850476742 0.13600000739097595 158 127 127
0.07419507205486298 0.006159423850476742 0.13600000739097595 157 126 124
0.07451485842466354 0.006159423850476742 0.13600000739097595 154 123 121
0.07483465224504471 0.006159423850476742 0.13600000739097595 152 121 121
0.07515443861484528 0.006159423850476742 0.13600000739097595 150 119 119
0.07547422498464584 0.006159423850476742 0.13600000739097595 146 118 117
0.07579401880502701 0.006159423850476742 0.13600000739097595 141 113 112
0.07611380517482758 0.006159423850476742 0.13600000739097595 137 104 103
0.07643359899520874 0.006159423850476742 0.13600000739097595 135 102 101
0.07675338536500931 0.006159423850476742 0.13600000739097595 153 121 115
0.07707317918539047 0.006159423850476742 0.13600000739097595 175 143 137
0.07739296555519104 0.006159423850476742 0.13600000739097595 174 142 136
0.07771275192499161 0.006159423850476742 0.13600000739097595 163 131 125
0.07745877653360367 0.006114134099334478 0.13500000536441803 157 122 119
0.0777762159705162 0.006114134099334478 0.13500000536441803 154 119 116
0.07809365540742874 0.006114134099334478 0.13500000536441803 150 115 112
0.07841108739376068 0.006114134099334478 0.13500000536441803 148 113 110
0.07872852683067322 0.006114134099334478 0.13500000536441803 146 111 106
0.07904596626758575 0.006114134099334478 0.13500000536441803 144 109 104
0.07936340570449829 0.006114134099334478 0.13500000536441803 135 103 97
0.07968084514141083 0.006114134099334478 0.13500000536441803 137 105 99
0.07999828457832336 0.006114134099334478 0.13500000536441803 138 109 99
0.0803157165646553 0.006114134099334478 0.13500000536441803 133 104 94
0.08063315600156784 0.006114134099334478 0.13500000536441803 130 101 91
0.08095059543848038 0.006114134099334478 0.13500000536441803 126 97 87
0.08126803487539291 0.006114134099334478 0.13500000536441803 123 92 81
0.08158547431230545 0.006114134099334478 0.13500000536441803 127 96 85
0.08190291374921799 0.006114134099334478 0.13500000536441803 141 105 95
0.08222034573554993 0.006114134099334478 0.13500000536441803 141 105 95
0.08253778517246246 0.006114134099334478 0.13500000536441803 137 103 93
0.082855224609375 0.006114134099334478 0.13500000536441803 135 101 91
0.08317266404628754 0.006114134099334478 0.13500000536441803 136 102 90
0.08410854637622833 0.006159423850476742 0.13600000739097595 136 102 90
0.0844283327460289 0.006159423850476742 0.13600000739097595 141 105 93
0.08474812656641006 0.006159423850476742 0.13600000739097595 138 102 90
0.08506791293621063 0.006159423850476742 0.13600000739097595 129 96 81
0.0853877067565918 0.006159423850476742 0.13600000739097595 126 93 78
0.0863470733165741 0.006159423850476742 0.13600000739097595 122 84 75
0.08666686713695526 0.006159423850476742 0.13600000739097595 119 81 72
0.08698665350675583 0.006159423850476742 0.13600000739097595 122 87 82
0.0873064398765564 0.006159423850476742 0.13600000739097595 134 99 94
0.08762623369693756 0.006159423850476742 0.13600000739097595 142 110 104
0.08794602006673813 0.006159423850476742 0.13600000739097595 146 114 108
0.0882658138871193 0.006159423850476742 0.13600000739097595 144 114 107
0.08858560025691986 0.006159423850476742 0.13600000739097595 137 107 100
0.08890539407730103 0.006159423850476742 0.13600000739097595 131 106 97
0.08922518044710159 0.006159423850476742 0.13600000739097595 127 102 93
0.09020338952541351 0.006204713601619005 0.13699999451637268 123 103 93
0.09052553027868271 0.006204713601619005 0.13699999451637268 122 102 92
0.0908476710319519 0.006204713601619005 0.13699999451637268 124 102 92
0.0911698117852211 0.006204713601619005 0.13699999451637268 120 98 88
0.0914919525384903 0.006204713601619005 0.13699999451637268 115 89 78
0.09248427301645279 0.006250003818422556 0.1379999965429306 111 85 74
0.09280876070261002 0.006250003818422556 0.1379999965429306 108 79 69
0.09313325583934784 0.006250003818422556 0.1379999965429306 113 84 74
0.09345774352550507 0.006250003818422556 0.1379999965429306 117 86 77
0.0944618210196495 0.006295293569564819 0.13899999856948853 119 88 79
0.09478866308927536 0.006295293569564819 0.13899999856948853 120 88 82
0.09511550515890121 0.006295293569564819 0.13899999856948853 123 91 85
0.09544235467910767 0.006295293569564819 0.13899999856948853 124 93 82
0.09576919674873352 0.006295293569564819 0.13899999856948853 114 83 72
0.09609603881835938 0.006295293569564819 0.13899999856948853 122 84 75
0.09642288088798523 0.006295293569564819 0.13899999856948853 100 62 53
0.0632590502500534 0.007003267761319876 0.1469999998807907 255 215 208
0.06360470503568649 0.007003267761319876 0.1469999998807907 255 222 218
0.0635153204202652 0.006955626420676708 0.1459999978542328 255 235 231
0.06385862827301025 0.006955626420676708 0.1459999978542328 255 241 250
0.06420192867517471 0.006955626420676708 0.1459999978542328 255 241 250
0.0641031414270401 0.006907985080033541 0.14499999582767487 238 205 218
0.06444409489631653 0.006907985080033541 0.14499999582767487 221 188 201
0.06478504836559296 0.006907985080033541 0.14499999582767487 223 183 188
0.06512600183486938 0.006907985080033541 0.14499999582767487 224 184 189
0.06546695530414581 0.006907985080033541 0.14499999582767487 206 168 168
0.06535405665636063 0.006860343739390373 0.14399999380111694 200 162 162
0.06569265574216843 0.006860343739390373 0.14399999380111694 195 162 161
0.06557270884513855 0.006812702398747206 0.14300000667572021 198 165 164
0.06590895354747772 0.006812702398747206 0.14300000667572021 201 168 169
0.06624520570039749 0.006812702398747206 0.14300000667572021 194 161 162
0.0661158487200737 0.006765061058104038 0.1420000046491623 183 144 142
0.06644974648952484 0.006765061058104038 0.1420000046491623 177 138 136
0.06678364425897598 0.006765061058104038 0.1420000046491623 173 130 125
0.06711754202842712 0.006765061058104038 0.1420000046491623 167 124 119
0.06745143979787827 0.006765061058104038 0.1420000046491623 255 223 225
0.0677853375673294 0.006765061058104038 0.1420000046491623 255 225 227
0.06811923533678055 0.006765061058104038 0.1420000046491623 255 227 236
0.06845313310623169 0.006765061058104038 0.1420000046491623 255 224 233
0.06878703087568283 0.006765061058104038 0.1420000046491623 255 223 245
0.06912093609571457 0.006765061058104038 0.1420000046491623 234 195 217
0.06896571069955826 0.006717419717460871 0.14100000262260437 216 175 195
0.06929726153612137 0.006717419717460871 0.14100000262260437 214 173 193
0.06962880492210388 0.006717419717460871 0.14100000262260437 213 174 183
0.0699603483080864 0.006717419717460871 0.14100000262260437 214 175 184
0.0702918991446495 0.006717419717460871 0.14100000262260437 207 170 177
0.07012256979942322 0.006669778376817703 0.14000000059604645 206 169 176
0.0704517662525177 0.006669778376817703 0.14000000059604645 199 165 171
0.07078096270561218 0.006669778376817703 0.14000000059604645 204 170 176
0.07060222327709198 0.006622137501835823 0.13899999856948853 186 148 152
0.07092906534671783 0.006622137501835823 0.13899999856948853 173 135 139
0.07125591486692429 0.006622137501835823 0.13899999856948853 155 111 109
0.07106777280569077 0.0065744961611926556 0.1379999965429306 161 117 115
0.07139226794242859 0.0065744961611926556 0.1379999965429306 152 113 109
0.07171675562858582 0.0065744961611926556 0.1379999965429306 193 154 150
0.07204125076532364 0.0065744961611926556 0.1379999965429306 202 172 167
0.07236573845148087 0.0065744961611926556 0.1379999965429306 189 159 154
0.07216349244117737 0.006526854820549488 0.13699999451637268 178 150 149
0.07248563319444656 0.006526854820549488 0.13699999451637268 173 145 144
0.07280777394771576 0.006526854820549488 0.13699999451637268 165 137 136
0.07312991470098495 0.006526854820549488 0.13699999451637268 160 132 131
0.07345205545425415 0.006526854820549488 0.13699999451637268 162 134 133
0.07323569804430008 0.006479213479906321 0.13600000739097595 152 124 123
0.07355549186468124 0.006479213479906321 0.13600000739097595 157 127 122
0.07387527823448181 0.006479213479906321 0.13600000739097595 155 125 120
0.07419507205486298 0.006479213479906321 0.13600000739097595 154 124 119
0.07451485842466354 0.006479213479906321 0.13600000739097595 151 121 116
0.07483465224504471 0.006479213479906321 0.13600000739097595 150 119 117
0.07515443861484528 0.006479213479906321 0.13600000739097595 146 115 113
0.07547422498464584 0.006479213479906321 0.13600000739097595 144 113 113
0.07579401880502701 0.006479213479906321 0.13600000739097595 139 108 108
0.07611380517482758 0.006479213479906321 0.13600000739097595 132 96 96
0.07643359899520874 0.006479213479906321 0.13600000739097595 134 98 98
0.07675338536500931 0.006479213479906321 0.13600000739097595 151 115 107
0.07707317918539047 0.006479213479906321 0.13600000739097595 171 135 127
0.07739296555519104 0.006479213479906321 0.13600000739097595 172 137 132
0.07771275192499161 0.006479213479906321 0.13600000739097595 158 123 118
0.07803254574537277 0.006479213479906321 0.13600000739097595 146 111 108
0.0777762159705162 0.006431572139263153 0.13500000536441803 150 115 112
0.07809365540742874 0.006431572139263153 0.13500000536441803 146 111 108
0.07841108739376068 0.006431572139263153 0.13500000536441803 140 105 102
0.07872852683067322 0.006431572139263153 0.13500000536441803 136 101 98
0.07904596626758575 0.006431572139263153 0.13500000536441803 136 101 98
0.07936340570449829 0.006431572139263153 0.13500000536441803 132 100 94
0.07968084514141083 0.006431572139263153 0.13500000536441803 134 102 96
0.07999828457832336 0.006431572139263153 0.13500000536441803 134 103 94
0.0803157165646553 0.006431572139263153 0.13500000536441803 130 99 90
0.08063315600156784 0.006431572139263153 0.13500000536441803 127 96 85
0.08095059543848038 0.006431572139263153 0.13500000536441803 125 94 83
0.08126803487539291 0.006431572139263153 0.13500000536441803 121 90 77
0.08158547431230545 0.006431572139263153 0.13500000536441803 125 94 81
0.08253778517246246 0.006431572139263153 0.13500000536441803 137 99 88
0.082855224609375 0.006431572139263153 0.13500000536441803 135 97 86
0.08317266404628754 0.006431572139263153 0.13500000536441803 138 100 89
0.08349010348320007 0.006431572139263153 0.13500000536441803 138 100 89
0.0844283327460289 0.006479213479906321 0.13600000739097595 132 94 83
0.08474812656641006 0.006479213479906321 0.13600000739097595 137 99 88
0.08506791293621063 0.006479213479906321 0.13600000739097595 134 98 86
0.0853877067565918 0.006479213479906321 0.13600000739097595 129 93 81
0.08570749312639236 0.006479213479906321 0.13600000739097595 123 87 77
0.08602728694677353 0.006479213479906321 0.13600000739097595 121 85 75
0.0863470733165741 0.006479213479906321 0.13600000739097595 119 85 77
0.08666686713695526 0.006479213479906321 0.13600000739097595 121 87 79
0.08698665350675583 0.006479213479906321 0.13600000739097595 120 88 82
0.0873064398765564 0.006479213479906321 0.13600000739097595 137 105 99
0.08762623369693756 0.006479213479906321 0.13600000739097595 146 117 107
0.08794602006673813 0.006479213479906321 0.13600000739097595 145 116 106
0.0882658138871193 0.006479213479906321 0.13600000739097595 142 111 102
0.08858560025691986 0.006479213479906321 0.13600000739097595 134 103 94
0.08890539407730103 0.006479213479906321 0.13600000739097595 132 103 93
0.08988124877214432 0.006526854820549488 0.13699999451637268 133 104 94
0.09020338952541351 0.006526854820549488 0.13699999451637268 130 104 93
0.09052553027868271 0.006526854820549488 0.13699999451637268 123 97 86
0.0908476710319519 0.006526854820549488 0.13699999451637268 124 100 88
0.0911698117852211 0.006526854820549488 0.13699999451637268 123 99 87
0.0914919525384903 0.006526854820549488 0.13699999451637268 114 88 77
0.09248427301645279 0.0065744961611926556 0.1379999965429306 110 84 73
0.09280876070261002 0.0065744961611926556 0.1379999965429306 109 78 67
0.09313325583934784 0.0065744961611926556 0.1379999965429306 107 76 65
0.09345774352550507 0.0065744961611926556 0.1379999965429306 112 78 68
0.0944618210196495 0.006622137501835823 0.13899999856948853 118 84 74
0.09478866308927536 0.006622137501835823 0.13899999856948853 119 85 77
0.09511550515890121 0.006622137501835823 0.13899999856948853 116 82 74
0.09544235467910767 0.006622137501835823 0.13899999856948853 115 81 73
0.09576919674873352 0.006622137501835823 0.13899999856948853 113 79 71
0.09609603881835938 0.006622137501835823 0.13899999856948853 112 74 65
0.09642288088798523 0.006622137501835823 0.13899999856948853 103 65 56
0.09674973040819168 0.006622137501835823 0.13899999856948853 104 61 56
0.09707657247781754 0.006622137501835823 0.13899999856948853 105 62 57
0.06360470503568649 0.007348922546952963 0.1469999998807907 255 218 216
0.0635153204202652 0.007298929616808891 0.1459999978542328 255 235 233
0.06385862827301025 0.007298929616808891 0.1459999978542328 255 242 251
0.06420192867517471 0.007298929616808891 0.1459999978542328 255 243 252
0.0641031414270401 0.007248937152326107 0.14499999582767487 255 225 236
0.06444409489631653 0.007248937152326107 0.14499999582767487 224 191 202
0.06478504836559296 0.007248937152326107 0.14499999582767487 219 180 187
0.06512600183486938 0.007248937152326107 0.14499999582767487 221 182 189
0.06546695530414581 0.007248937152326107 0.14499999582767487 214 174 175
0.06535405665636063 0.007198944687843323 0.14399999380111694 200 160 161
0.06569265574216843 0.007198944687843323 0.14399999380111694 197 161 161
0.06557270884513855 0.007148951757699251 0.14300000667572021 200 164 164
0.06590895354747772 0.007148951757699251 0.14300000667572021 203 170 169
0.06624520570039749 0.007148951757699251 0.14300000667572021 187 154 153
0.0661158487200737 0.007098959293216467 0.1420000046491623 184 146 146
0.06644974648952484 0.007098959293216467 0.1420000046491623 178 140 140
0.06678364425897598 0.007098959293216467 0.1420000046491623 166 123 118
0.06711754202842712 0.007098959293216467 0.1420000046491623 163 120 115
0.06745143979787827 0.007098959293216467 0.1420000046491623 255 216 216
0.0677853375673294 0.007098959293216467 0.1420000046491623 255 215 215
0.06811923533678055 0.007098959293216467 0.1420000046491623 248 209 216
0.06845313310623169 0.007098959293216467 0.1420000046491623 245 206 213
0.06878703087568283 0.007098959293216467 0.1420000046491623 242 202 219
0.06912093609571457 0.007098959293216467 0.1420000046491623 226 186 203
0.06896571069955826 0.007048966363072395 0.14100000262260437 230 185 202
0.06929726153612137 0.007048966363072395 0.14100000262260437 220 175 192
0.06962880492210388 0.007048966363072395 0.14100000262260437 217 173 184
0.0699603483080864 0.007048966363072395 0.14100000262260437 215 171 182
0.0702918991446495 0.007048966363072395 0.14100000262260437 209 168 176
0.07012256979942322 0.006998973898589611 0.14000000059604645 203 162 170
0.0704517662525177 0.006998973898589611 0.14000000059604645 202 163 170
0.07078096270561218 0.006998973898589611 0.14000000059604645 203 164 171
0.07060222327709198 0.0069489809684455395 0.13899999856948853 189 149 152
0.07092906534671783 0.0069489809684455395 0.13899999856948853 165 125 128
0.07074327766895294 0.006898988503962755 0.1379999965429306 163 116 117
0.07106777280569077 0.006898988503962755 0.1379999965429306 157 110 111
0.07139226794242859 0.006898988503962755 0.1379999965429306 151 110 104
0.07171675562858582 0.006898988503962755 0.1379999965429306 189 148 142
0.07204125076532364 0.006898988503962755 0.1379999965429306 201 169 163
0.07236573845148087 0.006898988503962755 0.1379999965429306 189 157 151
0.07216349244117737 0.006848995573818684 0.13699999451637268 180 153 147
0.07248563319444656 0.006848995573818684 0.13699999451637268 175 148 142
0.07280777394771576 0.006848995573818684 0.13699999451637268 166 138 135
0.07312991470098495 0.006848995573818684 0.13699999451637268 160 132 129
0.07345205545425415 0.006848995573818684 0.13699999451637268 156 128 125
0.07323569804430008 0.006799003109335899 0.13600000739097595 155 127 124
0.07355549186468124 0.006799003109335899 0.13600000739097595 154 124 119
0.07387527823448181 0.006799003109335899 0.13600000739097595 153 123 118
0.07419507205486298 0.006799003109335899 0.13600000739097595 154 122 116
0.07451485842466354 0.006799003109335899 0.13600000739097595 151 119 113
0.07483465224504471 0.006799003109335899 0.13600000739097595 148 116 110
0.07515443861484528 0.006799003109335899 0.13600000739097595 144 112 106
0.07547422498464584 0.006799003109335899 0.13600000739097595 142 107 104
0.07579401880502701 0.006799003109335899 0.13600000739097595 136 101 98
0.07611380517482758 0.006799003109335899 0.13600000739097595 129 92 87
0.07643359899520874 0.006799003109335899 0.13600000739097595 135 98 93
0.07675338536500931 0.006799003109335899 0.13600000739097595 153 117 109
0.07707317918539047 0.006799003109335899 0.13600000739097595 153 117 109
0.07739296555519104 0.006799003109335899 0.13600000739097595 161 127 119
0.07771275192499161 0.006799003109335899 0.13600000739097595 156 122 114
0.07803254574537277 0.006799003109335899 0.13600000739097595 146 111 106
0.0777762159705162 0.006749010644853115 0.13500000536441803 146 111 106
0.07809365540742874 0.006749010644853115 0.13500000536441803 143 108 103
0.07841108739376068 0.006749010644853115 0.13500000536441803 142 107 102
0.07872852683067322 0.006749010644853115 0.13500000536441803 136 101 98
0.07904596626758575 0.006749010644853115 0.13500000536441803 133 98 95
0.07936340570449829 0.006749010644853115 0.13500000536441803 132 100 94
0.07968084514141083 0.006749010644853115 0.13500000536441803 132 100 94
0.07999828457832336 0.006749010644853115 0.13500000536441803 130 99 90
0.0803157165646553 0.006749010644853115 0.13500000536441803 126 95 86
0.08063315600156784 0.006749010644853115 0.13500000536441803 127 93 85
0.08095059543848038 0.006749010644853115 0.13500000536441803 125 91 83
0.08126803487539291 0.006749010644853115 0.13500000536441803 122 86 76
0.08158547431230545 0.006749010644853115 0.13500000536441803 127 91 81
0.08190291374921799 0.006749010644853115 0.13500000536441803 137 99 90
0.08222034573554993 0.006749010644853115 0.13500000536441803 136 98 89
0.08253778517246246 0.006749010644853115 0.13500000536441803 135 97 88
0.082855224609375 0.006749010644853115 0.13500000536441803 136 98 89
0.08317266404628754 0.006749010644853115 0.13500000536441803 138 100 91
0.08349010348320007 0.006749010644853115 0.13500000536441803 138 100 91
0.08380754292011261 0.006749010644853115 0.13500000536441803 133 95 84
0.08474812656641006 0.006799003109335899 0.13600000739097595 132 94 83
0.08506791293621063 0.006799003109335899 0.13600000739097595 132 94 83
0.0853877067565918 0.006799003109335899 0.13600000739097595 129 91 80
0.08570749312639236 0.006799003109335899 0.13600000739097595 125 91 81
0.08602728694677353 0.006799003109335899 0.13600000739097595 115 81 71
0.0863470733165741 0.006799003109335899 0.13600000739097595 114 83 74
0.08666686713695526 0.006799003109335899 0.13600000739097595 119 88 79
0.08698665350675583 0.006799003109335899 0.13600000739097595 123 92 83
0.0873064398765564 0.006799003109335899 0.13600000739097595 130 99 90
0.08762623369693756 0.006799003109335899 0.13600000739097595 134 103 94
0.08794602006673813 0.006799003109335899 0.13600000739097595 144 113 104
0.0882658138871193 0.006799003109335899 0.13600000739097595 141 110 101
0.08858560025691986 0.006799003109335899 0.13600000739097595 138 107 98
0.08890539407730103 0.006799003109335899 0.13600000739097595 136 106 99
0.08922518044710159 0.006799003109335899 0.13600000739097595 131 101 94
0.09020338952541351 0.006848995573818684 0.13699999451637268 126 96 89
0.09052553027868271 0.006848995573818684 0.13699999451637268 122 92 85
0.0908476710319519 0.006848995573818684 0.13699999451637268 123 96 88
0.0911698117852211 0.006848995573818684 0.13699999451637268 123 96 88
0.0914919525384903 0.006848995573818684 0.13699999451637268 118 86 80
0.09248427301645279 0.006898988503962755 0.1379999965429306 113 81 75
0.09280876070261002 0.006898988503962755 0.1379999965429306 110 73 68
0.09313325583934784 0.006898988503962755 0.1379999965429306 110 73 68
0.09345774352550507 0.006898988503962755 0.1379999965429306 115 77 70
0.0944618210196495 0.0069489809684455395 0.13899999856948853 119 81 74
0.09478866308927536 0.0069489809684455395 0.13899999856948853 120 84 74
0.09511550515890121 0.0069489809684455395 0.13899999856948853 117 81 71
0.09544235467910767 0.0069489809684455395 0.13899999856948853 115 79 69
0.09576919674873352 0.0069489809684455395 0.13899999856948853 114 78 68
0.09609603881835938 0.0069489809684455395 0.13899999856948853 114 76 67
0.09642288088798523 0.0069489809684455395 0.13899999856948853 105 67 58
0.06360470503568649 0.00769457733258605 0.1469999998807907 255 214 213
0.06395035982131958 0.00769457733258605 0.1469999998807907 255 233 232
0.06385862827301025 0.007642233278602362 0.1459999978542328 255 241 246
0.06420192867517471 0.007642233278602362 0.1459999978542328 255 243 248
0.06454523652791977 0.007642233278602362 0.1459999978542328 255 234 245
0.06444409489631653 0.007589889224618673 0.14499999582767487 244 211 222
0.06478504836559296 0.007589889224618673 0.14499999582767487 236 192 201
0.06512600183486938 0.007589889224618673 0.14499999582767487 232 188 197
0.06546695530414581 0.007589889224618673 0.14499999582767487 224 181 183
0.06535405665636063 0.007537545170634985 0.14399999380111694 205 162 164
0.06569265574216843 0.007537545170634985 0.14399999380111694 199 161 161
0.06557270884513855 0.007485201116651297 0.14300000667572021 200 162 162
0.06590895354747772 0.007485201116651297 0.14300000667572021 194 158 160
0.06624520570039749 0.007485201116651297 0.14300000667572021 183 147 149
0.0661158487200737 0.007432857062667608 0.1420000046491623 165 126 124
0.06644974648952484 0.007432857062667608 0.1420000046491623 167 128 126
0.06678364425897598 0.007432857062667608 0.1420000046491623 168 125 120
0.06711754202842712 0.007432857062667608 0.1420000046491623 157 114 109
0.06745143979787827 0.007432857062667608 0.1420000046491623 255 211 211
0.0677853375673294 0.007432857062667608 0.1420000046491623 255 213 213
0.06811923533678055 0.007432857062667608 0.1420000046491623 250 210 211
0.06845313310623169 0.007432857062667608 0.1420000046491623 242 202 203
0.06878703087568283 0.007432857062667608 0.1420000046491623 237 195 209
0.06912093609571457 0.007432857062667608 0.1420000046491623 224 182 196
0.06945483386516571 0.007432857062667608 0.1420000046491623 224 180 191
0.06929726153612137 0.00738051300868392 0.14100000262260437 220 176 187
0.06962880492210388 0.00738051300868392 0.14100000262260437 203 159 168
0.0699603483080864 0.00738051300868392 0.14100000262260437 206 162 171
0.0702918991446495 0.00738051300868392 0.14100000262260437 203 162 170
0.07012256979942322 0.0073281689547002316 0.14000000059604645 202 161 169
0.0704517662525177 0.0073281689547002316 0.14000000059604645 199 159 164
0.07027538120746613 0.007275824900716543 0.13899999856948853 193 153 158
0.07060222327709198 0.007275824900716543 0.13899999856948853 195 150 157
0.07092906534671783 0.007275824900716543 0.13899999856948853 175 130 137
0.07074327766895294 0.007223480846732855 0.1379999965429306 165 118 119
0.07106777280569077 0.007223480846732855 0.1379999965429306 150 103 104
0.07204125076532364 0.007223480846732855 0.1379999965429306 206 170 162
0.07236573845148087 0.007223480846732855 0.1379999965429306 196 160 152
0.07216349244117737 0.0071711367927491665 0.13699999451637268 188 158 151
0.07248563319444656 0.0071711367927491665 0.13699999451637268 180 150 143
0.07280777394771576 0.0071711367927491665 0.13699999451637268 166 139 133
0.07312991470098495 0.0071711367927491665 0.13699999451637268 159 132 126
0.07345205545425415 0.0071711367927491665 0.13699999451637268 155 128 120
0.07323569804430008 0.007118792738765478 0.13600000739097595 149 122 114
0.07355549186468124 0.007118792738765478 0.13600000739097595 153 121 115
0.07387527823448181 0.007118792738765478 0.13600000739097595 154 122 116
0.07419507205486298 0.007118792738765478 0.13600000739097595 154 122 116
0.07451485842466354 0.007118792738765478 0.13600000739097595 148 116 110
0.07483465224504471 0.007118792738765478 0.13600000739097595 149 114 109
0.07515443861484528 0.007118792738765478 0.13600000739097595 146 111 106
0.07547422498464584 0.007118792738765478 0.13600000739097595 143 104 102
0.07579401880502701 0.007118792738765478 0.13600000739097595 137 98 96
0.07611380517482758 0.007118792738765478 0.13600000739097595 130 94 86
0.07643359899520874 0.007118792738765478 0.13600000739097595 134 98 90
0.07675338536500931 0.007118792738765478 0.13600000739097595 155 119 109
0.07707317918539047 0.007118792738765478 0.13600000739097595 152 116 106
0.07739296555519104 0.007118792738765478 0.13600000739097595 155 121 111
0.07771275192499161 0.007118792738765478 0.13600000739097595 151 117 107
0.07803254574537277 0.007118792738765478 0.13600000739097595 146 112 104
0.07835233211517334 0.007118792738765478 0.13600000739097595 143 109 101
0.07809365540742874 0.00706644868478179 0.13500000536441803 144 108 100
0.07841108739376068 0.00706644868478179 0.13500000536441803 145 109 101
0.07872852683067322 0.00706644868478179 0.13500000536441803 136 102 94
0.07904596626758575 0.00706644868478179 0.13500000536441803 133 99 91
0.07936340570449829 0.00706644868478179 0.13500000536441803 132 100 94
0.07968084514141083 0.00706644868478179 0.13500000536441803 130 98 92
0.07999828457832336 0.00706644868478179 0.13500000536441803 130 99 90
0.0803157165646553 0.00706644868478179 0.13500000536441803 127 96 87
0.08063315600156784 0.00706644868478179 0.13500000536441803 124 88 78
0.08095059543848038 0.00706644868478179 0.13500000536441803 122 86 76
0.08126803487539291 0.00706644868478179 0.13500000536441803 121 83 72
0.08158547431230545 0.00706644868478179 0.13500000536441803 119 81 70
0.08190291374921799 0.00706644868478179 0.13500000536441803 139 101 90
0.08222034573554993 0.00706644868478179 0.13500000536441803 136 98 87
0.08253778517246246 0.00706644868478179 0.13500000536441803 135 97 86
0.082855224609375 0.00706644868478179 0.13500000536441803 135 97 86
0.08317266404628754 0.00706644868478179 0.13500000536441803 136 98 89
0.08349010348320007 0.00706644868478179 0.13500000536441803 136 98 89
0.08380754292011261 0.00706644868478179 0.13500000536441803 133 95 86
0.08474812656641006 0.007118792738765478 0.13600000739097595 131 93 84
0.08506791293621063 0.007118792738765478 0.13600000739097595 130 92 81
0.0853877067565918 0.007118792738765478 0.13600000739097595 123 85 74
0.08570749312639236 0.007118792738765478 0.13600000739097595 118 82 70
0.08602728694677353 0.007118792738765478 0.13600000739097595 115 79 67
0.0863470733165741 0.007118792738765478 0.13600000739097595 113 82 71
0.08666686713695526 0.007118792738765478 0.13600000739097595 118 87 76
0.08698665350675583 0.007118792738765478 0.13600000739097595 118 87 74
0.0873064398765564 0.007118792738765478 0.13600000739097595 119 88 75
0.08762623369693756 0.007118792738765478 0.13600000739097595 135 101 91
0.08794602006673813 0.007118792738765478 0.13600000739097595 139 105 95
0.0882658138871193 0.007118792738765478 0.13600000739097595 139 108 99
0.08858560025691986 0.007118792738765478 0.13600000739097595 139 108 99
0.08890539407730103 0.007118792738765478 0.13600000739097595 137 107 102
0.08922518044710159 0.007118792738765478 0.13600000739097595 132 102 97
0.08954496681690216 0.007118792738765478 0.13600000739097595 129 99 94
0.09052553027868271 0.0071711367927491665 0.13699999451637268 122 92 87
0.0908476710319519 0.0071711367927491665 0.13699999451637268 125 95 90
0.0911698117852211 0.0071711367927491665 0.13699999451637268 122 92 87
0.0914919525384903 0.0071711367927491665 0.13699999451637268 120 88 82
0.09181409329175949 0.0071711367927491665 0.13699999451637268 114 82 76
0.09280876070261002 0.007223480846732855 0.1379999965429306 111 69 66
0.09313325583934784 0.007223480846732855 0.1379999965429306 111 69 66
0.09345774352550507 0.007223480846732855 0.1379999965429306 117 74 69
0.0944618210196495 0.007275824900716543 0.13899999856948853 120 77 72
0.09478866308927536 0.007275824900716543 0.13899999856948853 118 77 69
0.09511550515890121 0.007275824900716543 0.13899999856948853 119 78 70
0.09544235467910767 0.007275824900716543 0.13899999856948853 116 78 69
0.09576919674873352 0.007275824900716543 0.13899999856948853 116 78 69
0.09609603881835938 0.007275824900716543 0.13899999856948853 116 75 67
0.09642288088798523 0.007275824900716543 0.13899999856948853 103 62 54
0.06360470503568649 0.008040232583880424 0.1469999998807907 255 216 215
0.06395035982131958 0.008040232583880424 0.1469999998807907 255 228 227
0.06385862827301025 0.007985536940395832 0.1459999978542328 255 243 250
0.06420192867517471 0.007985536940395832 0.1459999978542328 255 227 234
0.06454523652791977 0.007985536940395832 0.1459999978542328 239 202 211
0.06444409489631653 0.00793084129691124 0.14499999582767487 228 191 200
0.06478504836559296 0.00793084129691124 0.14499999582767487 228 182 192
0.06512600183486938 0.00793084129691124 0.14499999582767487 210 164 174
0.06546695530414581 0.00793084129691124 0.14499999582767487 217 172 177
0.06535405665636063 0.007876145653426647 0.14399999380111694 205 160 165
0.06569265574216843 0.007876145653426647 0.14399999380111694 199 156 158
0.06557270884513855 0.00782145094126463 0.14300000667572021 196 153 155
0.06590895354747772 0.00782145094126463 0.14300000667572021 180 140 141
0.06624520570039749 0.00782145094126463 0.14300000667572021 172 132 133
0.0661158487200737 0.00776675483211875 0.1420000046491623 168 129 127
0.06644974648952484 0.00776675483211875 0.1420000046491623 168 129 127
0.06678364425897598 0.00776675483211875 0.1420000046491623 168 125 120
0.06711754202842712 0.00776675483211875 0.1420000046491623 152 109 104
0.0677853375673294 0.00776675483211875 0.1420000046491623 255 211 207
0.06811923533678055 0.00776675483211875 0.1420000046491623 247 205 202
0.06845313310623169 0.00776675483211875 0.1420000046491623 241 199 196
0.06878703087568283 0.00776675483211875 0.1420000046491623 243 203 208
0.06912093609571457 0.00776675483211875 0.1420000046491623 235 195 200
0.06945483386516571 0.00776675483211875 0.1420000046491623 225 181 192
0.06929726153612137 0.0077120596542954445 0.14100000262260437 218 174 185
0.06962880492210388 0.0077120596542954445 0.14100000262260437 212 168 177
0.0699603483080864 0.0077120596542954445 0.14100000262260437 206 162 171
0.0702918991446495 0.0077120596542954445 0.14100000262260437 206 163 169
0.07012256979942322 0.007657364010810852 0.14000000059604645 206 163 169
0.0704517662525177 0.007657364010810852 0.14000000059604645 198 155 161
0.07027538120746613 0.007602668832987547 0.13899999856948853 190 147 153
0.07060222327709198 0.007602668832987547 0.13899999856948853 191 146 153
0.07092906534671783 0.007602668832987547 0.13899999856948853 170 125 132
0.07074327766895294 0.0075479731895029545 0.1379999965429306 161 112 113
0.07106777280569077 0.0075479731895029545 0.1379999965429306 146 97 98
0.07204125076532364 0.0075479731895029545 0.1379999965429306 211 170 162
0.07236573845148087 0.0075479731895029545 0.1379999965429306 201 160 152
0.07216349244117737 0.007493277546018362 0.13699999451637268 187 152 147
0.07248563319444656 0.007493277546018362 0.13699999451637268 174 139 134
0.07280777394771576 0.007493277546018362 0.13699999451637268 166 136 131
0.07312991470098495 0.007493277546018362 0.13699999451637268 161 131 126
0.07345205545425415 0.007493277546018362 0.13699999451637268 157 127 120
0.07323569804430008 0.007438582368195057 0.13600000739097595 155 125 118
0.07355549186468124 0.007438582368195057 0.13600000739097595 157 120 115
0.07387527823448181 0.007438582368195057 0.13600000739097595 155 118 113
0.07419507205486298 0.007438582368195057 0.13600000739097595 156 119 114
0.07451485842466354 0.007438582368195057 0.13600000739097595 155 118 113
0.07483465224504471 0.007438582368195057 0.13600000739097595 151 114 109
0.07515443861484528 0.007438582368195057 0.13600000739097595 148 111 106
0.07547422498464584 0.007438582368195057 0.13600000739097595 142 103 99
0.07579401880502701 0.007438582368195057 0.13600000739097595 133 94 90
0.07611380517482758 0.007438582368195057 0.13600000739097595 132 94 85
0.07643359899520874 0.007438582368195057 0.13600000739097595 132 94 85
0.07675338536500931 0.007438582368195057 0.13600000739097595 151 115 105
0.07707317918539047 0.007438582368195057 0.13600000739097595 150 114 104
0.07739296555519104 0.007438582368195057 0.13600000739097595 152 116 106
0.07771275192499161 0.007438582368195057 0.13600000739097595 152 116 106
0.07803254574537277 0.007438582368195057 0.13600000739097595 144 108 98
0.07835233211517334 0.007438582368195057 0.13600000739097595 142 106 96
0.0786721259355545 0.007438582368195057 0.13600000739097595 139 103 95
0.07841108739376068 0.0073838867247104645 0.13500000536441803 138 102 94
0.07872852683067322 0.0073838867247104645 0.13500000536441803 137 101 93
0.07904596626758575 0.0073838867247104645 0.13500000536441803 135 99 91
0.07936340570449829 0.0073838867247104645 0.13500000536441803 136 99 94
0.07968084514141083 0.0073838867247104645 0.13500000536441803 131 94 89
0.07999828457832336 0.0073838867247104645 0.13500000536441803 129 93 85
0.0803157165646553 0.0073838867247104645 0.13500000536441803 129 93 85
0.08190291374921799 0.0073838867247104645 0.13500000536441803 129 91 80
0.08222034573554993 0.0073838867247104645 0.13500000536441803 133 95 84
0.08253778517246246 0.0073838867247104645 0.13500000536441803 135 97 86
0.082855224609375 0.0073838867247104645 0.13500000536441803 133 95 84
0.08317266404628754 0.0073838867247104645 0.13500000536441803 131 95 83
0.08349010348320007 0.0073838867247104645 0.13500000536441803 130 94 82
0.08380754292011261 0.0073838867247104645 0.13500000536441803 130 94 84
0.08474812656641006 0.007438582368195057 0.13600000739097595 128 92 82
0.08506791293621063 0.007438582368195057 0.13600000739097595 125 89 79
0.0853877067565918 0.007438582368195057 0.13600000739097595 127 91 81
0.08570749312639236 0.007438582368195057 0.13600000739097595 127 91 79
0.08602728694677353 0.007438582368195057 0.13600000739097595 117 81 69
0.0863470733165741 0.007438582368195057 0.13600000739097595 114 80 68
0.08666686713695526 0.007438582368195057 0.13600000739097595 115 81 69
0.08698665350675583 0.007438582368195057 0.13600000739097595 119 86 71
0.0873064398765564 0.007438582368195057 0.13600000739097595 126 93 78
0.0882658138871193 0.007438582368195057 0.13600000739097595 135 101 91
0.08858560025691986 0.007438582368195057 0.13600000739097595 137 103 93
0.08890539407730103 0.007438582368195057 0.13600000739097595 133 103 98
0.08922518044710159 0.007438582368195057 0.13600000739097595 133 103 98
0.08954496681690216 0.007438582368195057 0.13600000739097595 131 101 96
0.09052553027868271 0.007493277546018362 0.13699999451637268 127 97 92
0.0908476710319519 0.007493277546018362 0.13699999451637268 119 86 85
0.0911698117852211 0.007493277546018362 0.13699999451637268 119 86 85
0.0914919525384903 0.007493277546018362 0.13699999451637268 122 87 84
0.09181409329175949 0.007493277546018362 0.13699999451637268 113 78 75
0.09280876070261002 0.0075479731895029545 0.1379999965429306 112 68 66
0.09313325583934784 0.0075479731895029545 0.1379999965429306 107 63 61
0.09345774352550507 0.0075479731895029545 0.1379999965429306 111 68 63
0.09378223866224289 0.0075479731895029545 0.1379999965429306 113 70 65
0.09544235467910767 0.007602668832987547 0.13899999856948853 119 78 70
0.09576919674873352 0.007602668832987547 0.13899999856948853 118 77 69
0.0635153204202652 0.008328840136528015 0.1459999978542328 255 227 230
0.06385862827301025 0.008328840136528015 0.1459999978542328 255 233 240
0.06420192867517471 0.008328840136528015 0.1459999978542328 255 218 225
0.06454523652791977 0.008328840136528015 0.1459999978542328 237 198 207
0.06444409489631653 0.008271793834865093 0.14499999582767487 233 194 203
0.06478504836559296 0.008271793834865093 0.14499999582767487 227 183 192
0.06512600183486938 0.008271793834865093 0.14499999582767487 222 178 187
0.06546695530414581 0.008271793834865093 0.14499999582767487 212 167 174
0.06580790132284164 0.008271793834865093 0.14499999582767487 210 165 172
0.06569265574216843 0.008214746601879597 0.14399999380111694 199 151 155
0.06557270884513855 0.008157700300216675 0.14300000667572021 190 142 146
0.06590895354747772 0.008157700300216675 0.14300000667572021 182 138 138
0.06624520570039749 0.008157700300216675 0.14300000667572021 168 124 124
0.06658145785331726 0.008157700300216675 0.14300000667572021 168 124 124
0.06644974648952484 0.008100653067231178 0.1420000046491623 170 126 126
0.06878703087568283 0.008100653067231178 0.1420000046491623 241 196 201
0.06912093609571457 0.008100653067231178 0.1420000046491623 237 192 197
0.06945483386516571 0.008100653067231178 0.1420000046491623 225 179 189
0.06929726153612137 0.008043605834245682 0.14100000262260437 225 179 189
0.06962880492210388 0.008043605834245682 0.14100000262260437 214 166 174
0.0699603483080864 0.008043605834245682 0.14100000262260437 212 164 172
0.06979337334632874 0.00798655953258276 0.14000000059604645 213 165 173
0.07012256979942322 0.00798655953258276 0.14000000059604645 214 166 174
0.0704517662525177 0.00798655953258276 0.14000000059604645 198 155 161
0.07027538120746613 0.007929512299597263 0.13899999856948853 180 137 143
0.07060222327709198 0.007929512299597263 0.13899999856948853 188 143 150
0.07092906534671783 0.007929512299597263 0.13899999856948853 168 123 130
0.07216349244117737 0.007815418764948845 0.13699999451637268 196 161 158
0.07248563319444656 0.007815418764948845 0.13699999451637268 177 142 139
0.07280777394771576 0.007815418764948845 0.13699999451637268 169 134 131
0.07312991470098495 0.007815418764948845 0.13699999451637268 162 127 124
0.07345205545425415 0.007815418764948845 0.13699999451637268 163 126 121
0.07377419620752335 0.007815418764948845 0.13699999451637268 162 125 120
0.07355549186468124 0.007758371997624636 0.13600000739097595 159 121 114
0.07387527823448181 0.007758371997624636 0.13600000739097595 156 118 111
0.07419507205486298 0.007758371997624636 0.13600000739097595 157 119 112
0.07451485842466354 0.007758371997624636 0.13600000739097595 153 115 108
0.07483465224504471 0.007758371997624636 0.13600000739097595 151 110 104
0.07515443861484528 0.007758371997624636 0.13600000739097595 148 107 101
0.07547422498464584 0.007758371997624636 0.13600000739097595 142 100 97
0.07579401880502701 0.007758371997624636 0.13600000739097595 137 95 92
0.07611380517482758 0.007758371997624636 0.13600000739097595 133 92 84
0.07643359899520874 0.007758371997624636 0.13600000739097595 138 97 89
0.07675338536500931 0.007758371997624636 0.13600000739097595 147 109 100
0.07707317918539047 0.007758371997624636 0.13600000739097595 150 112 103
0.07739296555519104 0.007758371997624636 0.13600000739097595 150 114 104
0.07771275192499161 0.007758371997624636 0.13600000739097595 150 114 104
0.07803254574537277 0.007758371997624636 0.13600000739097595 144 108 100
0.07835233211517334 0.007758371997624636 0.13600000739097595 144 108 100
0.0786721259355545 0.007758371997624636 0.13600000739097595 144 106 99
0.07899191230535507 0.007758371997624636 0.13600000739097595 138 100 93
0.07872852683067322 0.0077013252303004265 0.13500000536441803 139 101 94
0.07904596626758575 0.0077013252303004265 0.13500000536441803 132 94 87
0.07936340570449829 0.0077013252303004265 0.13500000536441803 131 93 86
0.07968084514141083 0.0077013252303004265 0.13500000536441803 131 93 86
0.07999828457832336 0.0077013252303004265 0.13500000536441803 131 90 84
0.0803157165646553 0.0077013252303004265 0.13500000536441803 132 91 85
0.08317266404628754 0.0077013252303004265 0.13500000536441803 132 98 86
0.08349010348320007 0.0077013252303004265 0.13500000536441803 129 95 83
0.08380754292011261 0.0077013252303004265 0.13500000536441803 130 96 86
0.08474812656641006 0.007758371997624636 0.13600000739097595 126 92 82
0.08506791293621063 0.007758371997624636 0.13600000739097595 121 87 77
0.0853877067565918 0.007758371997624636 0.13600000739097595 122 88 78
0.08570749312639236 0.007758371997624636 0.13600000739097595 120 86 76
0.08602728694677353 0.007758371997624636 0.13600000739097595 115 81 71
0.0882658138871193 0.007758371997624636 0.13600000739097595 137 101 89
0.08858560025691986 0.007758371997624636 0.13600000739097595 141 105 93
0.08890539407730103 0.007758371997624636 0.13600000739097595 134 102 96
0.08922518044710159 0.007758371997624636 0.13600000739097595 132 100 94
0.08954496681690216 0.007758371997624636 0.13600000739097595 131 99 95
0.08986476063728333 0.007758371997624636 0.13600000739097595 127 95 91
0.0908476710319519 0.007815418764948845 0.13699999451637268 125 93 89
0.0911698117852211 0.007815418764948845 0.13699999451637268 120 88 84
0.0914919525384903 0.007815418764948845 0.13699999451637268 118 82 82
0.09181409329175949 0.007815418764948845 0.13699999451637268 108 72 72
0.09280876070261002 0.007872465997934341 0.1379999965429306 111 69 66
0.09313325583934784 0.007872465997934341 0.1379999965429306 107 65 62
0.09345774352550507 0.007872465997934341 0.1379999965429306 110 69 63
0.09378223866224289 0.007872465997934341 0.1379999965429306 112 71 65
0.09478866308927536 0.007929512299597263 0.13899999856948853 114 71 66
0.09511550515890121 0.007929512299597263 0.13899999856948853 117 74 69
0.09544235467910767 0.007929512299597263 0.13899999856948853 117 76 70
0.09576919674873352 0.007929512299597263 0.13899999856948853 109 68 62
0.06385862827301025 0.008672144263982773 0.1459999978542328 255 213 221
0.06420192867517471 0.008672144263982773 0.1459999978542328 255 217 225
0.06454523652791977 0.008672144263982773 0.1459999978542328 252 213 220
0.06444409489631653 0.008612745441496372 0.14499999582767487 244 205 212
0.06478504836559296 0.008612745441496372 0.14499999582767487 230 186 195
0.06512600183486938 0.008612745441496372 0.14499999582767487 215 171 180
0.06546695530414581 0.008612745441496372 0.14499999582767487 206 161 168
0.06535405665636063 0.008553347550332546 0.14399999380111694 205 160 167
0.06590895354747772 0.008493948727846146 0.14300000667572021 185 136 137
0.06624520570039749 0.008493948727846146 0.14300000667572021 168 119 120
0.06658145785331726 0.008493948727846146 0.14300000667572021 172 123 124
0.06644974648952484 0.00843455083668232 0.1420000046491623 177 128 129
0.06878703087568283 0.00843455083668232 0.1420000046491623 239 191 197
0.06912093609571457 0.00843455083668232 0.1420000046491623 234 186 192
0.0704517662525177 0.008315754123032093 0.14000000059604645 189 144 149
0.07027538120746613 0.008256356231868267 0.13899999856948853 175 130 135
0.07060222327709198 0.008256356231868267 0.13899999856948853 177 132 139
0.07092906534671783 0.008256356231868267 0.13899999856948853 154 109 116
0.07216349244117737 0.00813755951821804 0.13699999451637268 186 148 148
0.07248563319444656 0.00813755951821804 0.13699999451637268 178 140 140
0.07280777394771576 0.00813755951821804 0.13699999451637268 167 129 129
0.07312991470098495 0.00813755951821804 0.13699999451637268 164 126 126
0.07345205545425415 0.00813755951821804 0.13699999451637268 162 125 120
0.07377419620752335 0.00813755951821804 0.13699999451637268 160 123 118
0.07409633696079254 0.00813755951821804 0.13699999451637268 158 120 113
0.07387527823448181 0.008078161627054214 0.13600000739097595 153 115 108
0.07419507205486298 0.008078161627054214 0.13600000739097595 155 114 108
0.07451485842466354 0.008078161627054214 0.13600000739097595 151 110 104
0.07483465224504471 0.008078161627054214 0.13600000739097595 147 105 102
0.07515443861484528 0.008078161627054214 0.13600000739097595 144 102 99
0.07547422498464584 0.008078161627054214 0.13600000739097595 138 96 95
0.07579401880502701 0.008078161627054214 0.13600000739097595 127 85 84
0.07611380517482758 0.008078161627054214 0.13600000739097595 124 83 77
0.07643359899520874 0.008078161627054214 0.13600000739097595 124 83 77
0.07675338536500931 0.008078161627054214 0.13600000739097595 138 97 89
0.07707317918539047 0.008078161627054214 0.13600000739097595 152 111 103
0.07739296555519104 0.008078161627054214 0.13600000739097595 154 113 105
0.07771275192499161 0.008078161627054214 0.13600000739097595 155 114 106
0.07803254574537277 0.008078161627054214 0.13600000739097595 147 109 102
0.07835233211517334 0.008078161627054214 0.13600000739097595 146 108 101
0.0786721259355545 0.008078161627054214 0.13600000739097595 145 107 100
0.07899191230535507 0.008078161627054214 0.13600000739097595 138 100 93
0.07931170612573624 0.008078161627054214 0.13600000739097595 137 99 92
0.0796314924955368 0.008078161627054214 0.13600000739097595 131 93 86
0.07995127886533737 0.008078161627054214 0.13600000739097595 129 91 84
0.08027107268571854 0.008078161627054214 0.13600000739097595 126 88 81
0.07999828457832336 0.008018762804567814 0.13500000536441803 127 86 80
0.0803157165646553 0.008018762804567814 0.13500000536441803 126 85 79
0.08317266404628754 0.008018762804567814 0.13500000536441803 130 96 84
0.08349010348320007 0.008018762804567814 0.13500000536441803 127 93 81
0.0844283327460289 0.008078161627054214 0.13600000739097595 129 95 85
0.08474812656641006 0.008078161627054214 0.13600000739097595 125 91 81
0.08506791293621063 0.008078161627054214 0.13600000739097595 121 86 81
0.0853877067565918 0.008078161627054214 0.13600000739097595 121 86 81
0.08570749312639236 0.008078161627054214 0.13600000739097595 121 87 79
0.08602728694677353 0.008078161627054214 0.13600000739097595 115 81 73
0.0863470733165741 0.008078161627054214 0.13600000739097595 111 75 63
0.08666686713695526 0.008078161627054214 0.13600000739097595 115 79 67
0.08890539407730103 0.008078161627054214 0.13600000739097595 135 104 93
0.08922518044710159 0.008078161627054214 0.13600000739097595 131 100 89
0.08954496681690216 0.008078161627054214 0.13600000739097595 128 97 88
0.08986476063728333 0.008078161627054214 0.13600000739097595 126 95 86
0.0908476710319519 0.00813755951821804 0.13699999451637268 126 94 88
0.0911698117852211 0.00813755951821804 0.13699999451637268 121 89 83
0.0914919525384903 0.00813755951821804 0.13699999451637268 118 82 82
0.09181409329175949 0.00813755951821804 0.13699999451637268 115 79 79
0.09213623404502869 0.00813755951821804 0.13699999451637268 108 69 65
0.09313325583934784 0.008196958340704441 0.1379999965429306 102 63 59
0.09345774352550507 0.008196958340704441 0.1379999965429306 105 64 58
0.09378223866224289 0.008196958340704441 0.1379999965429306 114 73 67
0.09478866308927536 0.008256356231868267 0.13899999856948853 120 79 73
0.09511550515890121 0.008256356231868267 0.13899999856948853 119 78 72
0.09544235467910767 0.008256356231868267 0.13899999856948853 113 72 66
0.09576919674873352 0.008256356231868267 0.13899999856948853 114 73 67
0.09609603881835938 0.008256356231868267 0.13899999856948853 114 71 66
0.09642288088798523 0.008256356231868267 0.13899999856948853 98 55 50
0.06454523652791977 0.009015447460114956 0.1459999978542328 255 208 214
0.06444409489631653 0.008953697979450226 0.14499999582767487 255 207 213
0.06478504836559296 0.008953697979450226 0.14499999582767487 249 201 209
0.06512600183486938 0.008953697979450226 0.14499999582767487 230 182 190
0.06546695530414581 0.008953697979450226 0.14499999582767487 213 165 171
0.06535405665636063 0.008891948498785496 0.14399999380111694 207 159 165
0.06569265574216843 0.008891948498785496 0.14399999380111694 182 133 134
0.06557270884513855 0.008830198086798191 0.14300000667572021 177 128 129
0.0704517662525177 0.008644949644804 0.14000000059604645 178 133 136
0.07027538120746613 0.00858320016413927 0.13899999856948853 173 128 131
0.07060222327709198 0.00858320016413927 0.13899999856948853 168 120 124
0.07092906534671783 0.00858320016413927 0.13899999856948853 149 101 105
0.07269023358821869 0.00852145068347454 0.1379999965429306 192 149 153
0.07248563319444656 0.008459700271487236 0.13699999451637268 183 140 144
0.07280777394771576 0.008459700271487236 0.13699999451637268 165 127 127
0.07312991470098495 0.008459700271487236 0.13699999451637268 164 126 126
0.07345205545425415 0.008459700271487236 0.13699999451637268 163 126 121
0.07377419620752335 0.008459700271487236 0.13699999451637268 159 122 117
0.07409633696079254 0.008459700271487236 0.13699999451637268 156 118 111
0.07441847771406174 0.008459700271487236 0.13699999451637268 154 116 109
0.07474061846733093 0.008459700271487236 0.13699999451637268 153 112 106
0.07451485842466354 0.008397950790822506 0.13600000739097595 148 107 101
0.07483465224504471 0.008397950790822506 0.13600000739097595 142 100 99
0.07515443861484528 0.008397950790822506 0.13600000739097595 139 97 96
0.07547422498464584 0.008397950790822506 0.13600000739097595 132 89 93
0.07579401880502701 0.008397950790822506 0.13600000739097595 120 77 81
0.07611380517482758 0.008397950790822506 0.13600000739097595 123 76 75
0.07643359899520874 0.008397950790822506 0.13600000739097595 121 74 73
0.07739296555519104 0.008397950790822506 0.13600000739097595 149 108 100
0.07771275192499161 0.008397950790822506 0.13600000739097595 154 113 105
0.07803254574537277 0.008397950790822506 0.13600000739097595 148 107 99
0.07835233211517334 0.008397950790822506 0.13600000739097595 145 104 96
0.0786721259355545 0.008397950790822506 0.13600000739097595 143 105 96
0.07899191230535507 0.008397950790822506 0.13600000739097595 137 99 90
0.07931170612573624 0.008397950790822506 0.13600000739097595 132 94 87
0.0796314924955368 0.008397950790822506 0.13600000739097595 130 92 85
0.07995127886533737 0.008397950790822506 0.13600000739097595 129 91 84
0.08027107268571854 0.008397950790822506 0.13600000739097595 125 87 80
0.0805908590555191 0.008397950790822506 0.13600000739097595 131 93 86
0.0803157165646553 0.008336201310157776 0.13500000536441803 128 90 83
0.08378876000642776 0.008397950790822506 0.13600000739097595 130 96 84
0.08410854637622833 0.008397950790822506 0.13600000739097595 128 94 82
0.0844283327460289 0.008397950790822506 0.13600000739097595 125 91 81
0.08474812656641006 0.008397950790822506 0.13600000739097595 120 86 76
0.08506791293621063 0.008397950790822506 0.13600000739097595 125 90 85
0.0853877067565918 0.008397950790822506 0.13600000739097595 114 79 74
0.08570749312639236 0.008397950790822506 0.13600000739097595 117 80 75
0.08602728694677353 0.008397950790822506 0.13600000739097595 113 76 71
0.08890539407730103 0.008397950790822506 0.13600000739097595 137 103 93
0.08922518044710159 0.008397950790822506 0.13600000739097595 134 100 90
0.08954496681690216 0.008397950790822506 0.13600000739097595 127 96 85
0.08986476063728333 0.008397950790822506 0.13600000739097595 127 96 85
0.09018454700708389 0.008397950790822506 0.13600000739097595 121 90 81
0.0911698117852211 0.008459700271487236 0.13699999451637268 121 90 81
0.0914919525384903 0.008459700271487236 0.13699999451637268 120 84 84
0.09181409329175949 0.008459700271487236 0.13699999451637268 116 80 80
0.09213623404502869 0.008459700271487236 0.13699999451637268 116 74 71
0.09313325583934784 0.00852145068347454 0.1379999965429306 103 61 58
0.09345774352550507 0.00852145068347454 0.1379999965429306 103 62 54
0.09378223866224289 0.00852145068347454 0.1379999965429306 110 69 61
0.09544235467910767 0.00858320016413927 0.13899999856948853 111 70 62
0.09576919674873352 0.00858320016413927 0.13899999856948853 113 72 64
0.09609603881835938 0.00858320016413927 0.13899999856948853 113 70 65
0.09642288088798523 0.00858320016413927 0.13899999856948853 99 56 51
0.06546695530414581 0.009294649586081505 0.14499999582767487 198 150 154
0.06535405665636063 0.00923054851591587 0.14399999380111694 187 139 143
0.06979337334632874 0.008974145166575909 0.14000000059604645 197 152 157
0.07012256979942322 0.008974145166575909 0.14000000059604645 199 154 159
0.0704517662525177 0.008974145166575909 0.14000000059604645 191 148 150
0.07027538120746613 0.008910044096410275 0.13899999856948853 170 127 129
0.07060222327709198 0.008910044096410275 0.13899999856948853 163 114 115
0.07092906534671783 0.008910044096410275 0.13899999856948853 150 101 102
0.07269023358821869 0.00884594302624464 0.1379999965429306 195 153 152
0.07248563319444656 0.008781841956079006 0.13699999451637268 188 146 145
0.07280777394771576 0.008781841956079006 0.13699999451637268 164 124 127
0.07312991470098495 0.008781841956079006 0.13699999451637268 165 125 128
0.07345205545425415 0.008781841956079006 0.13699999451637268 161 122 120
0.07377419620752335 0.008781841956079006 0.13699999451637268 157 118 116
0.07409633696079254 0.008781841956079006 0.13699999451637268 157 119 112
0.07441847771406174 0.008781841956079006 0.13699999451637268 156 118 111
0.07474061846733093 0.008781841956079006 0.13699999451637268 152 111 105
0.07506275922060013 0.008781841956079006 0.13699999451637268 147 106 100
0.07538489997386932 0.008781841956079006 0.13699999451637268 145 103 102
0.07570704072713852 0.008781841956079006 0.13699999451637268 137 95 94
0.07547422498464584 0.008717740885913372 0.13600000739097595 127 82 85
0.07579401880502701 0.008717740885913372 0.13600000739097595 117 72 75
0.0786721259355545 0.008717740885913372 0.13600000739097595 142 101 93
0.07899191230535507 0.008717740885913372 0.13600000739097595 142 101 93
0.07931170612573624 0.008717740885913372 0.13600000739097595 133 95 88
0.0796314924955368 0.008717740885913372 0.13600000739097595 128 90 83
0.07995127886533737 0.008717740885913372 0.13600000739097595 130 92 85
0.08027107268571854 0.008717740885913372 0.13600000739097595 133 95 88
0.0805908590555191 0.008717740885913372 0.13600000739097595 132 91 85
0.08091065287590027 0.008717740885913372 0.13600000739097595 124 83 77
0.08378876000642776 0.008717740885913372 0.13600000739097595 133 95 84
0.08410854637622833 0.008717740885913372 0.13600000739097595 132 94 83
0.0844283327460289 0.008717740885913372 0.13600000739097595 127 91 81
0.08474812656641006 0.008717740885913372 0.13600000739097595 123 87 77
0.08506791293621063 0.008717740885913372 0.13600000739097595 124 87 82
0.0853877067565918 0.008717740885913372 0.13600000739097595 115 78 73
0.08570749312639236 0.008717740885913372 0.13600000739097595 116 77 75
0.08602728694677353 0.008717740885913372 0.13600000739097595 115 76 74
0.08890539407730103 0.008717740885913372 0.13600000739097595 131 100 87
0.08922518044710159 0.008717740885913372 0.13600000739097595 128 97 84
0.08954496681690216 0.008717740885913372 0.13600000739097595 128 97 86
0.08986476063728333 0.008717740885913372 0.13600000739097595 127 96 85
0.09018454700708389 0.008717740885913372 0.13600000739097595 129 93 85
0.0911698117852211 0.008781841956079006 0.13699999451637268 125 89 81
0.0914919525384903 0.008781841956079006 0.13699999451637268 122 78 78
0.09181409329175949 0.008781841956079006 0.13699999451637268 108 64 64
0.09213623404502869 0.008781841956079006 0.13699999451637268 114 65 66
0.09313325583934784 0.00884594302624464 0.1379999965429306 109 60 61
0.06546695530414581 0.009635602124035358 0.14499999582767487 202 155 154
0.06535405665636063 0.00956914946436882 0.14399999380111694 184 137 136
0.06979337334632874 0.009303339757025242 0.14000000059604645 193 148 155
0.07012256979942322 0.009303339757025242 0.14000000059604645 189 144 151
0.0704517662525177 0.009303339757025242 0.14000000059604645 178 133 136
0.07027538120746613 0.009236887097358704 0.13899999856948853 162 117 120
0.07269023358821869 0.00917043536901474 0.1379999965429306 200 156 154
0.07301472872495651 0.00917043536901474 0.1379999965429306 196 152 150
0.07280777394771576 0.009103982709348202 0.13699999451637268 177 134 136
0.07312991470098495 0.009103982709348202 0.13699999451637268 166 123 125
0.07345205545425415 0.009103982709348202 0.13699999451637268 163 121 120
0.07377419620752335 0.009103982709348202 0.13699999451637268 156 114 113
0.07409633696079254 0.009103982709348202 0.13699999451637268 155 112 107
0.07441847771406174 0.009103982709348202 0.13699999451637268 150 107 102
0.07474061846733093 0.009103982709348202 0.13699999451637268 150 107 102
0.07506275922060013 0.009103982709348202 0.13699999451637268 145 102 97
0.07538489997386932 0.009103982709348202 0.13699999451637268 144 97 98
0.07570704072713852 0.009103982709348202 0.13699999451637268 129 82 83
0.07931170612573624 0.009037530049681664 0.13600000739097595 135 94 88
0.0796314924955368 0.009037530049681664 0.13600000739097595 126 85 79
0.07995127886533737 0.009037530049681664 0.13600000739097595 126 85 79
0.08027107268571854 0.009037530049681664 0.13600000739097595 126 85 79
0.08506791293621063 0.009037530049681664 0.13600000739097595 124 80 78
0.0853877067565918 0.009037530049681664 0.13600000739097595 117 73 71
0.08570749312639236 0.009037530049681664 0.13600000739097595 117 73 71
0.08602728694677353 0.009037530049681664 0.13600000739097595 118 74 72
0.08890539407730103 0.009037530049681664 0.13600000739097595 135 97 86
0.08922518044710159 0.009037530049681664 0.13600000739097595 130 92 81
0.08954496681690216 0.009037530049681664 0.13600000739097595 123 87 77
0.08986476063728333 0.009037530049681664 0.13600000739097595 125 89 79
0.09018454700708389 0.009037530049681664 0.13600000739097595 126 85 77
0.09050434082746506 0.009037530049681664 0.13600000739097595 123 82 74
0.0702918991446495 0.009701338596642017 0.14100000262260437 191 146 153
0.07012256979942322 0.00963253527879715 0.14000000059604645 184 139 146
0.07269023358821869 0.00949492771178484 0.1379999965429306 191 148 143
0.07301472872495651 0.00949492771178484 0.1379999965429306 173 130 125
0.07333921641111374 0.00949492771178484 0.1379999965429306 174 129 134
0.07312991470098495 0.009426123462617397 0.13699999451637268 161 116 121
0.07333921641111374 0.00981942005455494 0.1379999965429306 173 125 131
0.07366371154785156 0.00981942005455494 0.1379999965429306 164 116 122
