0.012422215193510056 0.038521964102983475 0.23999999463558197 159 169 174
0.01298654917627573 0.038521964102983475 0.23999999463558197 176 186 191
0.013607346452772617 0.03924915939569473 0.2409999966621399 207 225 232
0.015874089673161507 0.04038253054022789 0.2409999966621399 197 225 240
0.016440775245428085 0.04038253054022789 0.2409999966621399 165 193 208
0.017078032717108727 0.04055009409785271 0.24199999868869781 133 160 173
0.017647068947553635 0.04055009409785271 0.24199999868869781 155 182 195
0.018291380256414413 0.040717657655477524 0.24300000071525574 171 195 205
0.0188627690076828 0.040717657655477524 0.24300000071525574 176 200 210
0.019514134153723717 0.04088521748781204 0.24400000274181366 175 205 210
0.020170200616121292 0.04105278104543686 0.24500000476837158 182 212 217
0.020746292546391487 0.04105278104543686 0.24500000476837158 181 213 222
0.02140941470861435 0.041220344603061676 0.2460000067949295 176 208 217
0.021898476406931877 0.04105278104543686 0.24500000476837158 166 193 213
0.021844660863280296 0.03003404662013054 0.1720000058412552 125 146 154
0.022249100729823112 0.03003404662013054 0.1720000058412552 152 173 181
0.02265354059636593 0.03003404662013054 0.1720000058412552 195 212 217
0.023057980462908745 0.03003404662013054 0.1720000058412552 204 221 226
0.02346242032945156 0.03003404662013054 0.1720000058412552 205 225 222
0.023866858333349228 0.029629606753587723 0.1720000058412552 181 184 183
0.024271298199892044 0.029629606753587723 0.1720000058412552 185 202 205
0.02467573806643486 0.029629606753587723 0.1720000058412552 198 215 218
0.025225993245840073 0.029801873490214348 0.17299999296665192 205 231 233
0.025632783770561218 0.029801873490214348 0.17299999296665192 212 238 240
0.026039576157927513 0.029801873490214348 0.17299999296665192 208 239 239
0.02644636668264866 0.029801873490214348 0.17299999296665192 205 236 236
0.026853159070014954 0.029801873490214348 0.17299999296665192 196 222 224
0.0272599495947361 0.029801873490214348 0.17299999296665192 161 187 189
0.027666740119457245 0.029395081102848053 0.17299999296665192 179 204 209
0.02807353250682354 0.029395081102848053 0.17299999296665192 202 227 232
0.02888711355626583 0.028988290578126907 0.17299999296665192 213 254 255
0.029293905943632126 0.028988290578126907 0.17299999296665192 212 255 255
0.02970069646835327 0.02858150005340576 0.17299999296665192 190 239 240
0.030107486993074417 0.02858150005340576 0.17299999296665192 209 253 255
0.030514279380440712 0.02858150005340576 0.17299999296665192 218 255 255
0.031099803745746613 0.0287467110902071 0.17399999499320984 221 255 255
0.031508948653936386 0.029155852273106575 0.17399999499320984 221 255 255
0.03191808983683586 0.0295649953186512 0.17399999499320984 218 255 255
0.032327231019735336 0.0295649953186512 0.17399999499320984 216 255 255
0.03273637592792511 0.0295649953186512 0.17399999499320984 122 147 152
0.033145517110824585 0.0295649953186512 0.17399999499320984 146 171 176
0.03355465829372406 0.0295649953186512 0.17399999499320984 186 209 214
0.033963803201913834 0.0295649953186512 0.17399999499320984 197 220 225
0.03437294438481331 0.029155852273106575 0.17399999499320984 212 245 247
0.03498198464512825 0.029323415830731392 0.17499999701976776 229 255 255
0.03539348021149635 0.028911922127008438 0.17499999701976776 232 255 255
0.03621417284011841 0.028826147317886353 0.1770000010728836 230 255 255
0.03745817393064499 0.02905198186635971 0.1809999942779541 231 253 255
0.03788377717137337 0.02905198186635971 0.1809999942779541 212 234 244
0.03745817393064499 0.02905198186635971 0.1809999942779541 231 253 255
0.03559572622179985 0.028663286939263344 0.17599999904632568 223 251 255
0.03498198464512825 0.028911922127008438 0.17499999701976776 223 252 255
0.03437294438481331 0.029155852273106575 0.17399999499320984 212 245 247
0.033963803201913834 0.029155852273106575 0.17399999499320984 187 210 217
0.03355465829372406 0.0295649953186512 0.17399999499320984 186 209 214
0.033145517110824585 0.0295649953186512 0.17399999499320984 146 171 176
0.03273637592792511 0.0295649953186512 0.17399999499320984 122 147 152
0.032327231019735336 0.0295649953186512 0.17399999499320984 216 255 255
0.03191808983683586 0.029155852273106575 0.17399999499320984 227 255 255
0.031508948653936386 0.029155852273106575 0.17399999499320984 221 255 255
0.031099803745746613 0.0287467110902071 0.17399999499320984 221 255 255
0.030514279380440712 0.02858150005340576 0.17299999296665192 218 255 255
0.030107486993074417 0.02858150005340576 0.17299999296665192 209 253 255
0.02970069646835327 0.02858150005340576 0.17299999296665192 190 239 240
0.029293905943632126 0.028988290578126907 0.17299999296665192 212 255 255
0.02888711355626583 0.028988290578126907 0.17299999296665192 213 254 255
0.027666740119457245 0.029395081102848053 0.17299999296665192 179 204 209
0.0272599495947361 0.029801873490214348 0.17299999296665192 161 187 189
0.026853159070014954 0.029801873490214348 0.17299999296665192 196 222 224
0.02644636668264866 0.029801873490214348 0.17299999296665192 205 236 236
0.026039576157927513 0.029801873490214348 0.17299999296665192 208 239 239
0.025632783770561218 0.029801873490214348 0.17299999296665192 212 238 240
0.025225993245840073 0.029801873490214348 0.17299999296665192 205 231 233
0.02467573806643486 0.029629606753587723 0.1720000058412552 198 215 218
0.024271298199892044 0.029629606753587723 0.1720000058412552 185 202 205
0.023866858333349228 0.029629606753587723 0.1720000058412552 181 184 183
0.02346242032945156 0.03003404662013054 0.1720000058412552 205 225 222
0.023057980462908745 0.03003404662013054 0.1720000058412552 204 221 226
0.02265354059636593 0.03003404662013054 0.1720000058412552 195 212 217
0.022249100729823112 0.03003404662013054 0.1720000058412552 152 173 181
0.021844660863280296 0.03003404662013054 0.1720000058412552 125 146 154
0.021898476406931877 0.04105278104543686 0.24500000476837158 166 193 213
0.02140941470861435 0.041220344603061676 0.2460000067949295 176 208 217
0.020746292546391487 0.04105278104543686 0.24500000476837158 181 213 222
0.020170200616121292 0.04105278104543686 0.24500000476837158 182 212 217
0.019514134153723717 0.04088521748781204 0.24400000274181366 175 205 210
0.0188627690076828 0.040717657655477524 0.24300000071525574 176 200 210
0.018291380256414413 0.040717657655477524 0.24300000071525574 171 195 205
0.017647068947553635 0.04055009409785271 0.24199999868869781 155 182 195
0.017078032717108727 0.04055009409785271 0.24199999868869781 133 160 173
0.016440775245428085 0.04038253054022789 0.2409999966621399 165 193 208
0.015874089673161507 0.04038253054022789 0.2409999966621399 197 225 240
0.015307404100894928 0.03981584683060646 0.2409999966621399 186 214 229
0.014174032025039196 0.03924915939569473 0.2409999966621399 205 223 230
0.01355088409036398 0.038521964102983475 0.23999999463558197 162 175 186
0.01298654917627573 0.038521964102983475 0.23999999463558197 176 186 191
0.012422215193510056 0.038521964102983475 0.23999999463558197 159 169 174
