0.05633604899048805 0.023060834035277367 0.21199999749660492 255 186 201
0.056834544986486435 0.023060834035277367 0.21199999749660492 255 186 202
0.05111587047576904 0.023225942626595497 0.20900000631809235 255 192 193
0.05531078577041626 0.023337071761488914 0.20999999344348907 255 187 207
0.055804576724767685 0.023337071761488914 0.20999999344348907 255 191 211
0.05629837140440941 0.023337071761488914 0.20999999344348907 255 196 214
0.056792162358760834 0.023337071761488914 0.20999999344348907 255 186 204
0.05755874887108803 0.023448200896382332 0.210999995470047 255 186 200
0.009477470070123672 0.024057826027274132 0.21199999749660492 255 221 188
0.010622684843838215 0.02439826726913452 0.2150000035762787 255 212 187
0.011283512227237225 0.024738706648349762 0.21799999475479126 255 205 189
0.04916650801897049 0.0234904233366251 0.2070000022649765 255 192 192
0.05576219782233238 0.023603904992341995 0.20800000429153442 255 186 202
0.05652172490954399 0.023717384785413742 0.20900000631809235 255 192 208
0.05701316520571709 0.023717384785413742 0.20900000631809235 255 187 202
0.00695204408839345 0.02444048970937729 0.210999995470047 255 239 189
0.007448188494890928 0.02444048970937729 0.210999995470047 255 244 194
0.00864014495164156 0.02362966723740101 0.20399999618530273 255 218 189
0.009119829162955284 0.02362966723740101 0.20399999618530273 255 223 194
0.009881852194666862 0.024324657395482063 0.20999999344348907 255 230 203
0.010375645011663437 0.024324657395482063 0.20999999344348907 255 232 205
0.011283512227237225 0.02525131218135357 0.21799999475479126 255 250 225
0.014174032025039196 0.027915440499782562 0.2409999966621399 255 235 221
0.01474071852862835 0.027915440499782562 0.2409999966621399 255 217 202
0.01543443650007248 0.028147103264927864 0.24300000071525574 207 154 139
0.04749457910656929 0.02362966723740101 0.20399999618530273 255 192 194
0.04797426611185074 0.02362966723740101 0.20399999618530273 253 187 194
0.04845394939184189 0.02362966723740101 0.20399999618530273 255 198 205
0.04893363267183304 0.02362966723740101 0.20399999618530273 255 192 200
0.04941331967711449 0.02362966723740101 0.20399999618530273 247 179 187
0.056740377098321915 0.02409299463033676 0.20800000429153442 255 192 208
0.05750460922718048 0.024208825081586838 0.20900000631809235 255 189 205
0.005649057682603598 0.02363661862909794 0.20000000298023224 255 245 186
0.0061193364672362804 0.02363661862909794 0.20000000298023224 255 251 192
0.006589615251868963 0.02363661862909794 0.20000000298023224 255 253 210
0.007793729193508625 0.024463901296257973 0.2070000022649765 248 217 188
0.008000452071428299 0.02363661862909794 0.20000000298023224 247 216 187
0.008470730856060982 0.02363661862909794 0.20000000298023224 243 212 185
0.009119829162955284 0.024109352380037308 0.20399999618530273 255 231 204
0.009881852194666862 0.024818450212478638 0.20999999344348907 255 252 223
0.010375645011663437 0.024818450212478638 0.20999999344348907 255 250 221
0.010558397509157658 0.022100239992141724 0.18700000643730164 255 253 235
0.010998107492923737 0.022100239992141724 0.18700000643730164 255 254 236
0.013850263319909573 0.02174568921327591 0.18400000035762787 255 224 229
0.014282919466495514 0.02174568921327591 0.18400000035762787 255 229 234
0.046093035489320755 0.02363661862909794 0.20000000298023224 255 206 206
0.04656331613659859 0.02363661862909794 0.20000000298023224 255 198 198
0.04703359305858612 0.02363661862909794 0.20000000298023224 255 193 202
0.04750387370586395 0.02363661862909794 0.20000000298023224 252 188 197
0.04821402207016945 0.023754803463816643 0.20100000500679016 255 196 207
0.0489288754761219 0.023872986435890198 0.20200000703334808 255 193 204
0.05722946673631668 0.024582084268331528 0.20800000429153442 255 186 206
0.006058142986148596 0.023865830153226852 0.1979999989271164 255 252 194
0.006523719057440758 0.023865830153226852 0.1979999989271164 255 254 218
0.0069539956748485565 0.02374529466032982 0.19699999690055847 255 254 218
0.007417220156639814 0.02374529466032982 0.19699999690055847 236 219 192
0.007880444638431072 0.02374529466032982 0.19699999690055847 232 215 188
0.008258962072432041 0.0235042255371809 0.19499999284744263 248 229 200
0.008583368733525276 0.023142622783780098 0.19200000166893005 255 241 212
0.008940723724663258 0.02290155366063118 0.1899999976158142 255 254 230
0.009338080883026123 0.022781018167734146 0.1889999955892563 255 255 231
0.00973073486238718 0.02266048453748226 0.18799999356269836 255 255 241
0.010118686594069004 0.022539949044585228 0.18700000643730164 255 255 241
0.010558397509157658 0.022539949044585228 0.18700000643730164 255 255 245
0.010939294472336769 0.022419415414333344 0.1860000044107437 255 255 245
0.011376653797924519 0.022419415414333344 0.1860000044107437 255 255 243
0.013490528799593449 0.02229888178408146 0.1850000023841858 255 237 232
0.013850263319909573 0.022178346291184425 0.18400000035762787 255 248 245
0.014282919466495514 0.022178346291184425 0.18400000035762787 255 248 245
0.01471557654440403 0.022178346291184425 0.18400000035762787 255 252 245
0.015148232690989971 0.022178346291184425 0.18400000035762787 255 252 245
0.01549621019512415 0.02205781266093254 0.18299999833106995 255 253 236
0.01592651568353176 0.02205781266093254 0.18299999833106995 255 254 237
0.0163568202406168 0.02205781266093254 0.18299999833106995 255 249 231
0.016787126660346985 0.02205781266093254 0.18299999833106995 255 239 221
0.029106050729751587 0.021937277168035507 0.18199999630451202 241 189 180
0.029534004628658295 0.021937277168035507 0.18199999630451202 255 218 209
0.029961958527565002 0.021937277168035507 0.18199999630451202 255 230 219
0.03038991242647171 0.021937277168035507 0.18199999630451202 255 234 223
0.030817866325378418 0.021937277168035507 0.18199999630451202 255 236 219
0.03141750022768974 0.02205781266093254 0.18299999833106995 255 235 218
0.03184780478477478 0.02205781266093254 0.18299999833106995 255 234 218
0.03210172802209854 0.021937277168035507 0.18199999630451202 255 228 212
0.035755764693021774 0.021816743537783623 0.1809999942779541 255 214 193
0.03618136793375015 0.021816743537783623 0.1809999942779541 255 240 219
0.03680921718478203 0.021937277168035507 0.18199999630451202 255 248 237
0.037237171083688736 0.021937277168035507 0.18199999630451202 255 247 236
0.037665124982595444 0.021937277168035507 0.18199999630451202 255 230 226
0.044710300862789154 0.023624761030077934 0.19599999487400055 255 205 187
0.04517117515206337 0.023624761030077934 0.19599999487400055 255 211 209
0.04586486518383026 0.02374529466032982 0.19699999690055847 255 203 201
0.046328090131282806 0.02374529466032982 0.19699999690055847 255 203 209
0.04679131507873535 0.02374529466032982 0.19699999690055847 247 184 190
0.04749440774321556 0.023865830153226852 0.1979999989271164 242 176 183
0.047959987074136734 0.023865830153226852 0.1979999989271164 241 175 182
0.04867013543844223 0.023986363783478737 0.19900000095367432 255 187 195
0.049384988844394684 0.02410689741373062 0.20000000298023224 233 165 173
0.05104980245232582 0.024227432906627655 0.20100000500679016 235 170 168
0.05177876353263855 0.02434796653687954 0.20200000703334808 255 198 196
0.05225374549627304 0.02434796653687954 0.20200000703334808 255 203 211
0.05298975855112076 0.024468502029776573 0.2029999941587448 252 190 198
0.05346709117293358 0.024468502029776573 0.2029999941587448 232 167 183
0.05421016365289688 0.024589035660028458 0.20399999618530273 244 179 195
0.05468984693288803 0.024589035660028458 0.20399999618530273 255 191 212
0.006027546711266041 0.024208519607782364 0.19699999690055847 255 253 198
0.006490771193057299 0.024208519607782364 0.19699999690055847 255 255 225
0.006918696220964193 0.024085633456707 0.19599999487400055 255 255 225
0.007341918535530567 0.023962747305631638 0.19499999284744263 255 251 227
0.00776043813675642 0.023839861154556274 0.1940000057220459 239 233 209
0.00817425549030304 0.02371697500348091 0.19300000369548798 252 246 222
0.008538664318621159 0.023471204563975334 0.19099999964237213 255 252 228
0.008940723724663258 0.02334831841289997 0.1899999976158142 255 255 237
0.009338080883026123 0.023225432261824608 0.1889999955892563 255 255 237
0.00973073486238718 0.023102546110749245 0.18799999356269836 254 255 247
0.010118686594069004 0.02297965995967388 0.18700000643730164 254 255 247
0.010558397509157658 0.02297965995967388 0.18700000643730164 254 255 249
0.010939294472336769 0.02285677380859852 0.1860000044107437 254 255 249
0.011376653797924519 0.02285677380859852 0.1860000044107437 254 255 249
0.011814013123512268 0.02285677380859852 0.1860000044107437 254 255 249
0.013490528799593449 0.022733889520168304 0.1850000023841858 255 253 249
0.013850263319909573 0.02261100336909294 0.18400000035762787 255 255 249
0.014282919466495514 0.02261100336909294 0.18400000035762787 255 255 249
0.01471557654440403 0.02261100336909294 0.18400000035762787 255 255 249
0.015148232690989971 0.02261100336909294 0.18400000035762787 255 255 249
0.01549621019512415 0.022488117218017578 0.18299999833106995 255 255 249
0.01592651568353176 0.022488117218017578 0.18299999833106995 255 255 249
0.0163568202406168 0.022488117218017578 0.18299999833106995 255 255 245
0.016787126660346985 0.022488117218017578 0.18299999833106995 255 255 245
0.017123347148299217 0.022365231066942215 0.18199999630451202 255 250 234
0.017551301047205925 0.022365231066942215 0.18199999630451202 255 239 223
0.017979254946112633 0.022365231066942215 0.18199999630451202 255 242 219
0.01840720698237419 0.022365231066942215 0.18199999630451202 255 245 222
0.018731672316789627 0.022242344915866852 0.1809999942779541 255 247 219
0.019157273694872856 0.022242344915866852 0.1809999942779541 255 247 219
0.019582876935601234 0.022242344915866852 0.1809999942779541 255 248 220
0.020008478313684464 0.022242344915866852 0.1809999942779541 255 248 220
0.020434081554412842 0.022242344915866852 0.1809999942779541 255 247 219
0.020744435489177704 0.02211945876479149 0.18000000715255737 255 246 218
0.021167688071727753 0.02211945876479149 0.18000000715255737 255 240 218
0.021590938791632652 0.02211945876479149 0.18000000715255737 255 231 209
0.02441728487610817 0.021996572613716125 0.17900000512599945 163 105 101
0.02483818493783474 0.021996572613716125 0.17900000512599945 165 107 103
0.025400197133421898 0.02211945876479149 0.18000000715255737 162 108 109
0.025823447853326797 0.02211945876479149 0.18000000715255737 160 106 107
0.026246698573231697 0.02211945876479149 0.18000000715255737 164 104 104
0.026669949293136597 0.02211945876479149 0.18000000715255737 162 102 102
0.028094923123717308 0.022242344915866852 0.1809999942779541 250 189 181
0.028520524501800537 0.022242344915866852 0.1809999942779541 255 236 228
0.029106050729751587 0.022365231066942215 0.18199999630451202 255 251 235
0.029534004628658295 0.022365231066942215 0.18199999630451202 255 251 235
0.029961958527565002 0.022365231066942215 0.18199999630451202 255 252 240
0.03038991242647171 0.022365231066942215 0.18199999630451202 255 251 239
0.030817866325378418 0.022365231066942215 0.18199999630451202 255 251 242
0.031245820224285126 0.022365231066942215 0.18199999630451202 255 251 242
0.03184780478477478 0.022488117218017578 0.18299999833106995 255 253 241
0.03210172802209854 0.022365231066942215 0.18199999630451202 255 253 241
0.03252968192100525 0.022365231066942215 0.18199999630451202 255 248 231
0.03490455821156502 0.022242344915866852 0.1809999942779541 243 197 177
0.035330161452293396 0.022242344915866852 0.1809999942779541 255 240 220
0.035755764693021774 0.022242344915866852 0.1809999942779541 255 253 236
0.03618136793375015 0.022242344915866852 0.1809999942779541 255 254 237
0.03680921718478203 0.022365231066942215 0.18199999630451202 255 253 247
0.037237171083688736 0.022365231066942215 0.18199999630451202 255 253 247
0.037665124982595444 0.022365231066942215 0.18199999630451202 255 249 245
0.038302380591630936 0.022488117218017578 0.18299999833106995 255 247 243
0.044710300862789154 0.024085633456707 0.19599999487400055 255 224 204
0.04517117515206337 0.024085633456707 0.19599999487400055 255 234 228
0.04586486518383026 0.024208519607782364 0.19699999690055847 227 186 180
0.046328090131282806 0.024208519607782364 0.19699999690055847 238 184 187
0.04679131507873535 0.024208519607782364 0.19699999690055847 233 179 182
0.04749440774321556 0.024331405758857727 0.1979999989271164 232 180 185
0.04771776124835014 0.024208519607782364 0.19699999690055847 240 188 193
0.04818098619580269 0.024208519607782364 0.19699999690055847 255 220 222
0.048644211143255234 0.024208519607782364 0.19699999690055847 245 194 196
0.04935671389102936 0.024331405758857727 0.1979999989271164 236 185 187
0.05007391795516014 0.02445429190993309 0.19900000095367432 255 222 224
0.050541844218969345 0.02445429190993309 0.19900000095367432 255 233 232
0.051266103982925415 0.024577176198363304 0.20000000298023224 255 240 239
0.051995061337947845 0.024700062349438667 0.20100000500679016 255 239 243
0.05246769264340401 0.024700062349438667 0.20100000500679016 255 235 239
0.05320370942354202 0.02482294850051403 0.20200000703334808 245 193 210
0.0539444275200367 0.024945834651589394 0.2029999941587448 224 172 189
0.05442176014184952 0.024945834651589394 0.2029999941587448 246 177 200
0.05516953021287918 0.025068720802664757 0.20399999618530273 254 185 208
0.005507831461727619 0.024421269074082375 0.19499999284744263 255 252 195
0.005966353230178356 0.024421269074082375 0.19499999284744263 255 255 198
0.006424874998629093 0.024421269074082375 0.19499999284744263 255 255 227
0.006848097313195467 0.024296032264828682 0.1940000057220459 255 255 227
0.00726661691442132 0.02417079545557499 0.19300000369548798 255 255 237
0.007720435969531536 0.02417079545557499 0.19300000369548798 255 255 235
0.008131901733577251 0.024045556783676147 0.19200000166893005 253 253 233
0.008493958972394466 0.023795083165168762 0.1899999976158142 255 255 236
0.008893667720258236 0.02366984635591507 0.1889999955892563 255 255 243
0.009338080883026123 0.02366984635591507 0.1889999955892563 255 255 243
0.00973073486238718 0.023544607684016228 0.18799999356269836 254 255 249
0.010118686594069004 0.023419370874762535 0.18700000643730164 254 255 249
0.010558397509157658 0.023419370874762535 0.18700000643730164 254 255 249
0.010939294472336769 0.023294134065508842 0.1860000044107437 254 255 249
0.011376653797924519 0.023294134065508842 0.1860000044107437 254 255 249
0.011814013123512268 0.023294134065508842 0.1860000044107437 254 255 249
0.012251372449100018 0.023294134065508842 0.1860000044107437 254 255 249
0.013055521063506603 0.02316889725625515 0.1850000023841858 253 254 248
0.013490528799593449 0.02316889725625515 0.1850000023841858 254 255 249
0.013850263319909573 0.023043658584356308 0.18400000035762787 254 255 249
0.014282919466495514 0.023043658584356308 0.18400000035762787 254 255 249
0.01471557654440403 0.023043658584356308 0.18400000035762787 254 255 249
0.015148232690989971 0.023043658584356308 0.18400000035762787 254 255 249
0.01549621019512415 0.022918421775102615 0.18299999833106995 254 255 249
0.01592651568353176 0.022918421775102615 0.18299999833106995 254 255 249
0.0163568202406168 0.022918421775102615 0.18299999833106995 254 255 249
0.01669539324939251 0.022793184965848923 0.18199999630451202 254 255 249
0.017123347148299217 0.022793184965848923 0.18199999630451202 255 255 245
0.017551301047205925 0.022793184965848923 0.18199999630451202 255 255 245
0.017979254946112633 0.022793184965848923 0.18199999630451202 255 255 241
0.01840720698237419 0.022793184965848923 0.18199999630451202 255 255 241
0.018731672316789627 0.02266794815659523 0.1809999942779541 255 255 239
0.019157273694872856 0.02266794815659523 0.1809999942779541 255 255 239
0.019582876935601234 0.02266794815659523 0.1809999942779541 255 255 239
0.020008478313684464 0.02266794815659523 0.1809999942779541 255 255 239
0.020321184769272804 0.022542709484696388 0.18000000715255737 255 255 239
0.020744435489177704 0.022542709484696388 0.18000000715255737 255 255 239
0.021167688071727753 0.022542709484696388 0.18000000715255737 255 255 237
0.021590938791632652 0.022542709484696388 0.18000000715255737 255 255 237
0.022014189511537552 0.022542709484696388 0.18000000715255737 255 240 224
0.022312788292765617 0.022417472675442696 0.17900000512599945 205 161 145
0.02315458655357361 0.022417472675442696 0.17900000512599945 255 224 205
0.02357548661530018 0.022417472675442696 0.17900000512599945 255 246 222
0.02399638667702675 0.022417472675442696 0.17900000512599945 255 251 227
0.02441728487610817 0.022417472675442696 0.17900000512599945 255 252 235
0.02483818493783474 0.022417472675442696 0.17900000512599945 255 252 235
0.025400197133421898 0.022542709484696388 0.18000000715255737 255 252 239
0.025823447853326797 0.022542709484696388 0.18000000715255737 255 252 239
0.026246698573231697 0.022542709484696388 0.18000000715255737 255 250 239
0.026669949293136597 0.022542709484696388 0.18000000715255737 255 249 238
0.027093200013041496 0.022542709484696388 0.18000000715255737 255 228 215
0.02766931988298893 0.02266794815659523 0.1809999942779541 234 203 190
0.028094923123717308 0.02266794815659523 0.1809999942779541 255 248 233
0.028520524501800537 0.02266794815659523 0.1809999942779541 255 250 235
0.029106050729751587 0.022793184965848923 0.18199999630451202 255 254 243
0.029534004628658295 0.022793184965848923 0.18199999630451202 255 254 243
0.029961958527565002 0.022793184965848923 0.18199999630451202 255 255 247
0.03038991242647171 0.022793184965848923 0.18199999630451202 255 255 247
0.030817866325378418 0.022793184965848923 0.18199999630451202 255 255 247
0.031245820224285126 0.022793184965848923 0.18199999630451202 255 255 247
0.03184780478477478 0.022918421775102615 0.18299999833106995 255 255 247
0.03210172802209854 0.022793184965848923 0.18199999630451202 255 255 247
0.03252968192100525 0.022793184965848923 0.18199999630451202 255 253 239
0.033813539892435074 0.022793184965848923 0.18199999630451202 151 107 87
0.03447895869612694 0.02266794815659523 0.1809999942779541 255 224 205
0.03490455821156502 0.02266794815659523 0.1809999942779541 255 252 232
0.035330161452293396 0.02266794815659523 0.1809999942779541 255 253 233
0.035755764693021774 0.02266794815659523 0.1809999942779541 255 254 244
0.03638126328587532 0.022793184965848923 0.18199999630451202 255 255 245
0.03680921718478203 0.022793184965848923 0.18199999630451202 255 255 247
0.037237171083688736 0.022793184965848923 0.18199999630451202 255 255 247
0.037665124982595444 0.022793184965848923 0.18199999630451202 255 254 247
0.038302380591630936 0.022918421775102615 0.18299999833106995 255 254 247
0.0417802631855011 0.02366984635591507 0.1889999955892563 255 220 194
0.04222467914223671 0.02366984635591507 0.1889999955892563 255 238 212
0.04289485514163971 0.023795083165168762 0.1899999976158142 255 252 231
0.04334161803126335 0.023795083165168762 0.1899999976158142 255 252 231
0.04378838464617729 0.023795083165168762 0.1899999976158142 255 248 242
0.04584123566746712 0.02417079545557499 0.19300000369548798 239 206 207
0.046295054256916046 0.02417079545557499 0.19300000369548798 254 218 220
0.04699109494686127 0.024296032264828682 0.1940000057220459 255 224 226
0.047691840678453445 0.024421269074082375 0.19499999284744263 255 240 244
0.04815036430954933 0.024421269074082375 0.19499999284744263 255 226 230
0.0488581620156765 0.024546505883336067 0.19599999487400055 250 210 215
0.049570661038160324 0.02467174455523491 0.19699999690055847 255 230 235
0.05028786510229111 0.0247969813644886 0.1979999989271164 255 243 247
0.05100977048277855 0.024922218173742294 0.19900000095367432 255 243 247
0.05147770047187805 0.024922218173742294 0.19900000095367432 255 246 250
0.05220666155219078 0.025047456845641136 0.20000000298023224 255 239 243
0.05294032394886017 0.02517269365489483 0.20100000500679016 255 221 235
0.05341295525431633 0.02517269365489483 0.20100000500679016 251 209 223
0.054153669625520706 0.02529793046414852 0.20200000703334808 230 164 186
0.05489909276366234 0.025423167273402214 0.2029999941587448 244 178 200
0.005507831461727619 0.02487979084253311 0.19499999284744263 255 255 200
0.005966353230178356 0.02487979084253311 0.19499999284744263 255 255 199
0.006391926668584347 0.02475220337510109 0.1940000057220459 255 255 233
0.006848097313195467 0.02475220337510109 0.1940000057220459 255 255 233
0.00726661691442132 0.024624614045023918 0.19300000369548798 255 255 243
0.007680433802306652 0.024497024714946747 0.19200000166893005 254 255 242
0.008089547976851463 0.024369437247514725 0.19099999964237213 254 255 245
0.008493958972394466 0.024241847917437553 0.1899999976158142 254 255 245
0.008893667720258236 0.024114258587360382 0.1889999955892563 254 255 247
0.009288673289120197 0.02398667111992836 0.18799999356269836 254 255 247
0.00973073486238718 0.02398667111992836 0.18799999356269836 254 255 249
0.010118686594069004 0.02385908178985119 0.18700000643730164 254 255 249
0.010558397509157658 0.02385908178985119 0.18700000643730164 254 255 249
0.010939294472336769 0.023731492459774017 0.1860000044107437 254 255 249
0.011376653797924519 0.023731492459774017 0.1860000044107437 254 255 249
0.011814013123512268 0.023731492459774017 0.1860000044107437 254 255 249
0.012251372449100018 0.023731492459774017 0.1860000044107437 254 255 249
0.012620512396097183 0.023603904992341995 0.1850000023841858 254 255 249
0.013055521063506603 0.023603904992341995 0.1850000023841858 254 255 249
0.013490528799593449 0.023603904992341995 0.1850000023841858 254 255 249
0.013850263319909573 0.023476315662264824 0.18400000035762787 254 255 249
0.014282919466495514 0.023476315662264824 0.18400000035762787 254 255 249
0.01471557654440403 0.023476315662264824 0.18400000035762787 254 255 249
0.015148232690989971 0.023476315662264824 0.18400000035762787 254 255 249
0.01549621019512415 0.023348728194832802 0.18299999833106995 254 255 249
0.01592651568353176 0.023348728194832802 0.18299999833106995 254 255 249
0.0163568202406168 0.023348728194832802 0.18299999833106995 254 255 249
0.01669539324939251 0.02322113886475563 0.18199999630451202 254 255 249
0.017123347148299217 0.02322113886475563 0.18199999630451202 254 255 249
0.017551301047205925 0.02322113886475563 0.18199999630451202 254 255 249
0.017979254946112633 0.02322113886475563 0.18199999630451202 254 255 249
0.01840720698237419 0.02322113886475563 0.18199999630451202 254 255 249
0.018731672316789627 0.02309354953467846 0.1809999942779541 254 255 247
0.019157273694872856 0.02309354953467846 0.1809999942779541 254 255 247
0.019582876935601234 0.02309354953467846 0.1809999942779541 254 255 247
0.019897934049367905 0.022965962067246437 0.18000000715255737 254 255 247
0.020321184769272804 0.022965962067246437 0.18000000715255737 254 255 247
0.020744435489177704 0.022965962067246437 0.18000000715255737 254 255 247
0.021167688071727753 0.022965962067246437 0.18000000715255737 254 255 245
0.021590938791632652 0.022965962067246437 0.18000000715255737 254 255 245
0.022014189511537552 0.022965962067246437 0.18000000715255737 255 252 235
0.022312788292765617 0.022838372737169266 0.17900000512599945 226 212 195
0.02273368649184704 0.022838372737169266 0.17900000512599945 255 244 224
0.02315458655357361 0.022838372737169266 0.17900000512599945 255 251 231
0.02357548661530018 0.022838372737169266 0.17900000512599945 255 253 231
0.02399638667702675 0.022838372737169266 0.17900000512599945 255 254 232
0.02441728487610817 0.022838372737169266 0.17900000512599945 255 255 240
0.02483818493783474 0.022838372737169266 0.17900000512599945 255 255 240
0.02525908499956131 0.022838372737169266 0.17900000512599945 255 255 240
0.025823447853326797 0.022965962067246437 0.18000000715255737 255 255 240
0.026246698573231697 0.022965962067246437 0.18000000715255737 255 255 240
0.026669949293136597 0.022965962067246437 0.18000000715255737 255 255 240
0.027093200013041496 0.022965962067246437 0.18000000715255737 255 254 241
0.02766931988298893 0.02309354953467846 0.1809999942779541 255 254 241
0.028094923123717308 0.02309354953467846 0.1809999942779541 255 255 243
0.028520524501800537 0.02309354953467846 0.1809999942779541 255 255 243
0.028946127742528915 0.02309354953467846 0.1809999942779541 254 255 247
0.029534004628658295 0.02322113886475563 0.18199999630451202 254 255 247
0.029961958527565002 0.02322113886475563 0.18199999630451202 254 255 249
0.03038991242647171 0.02322113886475563 0.18199999630451202 254 255 249
0.030817866325378418 0.02322113886475563 0.18199999630451202 254 255 251
0.031245820224285126 0.02322113886475563 0.18199999630451202 254 255 251
0.031673774123191833 0.02322113886475563 0.18199999630451202 254 255 251
0.03210172802209854 0.02322113886475563 0.18199999630451202 254 255 251
0.03252968192100525 0.02322113886475563 0.18199999630451202 255 255 245
0.03295763581991196 0.02322113886475563 0.18199999630451202 255 255 245
0.033385589718818665 0.02322113886475563 0.18199999630451202 254 242 222
0.033813539892435074 0.02322113886475563 0.18199999630451202 218 206 186
0.03405335545539856 0.02309354953467846 0.1809999942779541 255 252 226
0.03447895869612694 0.02309354953467846 0.1809999942779541 255 253 227
0.03490455821156502 0.02309354953467846 0.1809999942779541 255 255 241
0.035330161452293396 0.02309354953467846 0.1809999942779541 255 255 241
0.035755764693021774 0.02309354953467846 0.1809999942779541 254 255 249
0.03638126328587532 0.02322113886475563 0.18199999630451202 254 255 249
0.03680921718478203 0.02322113886475563 0.18199999630451202 254 255 249
0.037237171083688736 0.02322113886475563 0.18199999630451202 254 255 249
0.037665124982595444 0.02322113886475563 0.18199999630451202 255 255 249
0.038302380591630936 0.023348728194832802 0.18299999833106995 254 254 248
0.0406750813126564 0.02398667111992836 0.18799999356269836 255 235 223
0.041117142885923386 0.02398667111992836 0.18799999356269836 255 240 228
0.0417802631855011 0.024114258587360382 0.1889999955892563 255 250 233
0.04222467914223671 0.024114258587360382 0.1889999955892563 255 250 233
0.04289485514163971 0.024241847917437553 0.1899999976158142 255 255 239
0.04334161803126335 0.024241847917437553 0.1899999976158142 255 255 239
0.04378838464617729 0.024241847917437553 0.1899999976158142 255 253 247
0.04584123566746712 0.024624614045023918 0.19300000369548798 253 233 234
0.046295054256916046 0.024624614045023918 0.19300000369548798 255 246 250
0.04699109494686127 0.02475220337510109 0.1940000057220459 255 247 251
0.047691840678453445 0.02487979084253311 0.19499999284744263 255 248 249
0.04815036430954933 0.02487979084253311 0.19499999284744263 255 245 246
0.04860888421535492 0.02487979084253311 0.19499999284744263 255 235 246
0.049067407846450806 0.02487979084253311 0.19499999284744263 243 210 221
0.04977990686893463 0.025007380172610283 0.19599999487400055 255 232 245
0.050497110933065414 0.025134969502687454 0.19699999690055847 255 243 255
0.051219016313552856 0.025262556970119476 0.1979999989271164 255 247 255
0.051945626735687256 0.025390146300196648 0.19900000095367432 251 233 241
0.052676938474178314 0.02551773563027382 0.20000000298023224 255 229 242
0.053147219121456146 0.02551773563027382 0.20000000298023224 252 219 232
0.05388558283448219 0.02564532309770584 0.20100000500679016 230 165 183
0.0546286515891552 0.025772912427783012 0.20200000703334808 236 171 189
0.005507831461727619 0.02533831261098385 0.19499999284744263 255 255 198
0.005966353230178356 0.02533831261098385 0.19499999284744263 255 255 199
0.006391926668584347 0.025208372622728348 0.1940000057220459 255 255 235
0.006812797859311104 0.025078432634472847 0.19300000369548798 255 255 235
0.007228965871036053 0.024948492646217346 0.19200000166893005 254 255 247
0.007680433802306652 0.024948492646217346 0.19200000166893005 254 255 247
0.008089547976851463 0.024818552657961845 0.19099999964237213 254 255 249
0.008493958972394466 0.024688612669706345 0.1899999976158142 254 255 249
0.008893667720258236 0.024558672681450844 0.1889999955892563 254 255 249
0.009288673289120197 0.024428732693195343 0.18799999356269836 254 255 249
0.00973073486238718 0.024428732693195343 0.18799999356269836 254 255 249
0.010118686594069004 0.024298792704939842 0.18700000643730164 254 255 249
0.010558397509157658 0.024298792704939842 0.18700000643730164 254 255 251
0.010939294472336769 0.02416885271668434 0.1860000044107437 254 255 251
0.011376653797924519 0.02416885271668434 0.1860000044107437 254 255 251
0.011814013123512268 0.02416885271668434 0.1860000044107437 254 255 251
0.012251372449100018 0.02416885271668434 0.1860000044107437 254 255 251
0.012620512396097183 0.02403891272842884 0.1850000023841858 254 255 251
0.013055521063506603 0.02403891272842884 0.1850000023841858 254 255 251
0.013490528799593449 0.02403891272842884 0.1850000023841858 254 255 251
0.013925536535680294 0.02403891272842884 0.1850000023841858 254 255 251
0.014282919466495514 0.02390897274017334 0.18400000035762787 254 255 251
0.01471557654440403 0.02390897274017334 0.18400000035762787 254 255 251
0.015148232690989971 0.02390897274017334 0.18400000035762787 254 255 251
0.01549621019512415 0.02377903275191784 0.18299999833106995 254 255 251
0.01592651568353176 0.02377903275191784 0.18299999833106995 254 255 251
0.0163568202406168 0.02377903275191784 0.18299999833106995 254 255 251
0.01669539324939251 0.023649092763662338 0.18199999630451202 254 255 251
0.017123347148299217 0.023649092763662338 0.18199999630451202 254 255 251
0.017551301047205925 0.023649092763662338 0.18199999630451202 254 255 251
0.017979254946112633 0.023649092763662338 0.18199999630451202 254 255 251
0.01840720698237419 0.023649092763662338 0.18199999630451202 254 255 251
0.018731672316789627 0.023519152775406837 0.1809999942779541 254 255 251
0.019157273694872856 0.023519152775406837 0.1809999942779541 254 255 251
0.019582876935601234 0.023519152775406837 0.1809999942779541 254 255 251
0.019897934049367905 0.023389212787151337 0.18000000715255737 254 255 251
0.020321184769272804 0.023389212787151337 0.18000000715255737 254 255 251
0.020744435489177704 0.023389212787151337 0.18000000715255737 254 255 251
0.021167688071727753 0.023389212787151337 0.18000000715255737 254 255 249
0.021590938791632652 0.023389212787151337 0.18000000715255737 254 255 249
0.021891888231039047 0.023259272798895836 0.17900000512599945 254 255 243
0.022312788292765617 0.023259272798895836 0.17900000512599945 245 247 234
0.02273368649184704 0.023259272798895836 0.17900000512599945 255 255 240
0.02315458655357361 0.023259272798895836 0.17900000512599945 255 255 241
0.02357548661530018 0.023259272798895836 0.17900000512599945 255 255 245
0.02399638667702675 0.023259272798895836 0.17900000512599945 255 255 245
0.02441728487610817 0.023259272798895836 0.17900000512599945 254 255 247
0.02483818493783474 0.023259272798895836 0.17900000512599945 254 255 247
0.02525908499956131 0.023259272798895836 0.17900000512599945 254 255 249
0.025823447853326797 0.023389212787151337 0.18000000715255737 254 255 249
0.026246698573231697 0.023389212787151337 0.18000000715255737 254 255 249
0.026669949293136597 0.023389212787151337 0.18000000715255737 254 255 249
0.027093200013041496 0.023389212787151337 0.18000000715255737 254 255 249
0.027516450732946396 0.023389212787151337 0.18000000715255737 254 255 249
0.028094923123717308 0.023519152775406837 0.1809999942779541 254 255 249
0.028520524501800537 0.023519152775406837 0.1809999942779541 254 255 249
0.028946127742528915 0.023519152775406837 0.1809999942779541 254 255 249
0.029371729120612144 0.023519152775406837 0.1809999942779541 254 255 249
0.029797332361340523 0.023519152775406837 0.1809999942779541 254 255 249
0.03038991242647171 0.023649092763662338 0.18199999630451202 254 255 249
0.030817866325378418 0.023649092763662338 0.18199999630451202 254 255 249
0.031245820224285126 0.023649092763662338 0.18199999630451202 254 255 249
0.031673774123191833 0.023649092763662338 0.18199999630451202 254 255 249
0.03210172802209854 0.023649092763662338 0.18199999630451202 254 255 249
0.03252968192100525 0.023649092763662338 0.18199999630451202 254 255 249
0.03295763581991196 0.023649092763662338 0.18199999630451202 254 255 249
0.033385589718818665 0.023649092763662338 0.18199999630451202 255 255 243
0.033813539892435074 0.023649092763662338 0.18199999630451202 254 255 242
0.03405335545539856 0.023519152775406837 0.1809999942779541 255 255 241
0.03447895869612694 0.023519152775406837 0.1809999942779541 255 255 241
0.03490455821156502 0.023519152775406837 0.1809999942779541 254 255 247
0.035330161452293396 0.023519152775406837 0.1809999942779541 254 255 247
0.035755764693021774 0.023519152775406837 0.1809999942779541 254 255 249
0.03638126328587532 0.023649092763662338 0.18199999630451202 254 255 249
0.03680921718478203 0.023649092763662338 0.18199999630451202 254 255 251
0.037237171083688736 0.023649092763662338 0.18199999630451202 254 255 251
0.037665124982595444 0.023649092763662338 0.18199999630451202 254 255 251
0.038302380591630936 0.02377903275191784 0.18299999833106995 254 255 251
0.03873268514871597 0.02377903275191784 0.18299999833106995 255 250 248
0.03937699645757675 0.02390897274017334 0.18400000035762787 244 234 232
0.0406750813126564 0.024428732693195343 0.18799999356269836 255 241 237
0.040679726749658585 0.02416885271668434 0.1860000044107437 255 237 233
0.04111708700656891 0.02416885271668434 0.1860000044107437 255 251 242
0.04177785664796829 0.024298792704939842 0.18700000643730164 255 252 243
0.042217567563056946 0.024298792704939842 0.18700000643730164 255 255 247
0.042885392904281616 0.024428732693195343 0.18799999356269836 255 255 247
0.0433274544775486 0.024428732693195343 0.18799999356269836 255 255 249
0.04400233179330826 0.024558672681450844 0.1889999955892563 255 255 249
0.04444674402475357 0.024558672681450844 0.1889999955892563 255 248 248
0.04536619782447815 0.024818552657961845 0.19099999964237213 234 222 222
0.04581531509757042 0.024818552657961845 0.19099999964237213 255 242 243
0.04650665074586868 0.024948492646217346 0.19200000166893005 255 250 251
0.0472026951611042 0.025078432634472847 0.19300000369548798 255 249 254
0.04790343716740608 0.025208372622728348 0.1940000057220459 255 242 247
0.04860888421535492 0.02533831261098385 0.19499999284744263 250 220 232
0.049067407846450806 0.02533831261098385 0.19499999284744263 237 207 219
0.04977990686893463 0.02546825259923935 0.19599999487400055 236 201 217
0.050497110933065414 0.02559819258749485 0.19699999690055847 255 233 249
0.051219016313552856 0.02572813257575035 0.1979999989271164 255 245 255
0.051945626735687256 0.025858072564005852 0.19900000095367432 255 242 252
0.052676938474178314 0.025988014414906502 0.20000000298023224 255 245 255
0.053147219121456146 0.025988014414906502 0.20000000298023224 255 231 242
0.05388558283448219 0.026117954403162003 0.20100000500679016 240 179 194
0.0546286515891552 0.026247894391417503 0.20200000703334808 220 159 174
0.005507831461727619 0.025796834379434586 0.19499999284744263 255 255 195
0.005935756489634514 0.025664543733000755 0.1940000057220459 255 255 197
0.006391926668584347 0.025664543733000755 0.1940000057220459 255 255 229
0.006812797859311104 0.025532251223921776 0.19300000369548798 255 255 229
0.007228965871036053 0.025399960577487946 0.19200000166893005 254 255 245
0.007640431635081768 0.025267669931054115 0.19099999964237213 254 255 245
0.008047194220125675 0.025135377421975136 0.1899999976158142 254 255 249
0.008493958972394466 0.025135377421975136 0.1899999976158142 254 255 249
0.008893667720258236 0.025003086775541306 0.1889999955892563 254 255 249
0.009288673289120197 0.024870794266462326 0.18799999356269836 254 255 249
0.00967897567898035 0.024738503620028496 0.18700000643730164 254 255 251
0.010118686594069004 0.024738503620028496 0.18700000643730164 254 255 251
0.010558397509157658 0.024738503620028496 0.18700000643730164 254 255 251
0.010939294472336769 0.024606211110949516 0.1860000044107437 254 255 251
0.011376653797924519 0.024606211110949516 0.1860000044107437 254 255 251
0.011814013123512268 0.024606211110949516 0.1860000044107437 254 255 251
0.012251372449100018 0.024606211110949516 0.1860000044107437 254 255 251
0.012620512396097183 0.024473920464515686 0.1850000023841858 254 255 251
0.013055521063506603 0.024473920464515686 0.1850000023841858 254 255 251
0.013490528799593449 0.024473920464515686 0.1850000023841858 254 255 251
0.013925536535680294 0.024473920464515686 0.1850000023841858 254 255 251
0.014282919466495514 0.024341629818081856 0.18400000035762787 254 255 251
0.01471557654440403 0.024341629818081856 0.18400000035762787 254 255 251
0.015148232690989971 0.024341629818081856 0.18400000035762787 254 255 251
0.01549621019512415 0.024209337309002876 0.18299999833106995 254 255 251
0.01592651568353176 0.024209337309002876 0.18299999833106995 254 255 251
0.0163568202406168 0.024209337309002876 0.18299999833106995 254 255 251
0.01669539324939251 0.024077046662569046 0.18199999630451202 254 255 251
0.017123347148299217 0.024077046662569046 0.18199999630451202 254 255 251
0.017551301047205925 0.024077046662569046 0.18199999630451202 254 255 251
0.017979254946112633 0.024077046662569046 0.18199999630451202 254 255 251
0.01840720698237419 0.024077046662569046 0.18199999630451202 254 255 251
0.018731672316789627 0.023944754153490067 0.1809999942779541 254 255 251
0.019157273694872856 0.023944754153490067 0.1809999942779541 254 255 251
0.019582876935601234 0.023944754153490067 0.1809999942779541 254 255 251
0.019897934049367905 0.023812463507056236 0.18000000715255737 254 255 251
0.020321184769272804 0.023812463507056236 0.18000000715255737 254 255 251
0.020744435489177704 0.023812463507056236 0.18000000715255737 254 255 251
0.021167688071727753 0.023812463507056236 0.18000000715255737 254 255 251
0.021590938791632652 0.023812463507056236 0.18000000715255737 254 255 251
0.021891888231039047 0.023680170997977257 0.17900000512599945 254 255 249
0.022312788292765617 0.023680170997977257 0.17900000512599945 254 255 249
0.02273368649184704 0.023680170997977257 0.17900000512599945 254 255 247
0.02315458655357361 0.023680170997977257 0.17900000512599945 254 255 247
0.02357548661530018 0.023680170997977257 0.17900000512599945 254 255 249
0.02399638667702675 0.023680170997977257 0.17900000512599945 254 255 249
0.02441728487610817 0.023680170997977257 0.17900000512599945 254 255 249
0.02483818493783474 0.023680170997977257 0.17900000512599945 254 255 249
0.02525908499956131 0.023680170997977257 0.17900000512599945 254 255 249
0.025823447853326797 0.023812463507056236 0.18000000715255737 254 255 249
0.026246698573231697 0.023812463507056236 0.18000000715255737 254 255 249
0.026669949293136597 0.023812463507056236 0.18000000715255737 254 255 249
0.027093200013041496 0.023812463507056236 0.18000000715255737 254 255 249
0.027516450732946396 0.023812463507056236 0.18000000715255737 254 255 249
0.028094923123717308 0.023944754153490067 0.1809999942779541 254 255 249
0.028520524501800537 0.023944754153490067 0.1809999942779541 254 255 249
0.028946127742528915 0.023944754153490067 0.1809999942779541 254 255 249
0.029371729120612144 0.023944754153490067 0.1809999942779541 254 255 249
0.029797332361340523 0.023944754153490067 0.1809999942779541 254 255 249
0.030222933739423752 0.023944754153490067 0.1809999942779541 254 255 249
0.030817866325378418 0.024077046662569046 0.18199999630451202 254 255 249
0.031245820224285126 0.024077046662569046 0.18199999630451202 254 255 249
0.031673774123191833 0.024077046662569046 0.18199999630451202 254 255 249
0.03210172802209854 0.024077046662569046 0.18199999630451202 254 255 249
0.03252968192100525 0.024077046662569046 0.18199999630451202 254 255 249
0.03295763581991196 0.024077046662569046 0.18199999630451202 254 255 249
0.033385589718818665 0.024077046662569046 0.18199999630451202 254 255 249
0.033813539892435074 0.024077046662569046 0.18199999630451202 254 255 249
0.03424149379134178 0.024077046662569046 0.18199999630451202 254 255 249
0.03447895869612694 0.023944754153490067 0.1809999942779541 254 255 249
0.03490455821156502 0.023944754153490067 0.1809999942779541 254 255 249
0.035330161452293396 0.023944754153490067 0.1809999942779541 254 255 249
0.035755764693021774 0.023944754153490067 0.1809999942779541 254 255 249
0.03638126328587532 0.024077046662569046 0.18199999630451202 254 255 249
0.03680921718478203 0.024077046662569046 0.18199999630451202 254 255 249
0.037237171083688736 0.024077046662569046 0.18199999630451202 254 255 249
0.037665124982595444 0.024077046662569046 0.18199999630451202 254 255 249
0.038302380591630936 0.024209337309002876 0.18299999833106995 254 255 249
0.03873268514871597 0.024209337309002876 0.18299999833106995 255 252 251
0.03937699645757675 0.024341629818081856 0.18400000035762787 242 234 233
0.03980965539813042 0.024341629818081856 0.18400000035762787 240 228 226
0.040461018681526184 0.024473920464515686 0.1850000023841858 255 246 244
0.04089602455496788 0.024473920464515686 0.1850000023841858 255 253 249
0.041331034153699875 0.024473920464515686 0.1850000023841858 255 253 249
0.04199180379509926 0.024606211110949516 0.1860000044107437 254 255 249
0.04242916405200958 0.024606211110949516 0.1860000044107437 254 255 249
0.04309698939323425 0.024738503620028496 0.18700000643730164 254 255 251
0.04376951605081558 0.024870794266462326 0.18799999356269836 254 255 251
0.044211577624082565 0.024870794266462326 0.18799999356269836 255 250 249
0.04465363919734955 0.024870794266462326 0.18799999356269836 236 228 227
0.045335572212934494 0.025003086775541306 0.1889999955892563 237 221 226
0.0460222065448761 0.025135377421975136 0.1899999976158142 255 249 254
0.04671354591846466 0.025267669931054115 0.19099999964237213 255 249 254
0.04765651375055313 0.025532251223921776 0.19300000369548798 255 248 253
0.04811033234000206 0.025532251223921776 0.19300000369548798 255 228 242
0.0488157793879509 0.025664543733000755 0.1940000057220459 240 210 224
0.04952592775225639 0.025796834379434586 0.19499999284744263 234 196 213
0.05024078115820885 0.025929126888513565 0.19599999487400055 250 212 229
0.05096033588051796 0.026061417534947395 0.19699999690055847 255 236 252
0.05168459191918373 0.026193710044026375 0.1979999989271164 255 242 255
0.05241355299949646 0.026326000690460205 0.19900000095367432 255 243 255
0.053147219121456146 0.026458293199539185 0.20000000298023224 255 234 248
0.05388558283448219 0.026590583845973015 0.20100000500679016 255 209 223
0.0546286515891552 0.026722874492406845 0.20200000703334808 226 168 182
0.005479585845023394 0.026120714843273163 0.1940000057220459 255 255 188
0.005935756489634514 0.026120714843273163 0.1940000057220459 255 255 191
0.006358978804200888 0.025986071676015854 0.19300000369548798 255 255 220
0.006812797859311104 0.025986071676015854 0.19300000369548798 255 255 221
0.007228965871036053 0.025851428508758545 0.19200000166893005 255 255 237
0.007640431635081768 0.025716785341501236 0.19099999964237213 255 255 237
0.008047194220125675 0.025582142174243927 0.1899999976158142 254 255 245
0.008449253626167774 0.025447499006986618 0.1889999955892563 254 255 245
0.008893667720258236 0.025447499006986618 0.1889999955892563 254 255 249
0.009288673289120197 0.02531285770237446 0.18799999356269836 254 255 249
0.00967897567898035 0.02517821453511715 0.18700000643730164 254 255 249
0.010118686594069004 0.02517821453511715 0.18700000643730164 254 255 249
0.010558397509157658 0.02517821453511715 0.18700000643730164 254 255 249
0.010939294472336769 0.02504357136785984 0.1860000044107437 254 255 249
0.011376653797924519 0.02504357136785984 0.1860000044107437 254 255 251
0.011814013123512268 0.02504357136785984 0.1860000044107437 254 255 251
0.012251372449100018 0.02504357136785984 0.1860000044107437 254 255 251
0.012620512396097183 0.02490892820060253 0.1850000023841858 254 255 251
0.013055521063506603 0.02490892820060253 0.1850000023841858 254 255 251
0.013490528799593449 0.02490892820060253 0.1850000023841858 254 255 251
0.013925536535680294 0.02490892820060253 0.1850000023841858 254 255 251
0.014282919466495514 0.024774285033345222 0.18400000035762787 254 255 251
0.01471557654440403 0.024774285033345222 0.18400000035762787 254 255 251
0.015148232690989971 0.024774285033345222 0.18400000035762787 254 255 251
0.01549621019512415 0.024639641866087914 0.18299999833106995 254 255 251
0.01592651568353176 0.024639641866087914 0.18299999833106995 254 255 251
0.0163568202406168 0.024639641866087914 0.18299999833106995 254 255 251
0.01669539324939251 0.024505000561475754 0.18199999630451202 254 255 251
0.017123347148299217 0.024505000561475754 0.18199999630451202 254 255 251
0.017551301047205925 0.024505000561475754 0.18199999630451202 254 255 251
0.017979254946112633 0.024505000561475754 0.18199999630451202 254 255 251
0.01840720698237419 0.024505000561475754 0.18199999630451202 254 255 251
0.018731672316789627 0.024370357394218445 0.1809999942779541 254 255 251
0.019157273694872856 0.024370357394218445 0.1809999942779541 254 255 251
0.019582876935601234 0.024370357394218445 0.1809999942779541 254 255 251
0.019897934049367905 0.024235714226961136 0.18000000715255737 254 255 251
0.020321184769272804 0.024235714226961136 0.18000000715255737 254 255 251
0.020744435489177704 0.024235714226961136 0.18000000715255737 254 255 251
0.021167688071727753 0.024235714226961136 0.18000000715255737 254 255 251
0.021470988169312477 0.024101071059703827 0.17900000512599945 254 255 251
0.021891888231039047 0.024101071059703827 0.17900000512599945 254 255 251
0.022312788292765617 0.024101071059703827 0.17900000512599945 252 253 249
0.02273368649184704 0.024101071059703827 0.17900000512599945 253 254 250
0.02315458655357361 0.024101071059703827 0.17900000512599945 254 255 251
0.02357548661530018 0.024101071059703827 0.17900000512599945 254 255 251
0.02399638667702675 0.024101071059703827 0.17900000512599945 254 255 251
0.02441728487610817 0.024101071059703827 0.17900000512599945 254 255 251
0.02483818493783474 0.024101071059703827 0.17900000512599945 254 255 251
0.02525908499956131 0.024101071059703827 0.17900000512599945 254 255 251
0.025823447853326797 0.024235714226961136 0.18000000715255737 254 255 251
0.026246698573231697 0.024235714226961136 0.18000000715255737 254 255 251
0.026669949293136597 0.024235714226961136 0.18000000715255737 254 255 251
0.027093200013041496 0.024235714226961136 0.18000000715255737 254 255 249
0.027516450732946396 0.024235714226961136 0.18000000715255737 253 254 248
0.028094923123717308 0.024370357394218445 0.1809999942779541 251 252 246
0.028520524501800537 0.024370357394218445 0.1809999942779541 254 255 249
0.028946127742528915 0.024370357394218445 0.1809999942779541 254 255 249
0.029371729120612144 0.024370357394218445 0.1809999942779541 254 255 249
0.029797332361340523 0.024370357394218445 0.1809999942779541 254 255 249
0.030222933739423752 0.024370357394218445 0.1809999942779541 254 255 249
0.03064853698015213 0.024370357394218445 0.1809999942779541 254 255 249
0.031245820224285126 0.024505000561475754 0.18199999630451202 254 255 249
0.031673774123191833 0.024505000561475754 0.18199999630451202 254 255 249
0.03210172802209854 0.024505000561475754 0.18199999630451202 254 255 249
0.03252968192100525 0.024505000561475754 0.18199999630451202 254 255 249
0.03295763581991196 0.024505000561475754 0.18199999630451202 254 255 249
0.033385589718818665 0.024505000561475754 0.18199999630451202 254 255 249
0.033813539892435074 0.024505000561475754 0.18199999630451202 254 255 249
0.03405335545539856 0.024370357394218445 0.1809999942779541 254 255 249
0.03447895869612694 0.024370357394218445 0.1809999942779541 254 255 249
0.03490455821156502 0.024370357394218445 0.1809999942779541 254 255 249
0.035330161452293396 0.024370357394218445 0.1809999942779541 254 255 249
0.035755764693021774 0.024370357394218445 0.1809999942779541 254 255 249
0.03638126328587532 0.024505000561475754 0.18199999630451202 254 255 249
0.03680921718478203 0.024505000561475754 0.18199999630451202 254 255 249
0.037237171083688736 0.024505000561475754 0.18199999630451202 254 255 249
0.037665124982595444 0.024505000561475754 0.18199999630451202 254 255 249
0.038302380591630936 0.024639641866087914 0.18299999833106995 254 255 249
0.03873268514871597 0.024639641866087914 0.18299999833106995 254 249 247
0.03937699645757675 0.024774285033345222 0.18400000035762787 240 235 233
0.03980965539813042 0.024774285033345222 0.18400000035762787 246 234 234
0.040461018681526184 0.02490892820060253 0.1850000023841858 255 249 249
0.04089602455496788 0.02490892820060253 0.1850000023841858 255 254 249
0.041331034153699875 0.02490892820060253 0.1850000023841858 255 254 249
0.04176604375243187 0.02490892820060253 0.1850000023841858 254 255 249
0.04242916405200958 0.02504357136785984 0.1860000044107437 254 255 249
0.04286652430891991 0.02504357136785984 0.1860000044107437 254 255 251
0.043536700308322906 0.02517821453511715 0.18700000643730164 254 255 251
0.04397641122341156 0.02517821453511715 0.18700000643730164 255 254 251
0.04465363919734955 0.02531285770237446 0.18799999356269836 234 231 228
0.04509570077061653 0.02531285770237446 0.18799999356269836 228 210 216
0.045779984444379807 0.025447499006986618 0.1889999955892563 255 243 249
0.04671354591846466 0.025716785341501236 0.19099999964237213 255 248 255
0.04740958660840988 0.025851428508758545 0.19200000166893005 255 248 255
0.04811033234000206 0.025986071676015854 0.19300000369548798 255 232 244
0.0488157793879509 0.026120714843273163 0.1940000057220459 228 203 215
0.04952592775225639 0.026255356147885323 0.19499999284744263 238 197 217
0.04998445138335228 0.026255356147885323 0.19499999284744263 237 196 216
0.05096033588051796 0.02652464248239994 0.19699999690055847 255 218 240
0.05168459191918373 0.02665928564965725 0.1979999989271164 255 235 255
0.052150171250104904 0.02665928564965725 0.1979999989271164 255 229 250
0.05288148298859596 0.02679392881691456 0.19900000095367432 255 223 244
0.05361749604344368 0.026928571984171867 0.20000000298023224 255 204 218
0.054358214139938354 0.027063213288784027 0.20100000500679016 230 177 191
0.006358978804200888 0.026439890265464783 0.19300000369548798 255 255 206
0.006812797859311104 0.026439890265464783 0.19300000369548798 255 255 206
0.007228965871036053 0.026302896440029144 0.19200000166893005 255 255 227
0.007640431635081768 0.026165902614593506 0.19099999964237213 255 255 228
0.008047194220125675 0.026028906926512718 0.1899999976158142 254 255 241
0.008449253626167774 0.02589191310107708 0.1889999955892563 254 255 241
0.008893667720258236 0.02589191310107708 0.1889999955892563 254 255 247
0.009288673289120197 0.02575491927564144 0.18799999356269836 254 255 247
0.00967897567898035 0.025617925450205803 0.18700000643730164 254 255 249
0.010118686594069004 0.025617925450205803 0.18700000643730164 254 255 249
0.010558397509157658 0.025617925450205803 0.18700000643730164 254 255 249
0.010939294472336769 0.025480929762125015 0.1860000044107437 254 255 249
0.011376653797924519 0.025480929762125015 0.1860000044107437 254 255 251
0.011814013123512268 0.025480929762125015 0.1860000044107437 254 255 251
0.012251372449100018 0.025480929762125015 0.1860000044107437 254 255 251
0.012620512396097183 0.025343935936689377 0.1850000023841858 254 255 251
0.013055521063506603 0.025343935936689377 0.1850000023841858 254 255 251
0.013490528799593449 0.025343935936689377 0.1850000023841858 254 255 251
0.013925536535680294 0.025343935936689377 0.1850000023841858 254 255 251
0.014282919466495514 0.02520694211125374 0.18400000035762787 254 255 251
0.01471557654440403 0.02520694211125374 0.18400000035762787 254 255 251
0.015065905638039112 0.0250699482858181 0.18299999833106995 254 255 251
0.01549621019512415 0.0250699482858181 0.18299999833106995 254 255 251
0.01592651568353176 0.0250699482858181 0.18299999833106995 254 255 251
0.0162674393504858 0.024932952597737312 0.18199999630451202 254 255 251
0.01669539324939251 0.024932952597737312 0.18199999630451202 254 255 251
0.017123347148299217 0.024932952597737312 0.18199999630451202 254 255 251
0.017551301047205925 0.024932952597737312 0.18199999630451202 254 255 251
0.017979254946112633 0.024932952597737312 0.18199999630451202 254 255 251
0.01830606907606125 0.024795958772301674 0.1809999942779541 254 255 251
0.018731672316789627 0.024795958772301674 0.1809999942779541 254 255 251
0.019157273694872856 0.024795958772301674 0.1809999942779541 254 255 251
0.019474683329463005 0.024658964946866035 0.18000000715255737 254 255 251
0.019897934049367905 0.024658964946866035 0.18000000715255737 254 255 251
0.020321184769272804 0.024658964946866035 0.18000000715255737 254 255 251
0.020744435489177704 0.024658964946866035 0.18000000715255737 254 255 251
0.021167688071727753 0.024658964946866035 0.18000000715255737 254 255 251
0.021470988169312477 0.024521971121430397 0.17900000512599945 254 255 251
0.021891888231039047 0.024521971121430397 0.17900000512599945 254 255 251
0.022312788292765617 0.024521971121430397 0.17900000512599945 246 247 243
0.02273368649184704 0.024521971121430397 0.17900000512599945 252 253 249
0.02315458655357361 0.024521971121430397 0.17900000512599945 254 255 251
0.02357548661530018 0.024521971121430397 0.17900000512599945 254 255 251
0.02399638667702675 0.024521971121430397 0.17900000512599945 254 255 251
0.02441728487610817 0.024521971121430397 0.17900000512599945 254 255 251
0.02483818493783474 0.024521971121430397 0.17900000512599945 254 255 251
0.02525908499956131 0.024521971121430397 0.17900000512599945 254 255 251
0.02567998319864273 0.024521971121430397 0.17900000512599945 254 255 251
0.0261008832603693 0.024521971121430397 0.17900000512599945 254 255 249
0.026669949293136597 0.024658964946866035 0.18000000715255737 254 255 249
0.027093200013041496 0.024658964946866035 0.18000000715255737 254 255 247
0.027516450732946396 0.024658964946866035 0.18000000715255737 249 251 242
0.028094923123717308 0.024795958772301674 0.1809999942779541 250 251 242
0.028520524501800537 0.024795958772301674 0.1809999942779541 255 255 247
0.028946127742528915 0.024795958772301674 0.1809999942779541 254 255 247
0.029371729120612144 0.024795958772301674 0.1809999942779541 254 255 247
0.029797332361340523 0.024795958772301674 0.1809999942779541 254 255 249
0.030222933739423752 0.024795958772301674 0.1809999942779541 254 255 249
0.03064853698015213 0.024795958772301674 0.1809999942779541 254 255 249
0.03107413835823536 0.024795958772301674 0.1809999942779541 254 255 249
0.03149973973631859 0.024795958772301674 0.1809999942779541 254 255 251
0.03192534297704697 0.024795958772301674 0.1809999942779541 254 255 251
0.03252968192100525 0.024932952597737312 0.18199999630451202 254 255 251
0.03295763581991196 0.024932952597737312 0.18199999630451202 254 255 251
0.033385589718818665 0.024932952597737312 0.18199999630451202 253 255 244
0.033813539892435074 0.024932952597737312 0.18199999630451202 249 251 240
0.03405335545539856 0.024795958772301674 0.1809999942779541 253 255 244
0.03447895869612694 0.024795958772301674 0.1809999942779541 254 255 245
0.03490455821156502 0.024795958772301674 0.1809999942779541 254 255 247
0.035330161452293396 0.024795958772301674 0.1809999942779541 254 255 247
0.035755764693021774 0.024795958772301674 0.1809999942779541 254 255 249
0.03638126328587532 0.024932952597737312 0.18199999630451202 254 255 249
0.03680921718478203 0.024932952597737312 0.18199999630451202 254 255 249
0.037237171083688736 0.024932952597737312 0.18199999630451202 254 255 249
0.037665124982595444 0.024932952597737312 0.18199999630451202 254 255 249
0.038302380591630936 0.0250699482858181 0.18299999833106995 254 255 249
0.03873268514871597 0.0250699482858181 0.18299999833106995 253 248 244
0.03937699645757675 0.02520694211125374 0.18400000035762787 240 235 231
0.03980965539813042 0.02520694211125374 0.18400000035762787 237 228 223
0.040461018681526184 0.025343935936689377 0.1850000023841858 255 252 247
0.04089602455496788 0.025343935936689377 0.1850000023841858 255 254 249
0.041331034153699875 0.025343935936689377 0.1850000023841858 255 254 249
0.04176604375243187 0.025343935936689377 0.1850000023841858 254 255 249
0.04242916405200958 0.025480929762125015 0.1860000044107437 254 255 249
0.04286652430891991 0.025480929762125015 0.1860000044107437 254 255 251
0.043536700308322906 0.025617925450205803 0.18700000643730164 254 255 251
0.04397641122341156 0.025617925450205803 0.18700000643730164 255 253 251
0.044416118413209915 0.025617925450205803 0.18700000643730164 250 245 243
0.04509570077061653 0.02575491927564144 0.18799999356269836 222 206 211
0.045779984444379807 0.02589191310107708 0.1889999955892563 243 227 232
0.04646897315979004 0.026028906926512718 0.1899999976158142 252 229 237
0.04716266319155693 0.026165902614593506 0.19099999964237213 255 237 245
0.04786105453968048 0.026302896440029144 0.19200000166893005 255 241 251
0.04856415092945099 0.026439890265464783 0.19300000369548798 230 205 215
0.049271948635578156 0.02657688409090042 0.1940000057220459 235 195 212
0.04998445138335228 0.02671387791633606 0.19499999284744263 238 198 215
0.05070165544748306 0.026850873604416847 0.19599999487400055 255 215 240
0.051423560827970505 0.026987867429852486 0.19699999690055847 253 205 230
0.052150171250104904 0.027124861255288124 0.1979999989271164 255 223 249
0.05288148298859596 0.027261855080723763 0.19900000095367432 255 220 246
0.05361749604344368 0.02739885076880455 0.20000000298023224 255 209 228
0.054358214139938354 0.02753584459424019 0.20100000500679016 240 183 202
0.006358978804200888 0.02689370885491371 0.19300000369548798 255 255 194
0.006777498405426741 0.026754364371299744 0.19200000166893005 255 255 195
0.007228965871036053 0.026754364371299744 0.19200000166893005 253 252 210
0.007640431635081768 0.026615018025040627 0.19099999964237213 251 250 208
0.008047194220125675 0.02647567167878151 0.1899999976158142 253 255 237
0.008449253626167774 0.02633632719516754 0.1889999955892563 255 255 239
0.008893667720258236 0.02633632719516754 0.1889999955892563 254 255 247
0.009288673289120197 0.026196980848908424 0.18799999356269836 254 255 247
0.00967897567898035 0.026057634502649307 0.18700000643730164 254 255 249
0.010118686594069004 0.026057634502649307 0.18700000643730164 254 255 249
0.010558397509157658 0.026057634502649307 0.18700000643730164 254 255 249
0.010939294472336769 0.02591829001903534 0.1860000044107437 254 255 249
0.011376653797924519 0.02591829001903534 0.1860000044107437 254 255 251
0.011814013123512268 0.02591829001903534 0.1860000044107437 254 255 251
0.012251372449100018 0.02591829001903534 0.1860000044107437 254 255 251
0.012688731774687767 0.02591829001903534 0.1860000044107437 254 255 251
0.013055521063506603 0.025778943672776222 0.1850000023841858 254 255 251
0.013490528799593449 0.025778943672776222 0.1850000023841858 254 255 251
0.013925536535680294 0.025778943672776222 0.1850000023841858 254 255 251
0.014282919466495514 0.025639599189162254 0.18400000035762787 254 255 251
0.01471557654440403 0.025639599189162254 0.18400000035762787 254 255 251
0.015065905638039112 0.025500252842903137 0.18299999833106995 254 255 251
0.01549621019512415 0.025500252842903137 0.18299999833106995 254 255 251
0.01592651568353176 0.025500252842903137 0.18299999833106995 254 255 251
0.0162674393504858 0.02536090649664402 0.18199999630451202 254 255 251
0.01669539324939251 0.02536090649664402 0.18199999630451202 254 255 251
0.017123347148299217 0.02536090649664402 0.18199999630451202 254 255 251
0.017551301047205925 0.02536090649664402 0.18199999630451202 254 255 251
0.017979254946112633 0.02536090649664402 0.18199999630451202 254 255 251
0.01830606907606125 0.025221562013030052 0.1809999942779541 254 255 251
0.018731672316789627 0.025221562013030052 0.1809999942779541 254 255 251
0.019157273694872856 0.025221562013030052 0.1809999942779541 254 255 251
0.019474683329463005 0.025082215666770935 0.18000000715255737 254 255 251
0.019897934049367905 0.025082215666770935 0.18000000715255737 254 255 251
0.020321184769272804 0.025082215666770935 0.18000000715255737 254 255 251
0.020744435489177704 0.025082215666770935 0.18000000715255737 254 255 251
0.021167688071727753 0.025082215666770935 0.18000000715255737 254 255 251
0.021470988169312477 0.024942871183156967 0.17900000512599945 254 255 251
0.021891888231039047 0.024942871183156967 0.17900000512599945 254 255 249
0.022312788292765617 0.024942871183156967 0.17900000512599945 224 225 219
0.02273368649184704 0.024942871183156967 0.17900000512599945 249 251 242
0.02315458655357361 0.024942871183156967 0.17900000512599945 254 255 247
0.02357548661530018 0.024942871183156967 0.17900000512599945 254 255 249
0.02399638667702675 0.024942871183156967 0.17900000512599945 254 255 249
0.02441728487610817 0.024942871183156967 0.17900000512599945 254 255 249
0.02483818493783474 0.024942871183156967 0.17900000512599945 254 255 249
0.02525908499956131 0.024942871183156967 0.17900000512599945 254 255 249
0.02567998319864273 0.024942871183156967 0.17900000512599945 254 255 249
0.0261008832603693 0.024942871183156967 0.17900000512599945 254 255 249
0.026669949293136597 0.025082215666770935 0.18000000715255737 254 255 249
0.027093200013041496 0.025082215666770935 0.18000000715255737 251 252 241
0.027516450732946396 0.025082215666770935 0.18000000715255737 234 235 224
0.027939701452851295 0.025082215666770935 0.18000000715255737 239 235 224
0.028362954035401344 0.025082215666770935 0.18000000715255737 251 247 236
0.028946127742528915 0.025221562013030052 0.1809999942779541 254 255 245
0.029371729120612144 0.025221562013030052 0.1809999942779541 254 255 245
0.029797332361340523 0.025221562013030052 0.1809999942779541 254 255 249
0.030222933739423752 0.025221562013030052 0.1809999942779541 254 255 249
0.03064853698015213 0.025221562013030052 0.1809999942779541 254 255 249
0.03107413835823536 0.025221562013030052 0.1809999942779541 254 255 249
0.03149973973631859 0.025221562013030052 0.1809999942779541 254 255 251
0.03192534297704697 0.025221562013030052 0.1809999942779541 254 255 251
0.032350946217775345 0.025221562013030052 0.1809999942779541 254 255 249
0.03295763581991196 0.02536090649664402 0.18199999630451202 254 255 249
0.033385589718818665 0.02536090649664402 0.18199999630451202 240 238 226
0.033813539892435074 0.02536090649664402 0.18199999630451202 239 237 225
0.03405335545539856 0.025221562013030052 0.1809999942779541 254 255 240
0.03447895869612694 0.025221562013030052 0.1809999942779541 254 255 240
0.03490455821156502 0.025221562013030052 0.1809999942779541 254 255 245
0.035330161452293396 0.025221562013030052 0.1809999942779541 254 255 245
0.035755764693021774 0.025221562013030052 0.1809999942779541 254 255 249
0.03638126328587532 0.02536090649664402 0.18199999630451202 254 255 249
0.03680921718478203 0.02536090649664402 0.18199999630451202 254 255 249
0.037237171083688736 0.02536090649664402 0.18199999630451202 254 255 249
0.037665124982595444 0.02536090649664402 0.18199999630451202 254 255 249
0.038302380591630936 0.025500252842903137 0.18299999833106995 254 255 249
0.03873268514871597 0.025500252842903137 0.18299999833106995 255 252 247
0.03937699645757675 0.025639599189162254 0.18400000035762787 243 234 229
0.03980965539813042 0.025639599189162254 0.18400000035762787 232 221 216
0.040461018681526184 0.025778943672776222 0.1850000023841858 255 248 243
0.04089602455496788 0.025778943672776222 0.1850000023841858 255 254 249
0.041331034153699875 0.025778943672776222 0.1850000023841858 255 254 249
0.04176604375243187 0.025778943672776222 0.1850000023841858 254 255 249
0.04242916405200958 0.02591829001903534 0.1860000044107437 254 255 249
0.04286652430891991 0.02591829001903534 0.1860000044107437 254 255 251
0.043536700308322906 0.026057634502649307 0.18700000643730164 254 255 251
0.04397641122341156 0.026057634502649307 0.18700000643730164 248 245 242
0.044416118413209915 0.026057634502649307 0.18700000643730164 252 249 246
0.04509570077061653 0.026196980848908424 0.18799999356269836 218 201 203
0.045779984444379807 0.02633632719516754 0.1889999955892563 236 219 221
0.04646897315979004 0.02647567167878151 0.1899999976158142 245 221 225
0.04716266319155693 0.026615018025040627 0.19099999964237213 255 239 243
0.04786105453968048 0.026754364371299744 0.19200000166893005 255 237 248
0.04856415092945099 0.02689370885491371 0.19300000369548798 255 237 248
0.049271948635578156 0.02703305520117283 0.1940000057220459 243 203 220
0.04998445138335228 0.027172399684786797 0.19499999284744263 228 188 205
0.05070165544748306 0.027311746031045914 0.19599999487400055 255 206 227
0.051423560827970505 0.02745109237730503 0.19699999690055847 249 197 218
0.052150171250104904 0.027590436860919 0.1979999989271164 255 207 234
0.05261574685573578 0.027590436860919 0.1979999989271164 255 209 236
0.05334940925240517 0.027729783207178116 0.19900000095367432 255 207 228
0.05408777669072151 0.027869129553437233 0.20000000298023224 255 197 218
0.006358978804200888 0.02734752744436264 0.19300000369548798 255 255 186
0.006777498405426741 0.027205830439925194 0.19200000166893005 255 255 189
0.007191315293312073 0.027064133435487747 0.19099999964237213 246 242 192
0.007640431635081768 0.027064133435487747 0.19099999964237213 242 238 188
0.008047194220125675 0.0269224364310503 0.1899999976158142 254 255 234
0.008449253626167774 0.026780739426612854 0.1889999955892563 255 255 235
0.008893667720258236 0.026780739426612854 0.1889999955892563 254 255 245
0.009288673289120197 0.026639042422175407 0.18799999356269836 254 255 245
0.00967897567898035 0.02649734541773796 0.18700000643730164 254 255 249
0.010118686594069004 0.02649734541773796 0.18700000643730164 254 255 249
0.010558397509157658 0.02649734541773796 0.18700000643730164 254 255 249
0.010939294472336769 0.026355648413300514 0.1860000044107437 254 255 249
0.011376653797924519 0.026355648413300514 0.1860000044107437 254 255 251
0.011814013123512268 0.026355648413300514 0.1860000044107437 254 255 251
0.012251372449100018 0.026355648413300514 0.1860000044107437 254 255 251
0.012688731774687767 0.026355648413300514 0.1860000044107437 254 255 251
0.013126091100275517 0.026355648413300514 0.1860000044107437 254 255 251
0.013490528799593449 0.026213951408863068 0.1850000023841858 254 255 251
0.013925536535680294 0.026213951408863068 0.1850000023841858 254 255 251
0.014282919466495514 0.02607225440442562 0.18400000035762787 254 255 251
0.01471557654440403 0.02607225440442562 0.18400000035762787 254 255 251
0.015065905638039112 0.025930557399988174 0.18299999833106995 254 255 251
0.01549621019512415 0.025930557399988174 0.18299999833106995 254 255 251
0.01592651568353176 0.025930557399988174 0.18299999833106995 254 255 251
0.0162674393504858 0.025788860395550728 0.18199999630451202 254 255 249
0.01669539324939251 0.025788860395550728 0.18199999630451202 253 254 248
0.017123347148299217 0.025788860395550728 0.18199999630451202 252 253 247
0.017551301047205925 0.025788860395550728 0.18199999630451202 251 252 246
0.017979254946112633 0.025788860395550728 0.18199999630451202 254 255 249
0.01840720698237419 0.025788860395550728 0.18199999630451202 254 255 249
0.018731672316789627 0.02564716339111328 0.1809999942779541 254 255 249
0.019157273694872856 0.02564716339111328 0.1809999942779541 254 255 249
0.019474683329463005 0.025505466386675835 0.18000000715255737 254 255 251
0.019897934049367905 0.025505466386675835 0.18000000715255737 254 255 251
0.020321184769272804 0.025505466386675835 0.18000000715255737 254 255 251
0.020744435489177704 0.025505466386675835 0.18000000715255737 254 255 251
0.021167688071727753 0.025505466386675835 0.18000000715255737 254 255 249
0.021470988169312477 0.025363769382238388 0.17900000512599945 254 255 249
0.021891888231039047 0.025363769382238388 0.17900000512599945 255 253 241
0.022312788292765617 0.025363769382238388 0.17900000512599945 205 203 191
0.02273368649184704 0.025363769382238388 0.17900000512599945 236 238 220
0.02315458655357361 0.025363769382238388 0.17900000512599945 254 255 238
0.02357548661530018 0.025363769382238388 0.17900000512599945 254 255 241
0.02399638667702675 0.025363769382238388 0.17900000512599945 254 255 241
0.02441728487610817 0.025363769382238388 0.17900000512599945 254 255 245
0.02483818493783474 0.025363769382238388 0.17900000512599945 254 255 245
0.02525908499956131 0.025363769382238388 0.17900000512599945 254 255 245
0.02567998319864273 0.025363769382238388 0.17900000512599945 254 255 245
0.026246698573231697 0.025505466386675835 0.18000000715255737 254 255 245
0.026669949293136597 0.025505466386675835 0.18000000715255737 254 255 245
0.027093200013041496 0.025505466386675835 0.18000000715255737 255 255 240
0.027516450732946396 0.025505466386675835 0.18000000715255737 231 230 215
0.027939701452851295 0.025505466386675835 0.18000000715255737 228 221 204
0.028362954035401344 0.025505466386675835 0.18000000715255737 247 240 223
0.028786204755306244 0.025505466386675835 0.18000000715255737 255 255 243
0.029209455475211143 0.025505466386675835 0.18000000715255737 255 255 243
0.029632706195116043 0.025505466386675835 0.18000000715255737 254 255 245
0.030055956915020943 0.025505466386675835 0.18000000715255737 254 255 245
0.03064853698015213 0.02564716339111328 0.1809999942779541 254 255 249
0.03107413835823536 0.02564716339111328 0.1809999942779541 254 255 249
0.03149973973631859 0.02564716339111328 0.1809999942779541 254 255 249
0.03192534297704697 0.02564716339111328 0.1809999942779541 254 255 249
0.032350946217775345 0.02564716339111328 0.1809999942779541 255 255 249
0.03295763581991196 0.025788860395550728 0.18199999630451202 255 255 249
0.033385589718818665 0.025788860395550728 0.18199999630451202 234 228 215
0.033813539892435074 0.025788860395550728 0.18199999630451202 239 233 220
0.03405335545539856 0.02564716339111328 0.1809999942779541 255 254 232
0.03447895869612694 0.02564716339111328 0.1809999942779541 255 254 232
0.03490455821156502 0.02564716339111328 0.1809999942779541 254 255 243
0.035330161452293396 0.02564716339111328 0.1809999942779541 254 255 243
0.03595330938696861 0.025788860395550728 0.18199999630451202 254 255 249
0.03638126328587532 0.025788860395550728 0.18199999630451202 254 255 249
0.03680921718478203 0.025788860395550728 0.18199999630451202 254 255 249
0.037237171083688736 0.025788860395550728 0.18199999630451202 254 255 249
0.0378720760345459 0.025930557399988174 0.18299999833106995 254 255 249
0.038302380591630936 0.025930557399988174 0.18299999833106995 254 255 249
0.03873268514871597 0.025930557399988174 0.18299999833106995 247 238 233
0.03937699645757675 0.02607225440442562 0.18400000035762787 231 222 217
0.03980965539813042 0.02607225440442562 0.18400000035762787 237 218 214
0.040461018681526184 0.026213951408863068 0.1850000023841858 250 231 227
0.04089602455496788 0.026213951408863068 0.1850000023841858 250 242 239
0.041331034153699875 0.026213951408863068 0.1850000023841858 255 252 249
0.04176604375243187 0.026213951408863068 0.1850000023841858 254 255 249
0.04242916405200958 0.026355648413300514 0.1860000044107437 254 255 249
0.04286652430891991 0.026355648413300514 0.1860000044107437 254 255 251
0.04330388084053993 0.026355648413300514 0.1860000044107437 254 255 251
0.04397641122341156 0.02649734541773796 0.18700000643730164 255 253 248
0.044416118413209915 0.02649734541773796 0.18700000643730164 249 246 241
0.04509570077061653 0.026639042422175407 0.18799999356269836 218 197 196
0.045779984444379807 0.026780739426612854 0.1889999955892563 223 202 201
0.04646897315979004 0.0269224364310503 0.1899999976158142 245 219 217
0.04716266319155693 0.027064133435487747 0.19099999964237213 255 237 235
0.04786105453968048 0.027205830439925194 0.19200000166893005 255 233 239
0.04856415092945099 0.02734752744436264 0.19300000369548798 255 235 241
0.04901796951889992 0.02734752744436264 0.19300000369548798 254 212 226
0.049728117883205414 0.027489224448800087 0.1940000057220459 223 181 195
0.05044297128915787 0.027630923315882683 0.19499999284744263 244 187 206
0.05116252601146698 0.02777262032032013 0.19599999487400055 248 191 210
0.05188678577542305 0.027914317324757576 0.19699999690055847 251 189 212
0.05261574685573578 0.028056014329195023 0.1979999989271164 254 192 215
0.05334940925240517 0.02819771133363247 0.19900000095367432 255 197 221
0.05408777669072151 0.028339408338069916 0.20000000298023224 255 187 211
0.006777498405426741 0.027657298371195793 0.19200000166893005 255 254 186
0.008047194220125675 0.027369201183319092 0.1899999976158142 255 253 223
0.008449253626167774 0.027225153520703316 0.1889999955892563 255 255 227
0.008893667720258236 0.027225153520703316 0.1889999955892563 254 255 243
0.009288673289120197 0.02708110585808754 0.18799999356269836 254 255 243
0.00967897567898035 0.026937056332826614 0.18700000643730164 254 255 249
0.010118686594069004 0.026937056332826614 0.18700000643730164 254 255 249
0.01050193514674902 0.02679300867021084 0.1860000044107437 254 255 249
0.010939294472336769 0.02679300867021084 0.1860000044107437 254 255 249
0.011376653797924519 0.02679300867021084 0.1860000044107437 254 255 251
0.011814013123512268 0.02679300867021084 0.1860000044107437 254 255 251
0.012251372449100018 0.02679300867021084 0.1860000044107437 254 255 249
0.012688731774687767 0.02679300867021084 0.1860000044107437 250 251 245
0.013126091100275517 0.02679300867021084 0.1860000044107437 251 252 246
0.013490528799593449 0.026648959144949913 0.1850000023841858 254 255 249
0.013925536535680294 0.026648959144949913 0.1850000023841858 254 255 249
0.014282919466495514 0.026504911482334137 0.18400000035762787 254 255 249
0.01471557654440403 0.026504911482334137 0.18400000035762787 254 255 249
0.015065905638039112 0.02636086381971836 0.18299999833106995 254 255 249
0.01549621019512415 0.02636086381971836 0.18299999833106995 254 255 249
0.01592651568353176 0.02636086381971836 0.18299999833106995 254 255 249
0.0162674393504858 0.026216814294457436 0.18199999630451202 254 255 247
0.01669539324939251 0.026216814294457436 0.18199999630451202 253 255 246
0.017123347148299217 0.026216814294457436 0.18199999630451202 246 247 234
0.017551301047205925 0.026216814294457436 0.18199999630451202 212 213 200
0.017979254946112633 0.026216814294457436 0.18199999630451202 253 254 241
0.01840720698237419 0.026216814294457436 0.18199999630451202 255 255 243
0.018731672316789627 0.02607276663184166 0.1809999942779541 254 255 249
0.019157273694872856 0.02607276663184166 0.1809999942779541 254 255 249
0.019582876935601234 0.02607276663184166 0.1809999942779541 254 255 249
0.019897934049367905 0.025928717106580734 0.18000000715255737 254 255 249
0.020321184769272804 0.025928717106580734 0.18000000715255737 254 255 249
0.020744435489177704 0.025928717106580734 0.18000000715255737 254 255 249
0.021167688071727753 0.025928717106580734 0.18000000715255737 254 255 245
0.021590938791632652 0.025928717106580734 0.18000000715255737 254 255 245
0.022014189511537552 0.025928717106580734 0.18000000715255737 255 250 230
0.02243744023144245 0.025928717106580734 0.18000000715255737 188 183 163
0.02286069095134735 0.025928717106580734 0.18000000715255737 212 199 175
0.02328394167125225 0.025928717106580734 0.18000000715255737 255 253 229
0.02370719239115715 0.025928717106580734 0.18000000715255737 255 255 237
0.02413044311106205 0.025928717106580734 0.18000000715255737 255 255 237
0.02455369383096695 0.025928717106580734 0.18000000715255737 254 255 241
0.024976946413517 0.025928717106580734 0.18000000715255737 254 255 241
0.025400197133421898 0.025928717106580734 0.18000000715255737 254 255 243
0.025823447853326797 0.025928717106580734 0.18000000715255737 254 255 243
0.026246698573231697 0.025928717106580734 0.18000000715255737 254 255 241
0.026669949293136597 0.025928717106580734 0.18000000715255737 253 255 240
0.027093200013041496 0.025928717106580734 0.18000000715255737 255 254 233
0.027516450732946396 0.025928717106580734 0.18000000715255737 232 223 202
0.027939701452851295 0.025928717106580734 0.18000000715255737 221 202 175
0.028362954035401344 0.025928717106580734 0.18000000715255737 246 227 200
0.028786204755306244 0.025928717106580734 0.18000000715255737 255 254 230
0.029209455475211143 0.025928717106580734 0.18000000715255737 255 255 231
0.029632706195116043 0.025928717106580734 0.18000000715255737 254 255 241
0.030055956915020943 0.025928717106580734 0.18000000715255737 254 255 241
0.03064853698015213 0.02607276663184166 0.1809999942779541 254 255 247
0.03107413835823536 0.02607276663184166 0.1809999942779541 254 255 247
0.03149973973631859 0.02607276663184166 0.1809999942779541 254 255 247
0.03192534297704697 0.02607276663184166 0.1809999942779541 254 255 247
0.032350946217775345 0.02607276663184166 0.1809999942779541 255 248 245
0.03295763581991196 0.026216814294457436 0.18199999630451202 255 247 244
0.033385589718818665 0.026216814294457436 0.18199999630451202 244 224 214
0.033813539892435074 0.026216814294457436 0.18199999630451202 238 218 208
0.03424149379134178 0.026216814294457436 0.18199999630451202 244 233 208
0.03466944769024849 0.026216814294457436 0.18199999630451202 255 254 229
0.0350974015891552 0.026216814294457436 0.18199999630451202 255 255 239
0.035525355488061905 0.026216814294457436 0.18199999630451202 255 255 239
0.03595330938696861 0.026216814294457436 0.18199999630451202 254 255 247
0.03638126328587532 0.026216814294457436 0.18199999630451202 254 255 247
0.03680921718478203 0.026216814294457436 0.18199999630451202 254 255 249
0.037237171083688736 0.026216814294457436 0.18199999630451202 254 255 249
0.0378720760345459 0.02636086381971836 0.18299999833106995 254 255 249
0.038302380591630936 0.02636086381971836 0.18299999833106995 252 253 247
0.038944341242313385 0.026504911482334137 0.18400000035762787 244 230 224
0.03937699645757675 0.026504911482334137 0.18400000035762787 236 222 216
0.03980965539813042 0.026504911482334137 0.18400000035762787 237 216 211
0.040461018681526184 0.026648959144949913 0.1850000023841858 253 232 227
0.04089602455496788 0.026648959144949913 0.1850000023841858 255 248 245
0.041331034153699875 0.026648959144949913 0.1850000023841858 255 250 247
0.04176604375243187 0.026648959144949913 0.1850000023841858 255 255 249
0.04242916405200958 0.02679300867021084 0.1860000044107437 255 255 249
0.04286652430891991 0.02679300867021084 0.1860000044107437 254 255 251
0.04330388084053993 0.02679300867021084 0.1860000044107437 254 255 251
0.04397641122341156 0.026937056332826614 0.18700000643730164 255 253 247
0.044416118413209915 0.026937056332826614 0.18700000643730164 255 249 243
0.04509570077061653 0.02708110585808754 0.18799999356269836 222 196 192
0.045779984444379807 0.027225153520703316 0.1889999955892563 228 202 198
0.04646897315979004 0.027369201183319092 0.1899999976158142 255 229 226
0.04691573604941368 0.027369201183319092 0.1899999976158142 255 239 236
0.0476117804646492 0.027513250708580017 0.19099999964237213 255 232 234
0.04831252247095108 0.027657298371195793 0.19200000166893005 255 220 222
0.04901796951889992 0.02780134789645672 0.19300000369548798 255 213 224
0.049728117883205414 0.027945395559072495 0.1940000057220459 226 177 188
0.05044297128915787 0.02808944508433342 0.19499999284744263 240 173 187
0.05116252601146698 0.028233492746949196 0.19599999487400055 255 193 207
0.051623400300741196 0.028233492746949196 0.19599999487400055 255 189 206
0.008047194220125675 0.027815967798233032 0.1899999976158142 242 222 186
0.008449253626167774 0.027669567614793777 0.1889999955892563 255 252 216
0.00884661078453064 0.027523167431354523 0.18799999356269836 255 255 233
0.009288673289120197 0.027523167431354523 0.18799999356269836 255 255 233
0.00967897567898035 0.027376767247915268 0.18700000643730164 254 255 243
0.010118686594069004 0.027376767247915268 0.18700000643730164 254 255 243
0.01050193514674902 0.027230367064476013 0.1860000044107437 254 255 245
0.010939294472336769 0.027230367064476013 0.1860000044107437 254 255 245
0.011376653797924519 0.027230367064476013 0.1860000044107437 254 255 243
0.011814013123512268 0.027230367064476013 0.1860000044107437 254 255 243
0.012251372449100018 0.027230367064476013 0.1860000044107437 255 255 236
0.012688731774687767 0.027230367064476013 0.1860000044107437 248 246 227
0.013055521063506603 0.027083968743681908 0.1850000023841858 244 246 228
0.013490528799593449 0.027083968743681908 0.1850000023841858 255 255 239
0.013925536535680294 0.027083968743681908 0.1850000023841858 254 255 243
0.014282919466495514 0.026937568560242653 0.18400000035762787 254 255 243
0.01471557654440403 0.026937568560242653 0.18400000035762787 250 255 245
0.015065905638039112 0.026791168376803398 0.18299999833106995 250 255 245
0.01549621019512415 0.026791168376803398 0.18299999833106995 250 255 245
0.01592651568353176 0.026791168376803398 0.18299999833106995 250 255 245
0.0162674393504858 0.026644768193364143 0.18199999630451202 254 255 239
0.01669539324939251 0.026644768193364143 0.18199999630451202 254 255 239
0.017123347148299217 0.026644768193364143 0.18199999630451202 255 247 221
0.017551301047205925 0.026644768193364143 0.18199999630451202 201 193 167
0.017979254946112633 0.026644768193364143 0.18199999630451202 255 252 225
0.01840720698237419 0.026644768193364143 0.18199999630451202 255 255 229
0.018731672316789627 0.02649836800992489 0.1809999942779541 254 255 237
0.019157273694872856 0.02649836800992489 0.1809999942779541 254 255 237
0.019582876935601234 0.02649836800992489 0.1809999942779541 252 255 243
0.019897934049367905 0.026351967826485634 0.18000000715255737 252 255 243
0.020321184769272804 0.026351967826485634 0.18000000715255737 252 255 243
0.020744435489177704 0.026351967826485634 0.18000000715255737 252 255 243
0.021167688071727753 0.026351967826485634 0.18000000715255737 255 255 235
0.021590938791632652 0.026351967826485634 0.18000000715255737 255 255 235
0.022014189511537552 0.026351967826485634 0.18000000715255737 255 245 218
0.02243744023144245 0.026351967826485634 0.18000000715255737 191 174 147
0.02286069095134735 0.026351967826485634 0.18000000715255737 198 173 139
0.02328394167125225 0.026351967826485634 0.18000000715255737 255 251 217
0.02370719239115715 0.026351967826485634 0.18000000715255737 255 255 224
0.02413044311106205 0.026351967826485634 0.18000000715255737 255 255 224
0.02455369383096695 0.026351967826485634 0.18000000715255737 254 255 232
0.024976946413517 0.026351967826485634 0.18000000715255737 254 255 232
0.025400197133421898 0.026351967826485634 0.18000000715255737 254 255 232
0.025823447853326797 0.026351967826485634 0.18000000715255737 254 255 232
0.026246698573231697 0.026351967826485634 0.18000000715255737 255 254 232
0.026669949293136597 0.026351967826485634 0.18000000715255737 255 255 233
0.027093200013041496 0.026351967826485634 0.18000000715255737 255 248 223
0.027516450732946396 0.026351967826485634 0.18000000715255737 226 207 182
0.027939701452851295 0.026351967826485634 0.18000000715255737 217 180 150
0.028362954035401344 0.026351967826485634 0.18000000715255737 240 203 173
0.028786204755306244 0.026351967826485634 0.18000000715255737 255 248 214
0.029209455475211143 0.026351967826485634 0.18000000715255737 255 253 219
0.029632706195116043 0.026351967826485634 0.18000000715255737 255 255 231
0.030055956915020943 0.026351967826485634 0.18000000715255737 255 255 231
0.03064853698015213 0.02649836800992489 0.1809999942779541 255 255 239
0.03107413835823536 0.02649836800992489 0.1809999942779541 255 255 239
0.03149973973631859 0.02649836800992489 0.1809999942779541 255 255 245
0.03192534297704697 0.02649836800992489 0.1809999942779541 255 255 245
0.032350946217775345 0.02649836800992489 0.1809999942779541 248 232 227
0.03277654945850372 0.02649836800992489 0.1809999942779541 247 231 226
0.033385589718818665 0.026644768193364143 0.18199999630451202 226 192 182
0.033813539892435074 0.026644768193364143 0.18199999630451202 227 193 183
0.03424149379134178 0.026644768193364143 0.18199999630451202 244 217 193
0.03466944769024849 0.026644768193364143 0.18199999630451202 255 248 224
0.0350974015891552 0.026644768193364143 0.18199999630451202 255 255 230
0.035525355488061905 0.026644768193364143 0.18199999630451202 255 255 231
0.03595330938696861 0.026644768193364143 0.18199999630451202 254 255 237
0.03638126328587532 0.026644768193364143 0.18199999630451202 254 255 237
0.03680921718478203 0.026644768193364143 0.18199999630451202 254 255 243
0.03744177147746086 0.026791168376803398 0.18299999833106995 254 255 243
0.0378720760345459 0.026791168376803398 0.18299999833106995 255 255 245
0.038302380591630936 0.026791168376803398 0.18299999833106995 250 248 238
0.038944341242313385 0.026937568560242653 0.18400000035762787 246 226 216
0.03937699645757675 0.026937568560242653 0.18400000035762787 244 224 214
0.03980965539813042 0.026937568560242653 0.18400000035762787 242 215 207
0.040461018681526184 0.027083968743681908 0.1850000023841858 246 219 211
0.04089602455496788 0.027083968743681908 0.1850000023841858 249 223 221
0.041331034153699875 0.027083968743681908 0.1850000023841858 255 239 237
0.04176604375243187 0.027083968743681908 0.1850000023841858 255 251 249
0.04242916405200958 0.027230367064476013 0.1860000044107437 255 251 249
0.04286652430891991 0.027230367064476013 0.1860000044107437 255 253 249
0.04330388084053993 0.027230367064476013 0.1860000044107437 255 253 249
0.04397641122341156 0.027376767247915268 0.18700000643730164 255 249 247
0.044416118413209915 0.027376767247915268 0.18700000643730164 255 239 237
0.04509570077061653 0.027523167431354523 0.18799999356269836 231 189 188
0.045779984444379807 0.027669567614793777 0.1889999955892563 239 197 196
0.04646897315979004 0.027815967798233032 0.1899999976158142 255 213 214
0.04691573604941368 0.027815967798233032 0.1899999976158142 255 212 213
0.0476117804646492 0.027962366119027138 0.19099999964237213 255 228 230
0.04831252247095108 0.028108766302466393 0.19200000166893005 255 222 224
0.04876399040222168 0.028108766302466393 0.19200000166893005 255 204 215
0.049471788108348846 0.028255166485905647 0.19300000369548798 242 173 184
0.008449253626167774 0.02811397984623909 0.1889999955892563 255 243 202
0.00884661078453064 0.027965229004621506 0.18799999356269836 255 253 221
0.009288673289120197 0.027965229004621506 0.18799999356269836 255 253 221
0.00967897567898035 0.02781647816300392 0.18700000643730164 255 255 231
0.010118686594069004 0.02781647816300392 0.18700000643730164 255 255 231
0.01050193514674902 0.027667727321386337 0.1860000044107437 255 255 231
0.010939294472336769 0.027667727321386337 0.1860000044107437 255 255 231
0.011376653797924519 0.027667727321386337 0.1860000044107437 255 253 227
0.011814013123512268 0.027667727321386337 0.1860000044107437 255 249 223
0.012251372449100018 0.027667727321386337 0.1860000044107437 255 233 201
0.012620512396097183 0.027518976479768753 0.1850000023841858 251 228 196
0.013055521063506603 0.027518976479768753 0.1850000023841858 255 251 222
0.013490528799593449 0.027518976479768753 0.1850000023841858 255 252 223
0.013925536535680294 0.027518976479768753 0.1850000023841858 255 255 229
0.014282919466495514 0.02737022377550602 0.18400000035762787 255 254 228
0.0146356001496315 0.027221472933888435 0.18299999833106995 255 255 233
0.015065905638039112 0.027221472933888435 0.18299999833106995 255 255 233
0.01549621019512415 0.027221472933888435 0.18299999833106995 255 254 234
0.015839485451579094 0.02707272209227085 0.18199999630451202 255 255 235
0.0162674393504858 0.02707272209227085 0.18199999630451202 255 253 225
0.01669539324939251 0.02707272209227085 0.18199999630451202 255 253 225
0.017123347148299217 0.02707272209227085 0.18199999630451202 255 234 195
0.017979254946112633 0.02707272209227085 0.18199999630451202 238 213 177
0.01840720698237419 0.02707272209227085 0.18199999630451202 255 249 213
0.018731672316789627 0.026923971250653267 0.1809999942779541 255 253 223
0.019157273694872856 0.026923971250653267 0.1809999942779541 255 252 222
0.019582876935601234 0.026923971250653267 0.1809999942779541 255 255 231
0.019897934049367905 0.026775220409035683 0.18000000715255737 255 255 231
0.020321184769272804 0.026775220409035683 0.18000000715255737 255 255 229
0.020744435489177704 0.026775220409035683 0.18000000715255737 255 255 229
0.021167688071727753 0.026775220409035683 0.18000000715255737 255 252 223
0.021590938791632652 0.026775220409035683 0.18000000715255737 255 252 223
0.022014189511537552 0.026775220409035683 0.18000000715255737 255 230 200
0.02328394167125225 0.026775220409035683 0.18000000715255737 255 237 198
0.02370719239115715 0.026775220409035683 0.18000000715255737 255 252 212
0.02413044311106205 0.026775220409035683 0.18000000715255737 255 253 213
0.02455369383096695 0.026775220409035683 0.18000000715255737 255 255 221
0.024976946413517 0.026775220409035683 0.18000000715255737 255 255 221
0.025400197133421898 0.026775220409035683 0.18000000715255737 255 253 223
0.025823447853326797 0.026775220409035683 0.18000000715255737 255 252 222
0.026246698573231697 0.026775220409035683 0.18000000715255737 255 245 218
0.026669949293136597 0.026775220409035683 0.18000000715255737 255 243 216
0.027093200013041496 0.026775220409035683 0.18000000715255737 255 230 209
0.028786204755306244 0.026775220409035683 0.18000000715255737 255 223 194
0.029209455475211143 0.026775220409035683 0.18000000715255737 255 242 213
0.029632706195116043 0.026775220409035683 0.18000000715255737 255 250 223
0.030055956915020943 0.026775220409035683 0.18000000715255737 255 250 223
0.03064853698015213 0.026923971250653267 0.1809999942779541 255 252 229
0.03107413835823536 0.026923971250653267 0.1809999942779541 255 252 229
0.03149973973631859 0.026923971250653267 0.1809999942779541 255 249 233
0.03192534297704697 0.026923971250653267 0.1809999942779541 255 249 233
0.032350946217775345 0.026923971250653267 0.1809999942779541 255 227 222
0.03277654945850372 0.026923971250653267 0.1809999942779541 255 219 214
0.03466944769024849 0.02707272209227085 0.18199999630451202 255 229 203
0.0350974015891552 0.02707272209227085 0.18199999630451202 255 248 221
0.035525355488061905 0.02707272209227085 0.18199999630451202 255 248 221
0.03595330938696861 0.02707272209227085 0.18199999630451202 255 252 227
0.03638126328587532 0.02707272209227085 0.18199999630451202 255 252 227
0.03680921718478203 0.02707272209227085 0.18199999630451202 255 252 231
0.037237171083688736 0.02707272209227085 0.18199999630451202 255 252 231
0.0378720760345459 0.027221472933888435 0.18299999833106995 255 248 231
0.038302380591630936 0.027221472933888435 0.18299999833106995 255 240 223
0.03873268514871597 0.027221472933888435 0.18299999833106995 255 230 223
0.03937699645757675 0.02737022377550602 0.18400000035762787 255 225 218
0.03980965539813042 0.02737022377550602 0.18400000035762787 255 213 208
0.040461018681526184 0.027518976479768753 0.1850000023841858 255 221 216
0.04089602455496788 0.027518976479768753 0.1850000023841858 255 226 226
0.041331034153699875 0.027518976479768753 0.1850000023841858 255 221 221
0.04176604375243187 0.027518976479768753 0.1850000023841858 255 238 241
0.04242916405200958 0.027667727321386337 0.1860000044107437 255 240 243
0.04286652430891991 0.027667727321386337 0.1860000044107437 255 242 245
0.04330388084053993 0.027667727321386337 0.1860000044107437 255 241 244
0.04397641122341156 0.02781647816300392 0.18700000643730164 255 231 239
0.044416118413209915 0.02781647816300392 0.18700000643730164 255 213 221
0.04622440040111542 0.02811397984623909 0.1889999955892563 255 196 205
0.04691573604941368 0.028262732550501823 0.1899999976158142 255 199 208
0.0476117804646492 0.028411483392119408 0.19099999964237213 255 192 201
0.04806089401245117 0.028411483392119408 0.19099999964237213 255 192 201
0.00884661078453064 0.02840729057788849 0.18799999356269836 255 238 191
0.009239264763891697 0.028256189078092575 0.18700000643730164 255 234 187
0.00967897567898035 0.028256189078092575 0.18700000643730164 255 243 202
0.01006457582116127 0.028105085715651512 0.1860000044107437 255 242 201
0.01050193514674902 0.028105085715651512 0.1860000044107437 255 240 201
0.010939294472336769 0.028105085715651512 0.1860000044107437 255 240 201
0.011315489187836647 0.0279539842158556 0.1850000023841858 255 225 188
0.013055521063506603 0.0279539842158556 0.1850000023841858 255 226 186
0.013490528799593449 0.0279539842158556 0.1850000023841858 255 235 195
0.013850263319909573 0.027802880853414536 0.18400000035762787 255 240 203
0.014282919466495514 0.027802880853414536 0.18400000035762787 255 240 203
0.0146356001496315 0.027651777490973473 0.18299999833106995 255 238 209
0.015065905638039112 0.027651777490973473 0.18299999833106995 255 238 209
0.01549621019512415 0.027651777490973473 0.18299999833106995 255 238 209
0.015839485451579094 0.02750067599117756 0.18199999630451202 255 239 210
0.0162674393504858 0.02750067599117756 0.18199999630451202 255 235 203
0.01669539324939251 0.02750067599117756 0.18199999630451202 255 230 198
0.01830606907606125 0.027349572628736496 0.1809999942779541 255 233 196
0.018731672316789627 0.027349572628736496 0.1809999942779541 255 239 200
0.019157273694872856 0.027349572628736496 0.1809999942779541 255 239 200
0.019582876935601234 0.027349572628736496 0.1809999942779541 255 240 204
0.020008478313684464 0.027349572628736496 0.1809999942779541 255 239 203
0.020321184769272804 0.027198471128940582 0.18000000715255737 255 240 204
0.020744435489177704 0.027198471128940582 0.18000000715255737 255 240 204
0.021167688071727753 0.027198471128940582 0.18000000715255737 255 237 200
0.021590938791632652 0.027198471128940582 0.18000000715255737 255 229 192
0.02370719239115715 0.027198471128940582 0.18000000715255737 255 235 195
0.02413044311106205 0.027198471128940582 0.18000000715255737 255 236 196
0.02455369383096695 0.027198471128940582 0.18000000715255737 255 237 199
0.024976946413517 0.027198471128940582 0.18000000715255737 255 233 195
0.025400197133421898 0.027198471128940582 0.18000000715255737 255 234 199
0.025823447853326797 0.027198471128940582 0.18000000715255737 255 236 201
0.026246698573231697 0.027198471128940582 0.18000000715255737 255 217 190
0.029209455475211143 0.027198471128940582 0.18000000715255737 255 204 188
0.029632706195116043 0.027198471128940582 0.18000000715255737 255 227 205
0.030055956915020943 0.027198471128940582 0.18000000715255737 255 228 206
0.030479207634925842 0.027198471128940582 0.18000000715255737 255 231 208
0.03107413835823536 0.027349572628736496 0.1809999942779541 255 231 208
0.03149973973631859 0.027349572628736496 0.1809999942779541 255 225 204
0.03192534297704697 0.027349572628736496 0.1809999942779541 255 217 196
0.032350946217775345 0.027349572628736496 0.1809999942779541 255 202 189
0.03277654945850372 0.027349572628736496 0.1809999942779541 255 201 188
0.03490455821156502 0.027349572628736496 0.1809999942779541 255 214 187
0.035525355488061905 0.02750067599117756 0.18199999630451202 255 217 190
0.03595330938696861 0.02750067599117756 0.18199999630451202 255 222 192
0.03638126328587532 0.02750067599117756 0.18199999630451202 255 227 197
0.03680921718478203 0.02750067599117756 0.18199999630451202 255 224 195
0.037237171083688736 0.02750067599117756 0.18199999630451202 255 216 187
