-0.0069558992981910706 0.002178820315748453 0.14800000190734863 189 201 203
-0.007303905673325062 0.0025268266908824444 0.14800000190734863 187 207 204
-0.007600210141390562 0.0028554084710776806 0.1469999998807907 228 242 231
-0.007945865392684937 0.0032010632567107677 0.1469999998807907 244 255 248
-0.008291520178318024 0.0035467182751744986 0.1469999998807907 245 253 240
-0.00863717496395111 0.0035467182751744986 0.1469999998807907 159 185 159
-0.008982829749584198 0.0035467182751744986 0.1469999998807907 191 217 191
-0.009328484535217285 0.0035467182751744986 0.1469999998807907 194 229 202
-0.009674139320850372 0.0032010632567107677 0.1469999998807907 189 220 206
-0.01001979410648346 0.0028554084710776806 0.1469999998807907 185 210 203
-0.010365449823439121 0.0028554084710776806 0.1469999998807907 177 202 195
-0.010711104609072208 0.0028554084710776806 0.1469999998807907 184 207 203
-0.011056759394705296 0.0028554084710776806 0.1469999998807907 182 205 201
-0.011402414180338383 0.0028554084710776806 0.1469999998807907 187 207 204
-0.011668150313198566 0.0028359838761389256 0.1459999978542328 190 210 207
-0.01201145350933075 0.0031792873051017523 0.1459999978542328 212 231 221
-0.012354757636785507 0.0031792873051017523 0.1459999978542328 208 227 217
-0.01269806083291769 0.0031792873051017523 0.1459999978542328 202 213 209
-0.012952039949595928 0.0034984636586159468 0.14499999582767487 232 244 234
-0.013292992487549782 0.0034984636586159468 0.14499999582767487 229 234 241
-0.013539916835725307 0.0038129370659589767 0.14399999380111694 217 217 217
-0.013878517784178257 0.004151537548750639 0.14399999380111694 190 191 182
-0.014217118732631207 0.004151537548750639 0.14399999380111694 197 198 189
-0.014555719681084156 0.0044901384972035885 0.14399999380111694 247 248 242
-0.014790887013077736 0.004458956886082888 0.14300000667572021 249 250 244
-0.015127136372029781 0.004458956886082888 0.14300000667572021 239 250 250
-0.015463385730981827 0.004458956886082888 0.14300000667572021 236 247 247
-0.015799636021256447 0.004458956886082888 0.14300000667572021 228 242 246
-0.016135884448885918 0.004795206245034933 0.14300000667572021 247 255 255
-0.016472134739160538 0.004795206245034933 0.14300000667572021 245 255 255
-0.016690842807292938 0.0047616735100746155 0.1420000046491623 239 252 251
-0.01702474057674408 0.005095571279525757 0.1420000046491623 247 255 254
-0.01735863834619522 0.005095571279525757 0.1420000046491623 247 255 254
-0.017692536115646362 0.005095571279525757 0.1420000046491623 247 255 254
-0.018026433885097504 0.0054294695146381855 0.1420000046491623 248 255 250
-0.018360331654548645 0.0054294695146381855 0.1420000046491623 196 203 195
-0.018694229423999786 0.0054294695146381855 0.1420000046491623 220 227 219
-0.019028127193450928 0.0054294695146381855 0.1420000046491623 251 254 253
-0.01936202682554722 0.0054294695146381855 0.1420000046491623 252 255 254
-0.01969592459499836 0.0054294695146381855 0.1420000046491623 250 255 255
-0.0200298223644495 0.005095571279525757 0.1420000046491623 237 237 237
-0.020363720133900642 0.0054294695146381855 0.1420000046491623 247 255 255
-0.020697617903351784 0.0054294695146381855 0.1420000046491623 247 255 255
-0.020883405581116676 0.00539123360067606 0.14100000262260437 246 255 253
-0.021214952692389488 0.00539123360067606 0.14100000262260437 244 255 251
-0.0215464998036623 0.005722780246287584 0.14100000262260437 247 255 254
-0.021878046914935112 0.005722780246287584 0.14100000262260437 247 255 254
-0.022209592163562775 0.005722780246287584 0.14100000262260437 247 255 255
-0.022541139274835587 0.006054326891899109 0.14100000262260437 249 255 254
-0.0228726863861084 0.006054326891899109 0.14100000262260437 246 255 255
-0.02320423163473606 0.006054326891899109 0.14100000262260437 239 251 253
-0.023535778746008873 0.006054326891899109 0.14100000262260437 152 159 165
-0.023867325857281685 0.006054326891899109 0.14100000262260437 160 167 173
-0.024198872968554497 0.006054326891899109 0.14100000262260437 231 238 232
-0.02453041821718216 0.006054326891899109 0.14100000262260437 247 254 248
-0.02486196532845497 0.006054326891899109 0.14100000262260437 244 255 253
-0.025193512439727783 0.006054326891899109 0.14100000262260437 244 255 253
-0.025706086307764053 0.006097265053540468 0.1420000046491623 236 255 253
-0.026039985939860344 0.006097265053540468 0.1420000046491623 232 252 249
-0.026373883709311485 0.006431163288652897 0.1420000046491623 246 255 255
-0.026707781478762627 0.006431163288652897 0.1420000046491623 246 255 255
-0.027041679248213768 0.006431163288652897 0.1420000046491623 244 255 255
-0.02737557701766491 0.006431163288652897 0.1420000046491623 233 247 249
-0.027904611080884933 0.006812702398747206 0.14300000667572021 247 255 255
-0.028577109798789024 0.007485201116651297 0.14300000667572021 214 215 202
-0.029115552082657814 0.007876145653426647 0.14399999380111694 221 223 210
-0.030808554962277412 0.007876145653426647 0.14399999380111694 251 255 244
-0.031147155910730362 0.007537545170634985 0.14399999380111694 235 234 219
-0.031704407185316086 0.007589889224618673 0.14499999582767487 225 233 222
-0.032045360654592514 0.007589889224618673 0.14499999582767487 216 224 213
-0.032386310398578644 0.00793084129691124 0.14499999582767487 246 255 248
-0.032386310398578644 0.008271793834865093 0.14499999582767487 249 255 250
-0.032045360654592514 0.00793084129691124 0.14499999582767487 250 255 249
-0.031704407185316086 0.007589889224618673 0.14499999582767487 225 233 222
-0.031147155910730362 0.007537545170634985 0.14399999380111694 235 234 219
-0.030808554962277412 0.007876145653426647 0.14399999380111694 251 255 244
-0.029115552082657814 0.007876145653426647 0.14399999380111694 221 223 210
-0.028577109798789024 0.00782145094126463 0.14300000667572021 243 245 232
-0.028240861371159554 0.007485201116651297 0.14300000667572021 252 255 254
-0.027904611080884933 0.007148951757699251 0.14300000667572021 252 255 254
-0.02737557701766491 0.006765061058104038 0.1420000046491623 249 255 254
-0.027041679248213768 0.006431163288652897 0.1420000046491623 244 255 255
-0.026707781478762627 0.006431163288652897 0.1420000046491623 246 255 255
-0.026373883709311485 0.006431163288652897 0.1420000046491623 246 255 255
-0.026039985939860344 0.006097265053540468 0.1420000046491623 232 252 249
-0.025706086307764053 0.006097265053540468 0.1420000046491623 236 255 253
-0.025193512439727783 0.006054326891899109 0.14100000262260437 244 255 253
-0.02486196532845497 0.006054326891899109 0.14100000262260437 244 255 253
-0.02453041821718216 0.006054326891899109 0.14100000262260437 247 254 248
-0.024198872968554497 0.006054326891899109 0.14100000262260437 231 238 232
-0.023867325857281685 0.006054326891899109 0.14100000262260437 160 167 173
-0.023535778746008873 0.006054326891899109 0.14100000262260437 152 159 165
-0.02320423163473606 0.006054326891899109 0.14100000262260437 239 251 253
-0.0228726863861084 0.006054326891899109 0.14100000262260437 246 255 255
-0.022541139274835587 0.006054326891899109 0.14100000262260437 249 255 254
-0.022209592163562775 0.005722780246287584 0.14100000262260437 247 255 255
-0.021878046914935112 0.005722780246287584 0.14100000262260437 247 255 254
-0.0215464998036623 0.005722780246287584 0.14100000262260437 247 255 254
-0.021214952692389488 0.00539123360067606 0.14100000262260437 244 255 251
-0.020883405581116676 0.00539123360067606 0.14100000262260437 246 255 253
-0.020697617903351784 0.0054294695146381855 0.1420000046491623 247 255 255
-0.020363720133900642 0.0054294695146381855 0.1420000046491623 247 255 255
-0.0200298223644495 0.005095571279525757 0.1420000046491623 237 237 237
-0.01969592459499836 0.0054294695146381855 0.1420000046491623 250 255 255
-0.01936202682554722 0.0054294695146381855 0.1420000046491623 252 255 254
-0.019028127193450928 0.0054294695146381855 0.1420000046491623 251 254 253
-0.018694229423999786 0.0054294695146381855 0.1420000046491623 220 227 219
-0.018360331654548645 0.0054294695146381855 0.1420000046491623 196 203 195
-0.018026433885097504 0.0054294695146381855 0.1420000046491623 248 255 250
-0.017692536115646362 0.0054294695146381855 0.1420000046491623 249 255 251
-0.01735863834619522 0.005095571279525757 0.1420000046491623 247 255 254
-0.01702474057674408 0.005095571279525757 0.1420000046491623 247 255 254
-0.016690842807292938 0.0047616735100746155 0.1420000046491623 239 252 251
-0.016472134739160538 0.004795206245034933 0.14300000667572021 245 255 255
-0.016135884448885918 0.004795206245034933 0.14300000667572021 247 255 255
-0.015799636021256447 0.004458956886082888 0.14300000667572021 228 242 246
-0.015463385730981827 0.004458956886082888 0.14300000667572021 236 247 247
-0.015127136372029781 0.004458956886082888 0.14300000667572021 239 250 250
-0.014790887013077736 0.004458956886082888 0.14300000667572021 249 250 244
-0.014555719681084156 0.0044901384972035885 0.14399999380111694 247 248 242
-0.014217118732631207 0.004151537548750639 0.14399999380111694 197 198 189
-0.013878517784178257 0.004151537548750639 0.14399999380111694 190 191 182
-0.013539916835725307 0.004151537548750639 0.14399999380111694 224 229 219
-0.013292992487549782 0.003839415730908513 0.14499999582767487 251 251 251
-0.012952039949595928 0.0034984636586159468 0.14499999582767487 232 244 234
-0.01269806083291769 0.0031792873051017523 0.1459999978542328 202 213 209
-0.012354757636785507 0.0031792873051017523 0.1459999978542328 208 227 217
-0.01201145350933075 0.0031792873051017523 0.1459999978542328 212 231 221
-0.011668150313198566 0.0028359838761389256 0.1459999978542328 190 210 207
-0.011402414180338383 0.0028554084710776806 0.1469999998807907 187 207 204
-0.011056759394705296 0.0028554084710776806 0.1469999998807907 182 205 201
-0.010711104609072208 0.0028554084710776806 0.1469999998807907 184 207 203
-0.010365449823439121 0.0028554084710776806 0.1469999998807907 177 202 195
-0.01001979410648346 0.0032010632567107677 0.1469999998807907 193 221 208
-0.009674139320850372 0.0035467182751744986 0.1469999998807907 188 223 196
-0.009328484535217285 0.0035467182751744986 0.1469999998807907 194 229 202
-0.008982829749584198 0.0035467182751744986 0.1469999998807907 191 217 191
-0.00863717496395111 0.0035467182751744986 0.1469999998807907 159 185 159
-0.008291520178318024 0.0035467182751744986 0.1469999998807907 245 253 240
-0.007945865392684937 0.0035467182751744986 0.1469999998807907 250 255 245
-0.007600210141390562 0.0032010632567107677 0.1469999998807907 249 255 247
-0.007254555355757475 0.0028554084710776806 0.1469999998807907 225 239 228
-0.0069558992981910706 0.0025268266908824444 0.14800000190734863 195 209 200
-0.006607893388718367 0.002178820315748453 0.14800000190734863 185 197 199
-0.005563874263316393 0.002178820315748453 0.14800000190734863 170 185 180
-0.005251110065728426 0.0021935421973466873 0.14900000393390656 168 183 178
-0.004900752566754818 0.0025438996963202953 0.14900000393390656 152 171 161
-0.00455039506778121 0.002894257428124547 0.14900000393390656 173 197 183
-0.003901352873072028 0.002933106618002057 0.1509999930858612 152 168 157
-0.00455039506778121 0.0025438996963202953 0.14900000393390656 166 185 175
-0.004900752566754818 0.0021935421973466873 0.14900000393390656 164 182 176
-0.005251110065728426 0.0021935421973466873 0.14900000393390656 168 183 178
-0.008608967997133732 0.0028328136540949345 0.2290000021457672 171 186 183
