3.6556830309564248e-06 0.0009814498480409384 0.12800000607967377 203 206 185
-0.00029732275288552046 0.0012824282748624682 0.12800000607967377 202 208 191
-0.0005983011797070503 0.001583406701683998 0.12800000607967377 196 193 163
-0.0008992796065285802 0.001583406701683998 0.12800000607967377 172 170 149
-0.00120025803335011 0.001583406701683998 0.12800000607967377 186 184 163
-0.00150123646017164 0.001884385128505528 0.12800000607967377 228 228 195
-0.0018022150034084916 0.001884385128505528 0.12800000607967377 226 226 193
-0.0021031934302300215 0.001884385128505528 0.12800000607967377 227 228 201
-0.002385389292612672 0.0015710362931713462 0.12700000405311584 214 214 190
-0.0026840162463486195 0.0015710362931713462 0.12700000405311584 214 214 192
-0.0029826434329152107 0.0015710362931713462 0.12700000405311584 211 211 189
-0.0032812703866511583 0.0018696633633226156 0.12700000405311584 249 248 231
-0.003579897340387106 0.0018696633633226156 0.12700000405311584 250 249 232
-0.003878524526953697 0.0018696633633226156 0.12700000405311584 249 251 238
-0.0041771517135202885 0.0018696633633226156 0.12700000405311584 246 248 235
-0.004440536256879568 0.0018549415981397033 0.12600000202655792 243 247 242
-0.004736811853945255 0.0021512173116207123 0.12600000202655792 254 255 247
-0.0050330874510109425 0.0021512173116207123 0.12600000202655792 252 253 240
-0.00532936304807663 0.0021512173116207123 0.12600000202655792 229 230 217
-0.005625638645142317 0.0021512173116207123 0.12600000202655792 193 192 175
-0.005921914242208004 0.0021512173116207123 0.12600000202655792 248 247 230
-0.0062181903049349785 0.0018549415981397033 0.12600000202655792 234 235 224
-0.006514465902000666 0.0018549415981397033 0.12600000202655792 253 254 243
-0.006810741499066353 0.0018549415981397033 0.12600000202655792 252 255 245
-0.015647223219275475 0.001884385128505528 0.12800000607967377 249 255 255
-0.0158236064016819 0.002168290549889207 0.12700000405311584 254 255 249
-0.01624917984008789 0.0024863420985639095 0.12800000607967377 249 250 244
-0.016550159081816673 0.0024863420985639095 0.12800000607967377 185 185 165
-0.016851136460900307 0.0024863420985639095 0.12800000607967377 183 183 163
-0.01715211570262909 0.0024863420985639095 0.12800000607967377 219 222 197
-0.017453093081712723 0.0024863420985639095 0.12800000607967377 231 234 209
-0.017754072323441505 0.0024863420985639095 0.12800000607967377 252 255 237
-0.017754072323441505 0.0024863420985639095 0.12800000607967377 252 255 237
-0.017453093081712723 0.0024863420985639095 0.12800000607967377 231 234 209
-0.01715211570262909 0.0024863420985639095 0.12800000607967377 219 222 197
-0.016851136460900307 0.0024863420985639095 0.12800000607967377 183 183 163
-0.016550159081816673 0.0024863420985639095 0.12800000607967377 185 185 165
-0.01624917984008789 0.0024863420985639095 0.12800000607967377 249 250 244
-0.0158236064016819 0.0024669175036251545 0.12700000405311584 253 254 248
-0.015524979680776596 0.002168290549889207 0.12700000405311584 252 255 254
-0.015346244908869267 0.001884385128505528 0.12800000607967377 248 255 255
-0.006810741499066353 0.0018549415981397033 0.12600000202655792 252 255 245
-0.006514465902000666 0.0018549415981397033 0.12600000202655792 253 254 243
-0.0062181903049349785 0.0021512173116207123 0.12600000202655792 254 255 247
-0.005921914242208004 0.0021512173116207123 0.12600000202655792 248 247 230
-0.005625638645142317 0.0021512173116207123 0.12600000202655792 193 192 175
-0.00532936304807663 0.0021512173116207123 0.12600000202655792 229 230 217
-0.0050330874510109425 0.0021512173116207123 0.12600000202655792 252 253 240
-0.004736811853945255 0.0021512173116207123 0.12600000202655792 254 255 247
-0.004440536256879568 0.0018549415981397033 0.12600000202655792 243 247 242
-0.0041771517135202885 0.0018696633633226156 0.12700000405311584 246 248 235
-0.003878524526953697 0.0018696633633226156 0.12700000405311584 249 251 238
-0.003579897340387106 0.0018696633633226156 0.12700000405311584 250 249 232
-0.0032812703866511583 0.0018696633633226156 0.12700000405311584 249 248 231
-0.0029826434329152107 0.0015710362931713462 0.12700000405311584 211 211 189
-0.0026840162463486195 0.0015710362931713462 0.12700000405311584 214 214 192
-0.002385389292612672 0.0015710362931713462 0.12700000405311584 214 214 190
-0.0021031934302300215 0.001884385128505528 0.12800000607967377 227 228 201
-0.0018022150034084916 0.001884385128505528 0.12800000607967377 226 226 193
-0.00150123646017164 0.001884385128505528 0.12800000607967377 228 228 195
-0.00120025803335011 0.001583406701683998 0.12800000607967377 186 184 163
-0.0008992796065285802 0.001583406701683998 0.12800000607967377 172 170 149
-0.0005983011797070503 0.001583406701683998 0.12800000607967377 196 193 163
-0.00029732275288552046 0.001583406701683998 0.12800000607967377 207 204 174
3.6556830309564248e-06 0.0012824282748624682 0.12800000607967377 234 236 204
0.00030463412986136973 0.0009814498480409384 0.12800000607967377 204 207 186
0.0030605250503867865 0.0009967850055545568 0.12999999523162842 183 172 149
0.003366206306964159 0.0013024662621319294 0.12999999523162842 187 177 149
0.003366206306964159 0.0016081474022939801 0.12999999523162842 192 182 154
0.00370013271458447 0.001620517810806632 0.13099999725818634 164 148 125
0.004008165560662746 0.001620517810806632 0.13099999725818634 144 128 105
0.004316198173910379 0.001928550424054265 0.13099999725818634 216 199 172
0.004624230787158012 0.002236583037301898 0.13099999725818634 255 250 219
0.004624230787158012 0.002544615650549531 0.13099999725818634 255 255 221
0.004624230787158012 0.002852648263797164 0.13099999725818634 255 255 222
0.004624230787158012 0.002544615650549531 0.13099999725818634 255 255 221
0.004624230787158012 0.002236583037301898 0.13099999725818634 255 250 219
0.004932263400405645 0.001928550424054265 0.13099999725818634 255 251 226
0.005240296013653278 0.001620517810806632 0.13099999725818634 232 209 188
0.005548328626900911 0.001620517810806632 0.13099999725818634 227 212 184
0.005240296013653278 0.001312485197558999 0.13099999725818634 229 201 182
0.005240296013653278 0.001312485197558999 0.13099999725818634 229 201 182
0.004932263400405645 0.001620517810806632 0.13099999725818634 240 217 196
0.004624230787158012 0.001928550424054265 0.13099999725818634 248 231 204
0.004316198173910379 0.001928550424054265 0.13099999725818634 216 199 172
0.004008165560662746 0.001620517810806632 0.13099999725818634 144 128 105
0.00370013271458447 0.001620517810806632 0.13099999725818634 164 148 125
0.003366206306964159 0.0013024662621319294 0.12999999523162842 187 177 149
