-0.026802636682987213 0.013204813934862614 0.11400000005960464 232 204 185
-0.02653457783162594 0.013204813934862614 0.11400000005960464 255 246 227
-0.026266518980264664 0.013204813934862614 0.11400000005960464 255 252 237
-0.02599846012890339 0.013204813934862614 0.11400000005960464 255 250 235
-0.025730401277542114 0.013204813934862614 0.11400000005960464 255 242 231
-0.02546234242618084 0.013204813934862614 0.11400000005960464 247 229 218
-0.025194283574819565 0.013204813934862614 0.11400000005960464 245 217 200
-0.02492622472345829 0.013204813934862614 0.11400000005960464 237 209 192
-0.024658165872097015 0.013472872786223888 0.11400000005960464 255 237 212
-0.02439010702073574 0.013472872786223888 0.11400000005960464 252 233 208
-0.024122046306729317 0.013472872786223888 0.11400000005960464 238 208 176
-0.023113327100872993 0.01388610526919365 0.11299999803304672 255 247 215
-0.022847620770335197 0.01415181253105402 0.11299999803304672 251 237 202
-0.02238207310438156 0.014289931394159794 0.1120000034570694 255 255 230
-0.022118717432022095 0.014289931394159794 0.1120000034570694 241 226 189
-0.02185535989701748 0.014289931394159794 0.1120000034570694 211 196 159
-0.021784789860248566 0.01441751979291439 0.11299999803304672 255 228 200
-0.02151908166706562 0.01441751979291439 0.11299999803304672 255 233 205
-0.021253375336527824 0.01441751979291439 0.11299999803304672 255 231 207
-0.02098766714334488 0.01441751979291439 0.11299999803304672 255 228 204
-0.020721960812807083 0.01441751979291439 0.11299999803304672 243 208 182
-0.020456252619624138 0.01441751979291439 0.11299999803304672 241 206 180
-0.020190544426441193 0.014683227986097336 0.11299999803304672 255 245 220
-0.019924838095903397 0.014683227986097336 0.11299999803304672 255 242 217
-0.01965912990272045 0.014683227986097336 0.11299999803304672 255 232 207
-0.019393421709537506 0.014683227986097336 0.11299999803304672 228 204 179
-0.01912771537899971 0.014683227986097336 0.11299999803304672 239 207 183
-0.018862007185816765 0.014683227986097336 0.11299999803304672 234 202 178
-0.01859629899263382 0.014683227986097336 0.11299999803304672 227 187 163
-0.018330592662096024 0.014683227986097336 0.11299999803304672 224 184 160
-0.01806488446891308 0.014948935247957706 0.11299999803304672 236 200 177
-0.017799176275730133 0.014948935247957706 0.11299999803304672 215 179 156
-0.017533469945192337 0.015214642509818077 0.11299999803304672 246 222 197
-0.017267761752009392 0.015480350703001022 0.11299999803304672 237 229 205
-0.017002055421471596 0.015480350703001022 0.11299999803304672 220 198 174
-0.01673634722828865 0.015480350703001022 0.11299999803304672 176 154 130
-0.016470639035105705 0.015480350703001022 0.11299999803304672 244 216 199
-0.01620493270456791 0.015480350703001022 0.11299999803304672 242 214 197
-0.015939224511384964 0.015480350703001022 0.11299999803304672 246 214 192
-0.01567351631820202 0.015480350703001022 0.11299999803304672 232 200 178
-0.015407809056341648 0.015480350703001022 0.11299999803304672 226 185 164
-0.015142101794481277 0.015480350703001022 0.11299999803304672 231 190 169
-0.014876394532620907 0.015480350703001022 0.11299999803304672 233 194 172
-0.014739984646439552 0.01561734452843666 0.11400000005960464 229 190 168
-0.014471925795078278 0.01561734452843666 0.11400000005960464 229 194 166
-0.014203866943717003 0.01561734452843666 0.11400000005960464 222 187 159
-0.013935808092355728 0.01561734452843666 0.11400000005960464 214 180 149
-0.013667749240994453 0.01561734452843666 0.11400000005960464 220 186 155
-0.013399690389633179 0.01561734452843666 0.11400000005960464 205 172 143
-0.013131631538271904 0.01561734452843666 0.11400000005960464 201 168 139
-0.01286357268691063 0.01561734452843666 0.11400000005960464 200 169 140
-0.012595513835549355 0.01561734452843666 0.11400000005960464 197 166 137
-0.01232745498418808 0.01561734452843666 0.11400000005960464 193 160 133
-0.01205939520150423 0.01561734452843666 0.11400000005960464 191 158 131
-0.011791336350142956 0.01561734452843666 0.11400000005960464 180 147 118
-0.011523277498781681 0.015885403379797935 0.11400000005960464 218 192 161
-0.011353949084877968 0.0157543383538723 0.11500000208616257 255 240 206
-0.011353949084877968 0.015483928844332695 0.11500000208616257 245 210 182
-0.011083538644015789 0.015213518403470516 0.11500000208616257 229 186 161
-0.01081312820315361 0.014943107962608337 0.11500000208616257 201 168 141
-0.010542717762291431 0.014943107962608337 0.11500000208616257 202 169 142
-0.010272307321429253 0.014672697521746159 0.11500000208616257 196 162 138
-0.010001896880567074 0.014672697521746159 0.11500000208616257 196 162 138
-0.00973148737102747 0.014672697521746159 0.11500000208616257 190 163 139
-0.00946107693016529 0.014672697521746159 0.11500000208616257 189 162 138
-0.009190666489303112 0.014672697521746159 0.11500000208616257 186 162 137
-0.008920256048440933 0.014672697521746159 0.11500000208616257 185 161 136
-0.007149599026888609 0.016028327867388725 0.11699999868869781 204 177 153
-0.006874485872685909 0.015753213316202164 0.11699999868869781 152 125 101
-0.006599373184144497 0.016028327867388725 0.11699999868869781 193 161 137
-0.006324260029941797 0.016303440555930138 0.11699999868869781 254 227 201
-0.006324260029941797 0.01657855324447155 0.11699999868869781 255 248 222
-0.006324260029941797 0.016853665933012962 0.11699999868869781 255 253 225
-0.006599373184144497 0.017128780484199524 0.11699999868869781 255 253 225
-0.006874485872685909 0.017128780484199524 0.11699999868869781 231 213 181
-0.006599373184144497 0.017128780484199524 0.11699999868869781 255 253 225
-0.006324260029941797 0.017128780484199524 0.11699999868869781 255 254 226
-0.006324260029941797 0.016853665933012962 0.11699999868869781 255 253 225
-0.006324260029941797 0.01657855324447155 0.11699999868869781 255 248 222
-0.006049146875739098 0.016303440555930138 0.11699999868869781 255 234 204
-0.006049146875739098 0.016028327867388725 0.11699999868869781 234 197 165
-0.005774033721536398 0.015753213316202164 0.11699999868869781 222 180 150
-0.005545919761061668 0.015887856483459473 0.11800000071525574 208 171 137
-0.005268455483019352 0.015610392205417156 0.11800000071525574 202 163 132
-0.004990990739315748 0.01533292792737484 0.11800000071525574 186 160 131
-0.004990990739315748 0.01533292792737484 0.11800000071525574 186 160 131
-0.005268455483019352 0.015610392205417156 0.11800000071525574 202 163 132
-0.005545919761061668 0.015887856483459473 0.11800000071525574 208 171 137
-0.005774033721536398 0.015753213316202164 0.11699999868869781 222 180 150
-0.006049146875739098 0.016028327867388725 0.11699999868869781 234 197 165
-0.006324260029941797 0.016028327867388725 0.11699999868869781 242 210 186
-0.006599373184144497 0.016028327867388725 0.11699999868869781 193 161 137
-0.006874485872685909 0.015753213316202164 0.11699999868869781 152 125 101
-0.008920256048440933 0.014672697521746159 0.11500000208616257 185 161 136
-0.009190666489303112 0.014672697521746159 0.11500000208616257 186 162 137
-0.00946107693016529 0.014672697521746159 0.11500000208616257 189 162 138
-0.00973148737102747 0.014672697521746159 0.11500000208616257 190 163 139
-0.010001896880567074 0.014672697521746159 0.11500000208616257 196 162 138
-0.010272307321429253 0.014672697521746159 0.11500000208616257 196 162 138
-0.010542717762291431 0.014943107962608337 0.11500000208616257 202 169 142
-0.01081312820315361 0.014943107962608337 0.11500000208616257 201 168 141
-0.011083538644015789 0.014943107962608337 0.11500000208616257 213 170 147
-0.011353949084877968 0.015213518403470516 0.11500000208616257 232 189 164
-0.011353949084877968 0.015483928844332695 0.11500000208616257 245 210 182
-0.011624359525740147 0.0157543383538723 0.11500000208616257 214 181 152
-0.011791336350142956 0.01561734452843666 0.11400000005960464 180 147 118
-0.01205939520150423 0.01561734452843666 0.11400000005960464 191 158 131
-0.01232745498418808 0.01561734452843666 0.11400000005960464 193 160 133
-0.012595513835549355 0.01561734452843666 0.11400000005960464 197 166 137
-0.01286357268691063 0.01561734452843666 0.11400000005960464 200 169 140
-0.013131631538271904 0.01561734452843666 0.11400000005960464 201 168 139
-0.013399690389633179 0.01561734452843666 0.11400000005960464 205 172 143
-0.013667749240994453 0.01561734452843666 0.11400000005960464 220 186 155
-0.013935808092355728 0.01561734452843666 0.11400000005960464 214 180 149
-0.014203866943717003 0.01561734452843666 0.11400000005960464 222 187 159
-0.014471925795078278 0.01561734452843666 0.11400000005960464 229 194 166
-0.014739984646439552 0.01561734452843666 0.11400000005960464 229 190 168
-0.014876394532620907 0.015480350703001022 0.11299999803304672 233 194 172
-0.015142101794481277 0.015480350703001022 0.11299999803304672 231 190 169
-0.015407809056341648 0.015480350703001022 0.11299999803304672 226 185 164
-0.01567351631820202 0.015480350703001022 0.11299999803304672 232 200 178
-0.015939224511384964 0.015480350703001022 0.11299999803304672 246 214 192
-0.01620493270456791 0.015480350703001022 0.11299999803304672 242 214 197
-0.016470639035105705 0.015480350703001022 0.11299999803304672 244 216 199
-0.01673634722828865 0.015480350703001022 0.11299999803304672 176 154 130
-0.017002055421471596 0.015480350703001022 0.11299999803304672 220 198 174
-0.017267761752009392 0.015214642509818077 0.11299999803304672 217 193 168
-0.017533469945192337 0.014948935247957706 0.11299999803304672 213 173 149
-0.017799176275730133 0.014948935247957706 0.11299999803304672 215 179 156
-0.01806488446891308 0.014948935247957706 0.11299999803304672 236 200 177
-0.018330592662096024 0.014683227986097336 0.11299999803304672 224 184 160
-0.01859629899263382 0.014683227986097336 0.11299999803304672 227 187 163
-0.018862007185816765 0.014683227986097336 0.11299999803304672 234 202 178
-0.01912771537899971 0.014683227986097336 0.11299999803304672 239 207 183
-0.019393421709537506 0.014683227986097336 0.11299999803304672 228 204 179
-0.01965912990272045 0.014683227986097336 0.11299999803304672 255 232 207
-0.019924838095903397 0.014683227986097336 0.11299999803304672 255 242 217
-0.020190544426441193 0.014683227986097336 0.11299999803304672 255 245 220
-0.020456252619624138 0.01441751979291439 0.11299999803304672 241 206 180
-0.020721960812807083 0.01441751979291439 0.11299999803304672 243 208 182
-0.02098766714334488 0.01441751979291439 0.11299999803304672 255 228 204
-0.021253375336527824 0.01441751979291439 0.11299999803304672 255 231 207
-0.02151908166706562 0.01441751979291439 0.11299999803304672 255 233 205
-0.021784789860248566 0.01441751979291439 0.11299999803304672 255 228 200
-0.02185535989701748 0.014289931394159794 0.1120000034570694 211 196 159
-0.022118717432022095 0.014289931394159794 0.1120000034570694 241 226 189
-0.022581912577152252 0.01415181253105402 0.11299999803304672 237 223 188
-0.024122046306729317 0.013472872786223888 0.11400000005960464 238 208 176
-0.02439010702073574 0.013472872786223888 0.11400000005960464 252 233 208
-0.024658165872097015 0.013472872786223888 0.11400000005960464 255 237 212
-0.02492622472345829 0.013204813934862614 0.11400000005960464 237 209 192
-0.025194283574819565 0.013204813934862614 0.11400000005960464 245 217 200
-0.02546234242618084 0.013204813934862614 0.11400000005960464 247 229 218
-0.025730401277542114 0.013204813934862614 0.11400000005960464 255 242 231
-0.02599846012890339 0.013204813934862614 0.11400000005960464 255 250 235
-0.026266518980264664 0.013204813934862614 0.11400000005960464 255 252 237
-0.02653457783162594 0.013204813934862614 0.11400000005960464 255 246 227
-0.026802636682987213 0.013204813934862614 0.11400000005960464 232 204 185
