0.06454523652791977 0.004895804915577173 0.1459999978542328 255 248 238
0.06488853693008423 0.004895804915577173 0.1459999978542328 255 249 239
0.06523183733224869 0.004895804915577173 0.1459999978542328 255 253 241
0.06580790132284164 0.004862272180616856 0.14499999582767487 255 232 229
0.06893520057201385 0.004795206245034933 0.14300000667572021 255 236 226
0.06927145272493362 0.004795206245034933 0.14300000667572021 255 245 237
0.0696076974272728 0.004795206245034933 0.14300000667572021 255 244 236
0.06994394958019257 0.004795206245034933 0.14300000667572021 255 246 242
0.07028020173311234 0.004795206245034933 0.14300000667572021 255 248 244
0.07061644643545151 0.004795206245034933 0.14300000667572021 255 246 245
0.07095269858837128 0.004795206245034933 0.14300000667572021 255 241 240
0.07079042494297028 0.0047616735100746155 0.1420000046491623 242 224 230
0.07112432271242142 0.0047616735100746155 0.1420000046491623 226 208 214
0.07095499336719513 0.0047281403094530106 0.14100000262260437 218 198 199
0.07128653675317764 0.0047281403094530106 0.14100000262260437 207 187 188
0.06420192867517471 0.005239108577370644 0.1459999978542328 255 252 236
0.06454523652791977 0.005239108577370644 0.1459999978542328 255 255 245
0.06488853693008423 0.005239108577370644 0.1459999978542328 255 255 245
0.06523183733224869 0.005239108577370644 0.1459999978542328 255 255 247
0.06557514518499374 0.005239108577370644 0.1459999978542328 255 255 247
0.06546695530414581 0.005203224252909422 0.14499999582767487 255 253 249
0.06580790132284164 0.005203224252909422 0.14499999582767487 255 253 249
0.06569265574216843 0.0051673399284482 0.14399999380111694 255 240 240
0.06603125482797623 0.0051673399284482 0.14399999380111694 236 210 210
0.06859894841909409 0.0051314556039869785 0.14300000667572021 255 249 232
0.06893520057201385 0.0051314556039869785 0.14300000667572021 255 250 233
0.06927145272493362 0.0051314556039869785 0.14300000667572021 255 254 243
0.0696076974272728 0.0051314556039869785 0.14300000667572021 255 254 243
0.06994394958019257 0.0051314556039869785 0.14300000667572021 255 255 247
0.07028020173311234 0.0051314556039869785 0.14300000667572021 255 255 247
0.07061644643545151 0.0051314556039869785 0.14300000667572021 255 254 249
0.07045652717351913 0.005095571279525757 0.1420000046491623 255 254 249
0.07079042494297028 0.005095571279525757 0.1420000046491623 255 253 250
0.07112432271242142 0.005095571279525757 0.1420000046491623 255 253 250
0.07095499336719513 0.005059686955064535 0.14100000262260437 255 253 249
0.07128653675317764 0.005059686955064535 0.14100000262260437 255 253 249
0.07111015170812607 0.0050238026306033134 0.14000000059604645 255 243 238
0.07143934816122055 0.0050238026306033134 0.14000000059604645 247 224 219
0.07374371588230133 0.0050238026306033134 0.14000000059604645 194 166 167
0.07407291233539581 0.0050238026306033134 0.14000000059604645 199 171 172
0.0744021087884903 0.0050238026306033134 0.14000000059604645 209 170 179
0.07473129779100418 0.0050238026306033134 0.14000000059604645 216 177 186
0.08187001943588257 0.004880265332758427 0.13600000739097595 255 241 229
0.08218980580568314 0.004880265332758427 0.13600000739097595 255 243 231
0.06464166939258575 0.0056206476874649525 0.1469999998807907 255 255 243
0.06454523652791977 0.005582412239164114 0.1459999978542328 254 255 249
0.06488853693008423 0.005582412239164114 0.1459999978542328 254 255 249
0.06523183733224869 0.005582412239164114 0.1459999978542328 254 255 249
0.06557514518499374 0.005582412239164114 0.1459999978542328 254 255 249
0.06546695530414581 0.005544176325201988 0.14499999582767487 254 255 249
0.06580790132284164 0.005544176325201988 0.14499999582767487 245 246 240
0.06569265574216843 0.00550594087690115 0.14399999380111694 240 230 228
0.06603125482797623 0.00550594087690115 0.14399999380111694 239 229 227
0.06636986136436462 0.00550594087690115 0.14399999380111694 254 231 230
0.06624520570039749 0.005467704962939024 0.14300000667572021 252 229 228
0.06826270371675491 0.005467704962939024 0.14300000667572021 255 242 226
0.06859894841909409 0.005467704962939024 0.14300000667572021 255 255 236
0.06893520057201385 0.005467704962939024 0.14300000667572021 255 255 237
0.06927145272493362 0.005467704962939024 0.14300000667572021 254 255 245
0.0696076974272728 0.005467704962939024 0.14300000667572021 254 255 245
0.06994394958019257 0.005467704962939024 0.14300000667572021 254 255 249
0.07028020173311234 0.005467704962939024 0.14300000667572021 254 255 249
0.07061644643545151 0.005467704962939024 0.14300000667572021 254 255 249
0.07045652717351913 0.0054294695146381855 0.1420000046491623 254 255 249
0.07079042494297028 0.0054294695146381855 0.1420000046491623 254 255 249
0.07112432271242142 0.0054294695146381855 0.1420000046491623 254 255 249
0.07095499336719513 0.00539123360067606 0.14100000262260437 254 255 249
0.07078096270561218 0.005352998152375221 0.14000000059604645 254 255 249
0.07111015170812607 0.005352998152375221 0.14000000059604645 255 249 249
0.07143934816122055 0.005352998152375221 0.14000000059604645 255 242 242
0.07308532297611237 0.005352998152375221 0.14000000059604645 255 247 237
0.07341451942920685 0.005352998152375221 0.14000000059604645 255 247 237
0.07374371588230133 0.005352998152375221 0.14000000059604645 255 248 245
0.07407291233539581 0.005352998152375221 0.14000000059604645 255 247 244
0.0744021087884903 0.005352998152375221 0.14000000059604645 255 232 244
0.07473129779100418 0.005352998152375221 0.14000000059604645 255 227 239
0.07506049424409866 0.005352998152375221 0.14000000059604645 255 221 235
0.07538969069719315 0.005352998152375221 0.14000000059604645 255 222 236
0.07571888715028763 0.005352998152375221 0.14000000059604645 255 222 228
0.07604808360338211 0.005352998152375221 0.14000000059604645 255 217 223
0.08187001943588257 0.0052000549621880054 0.13600000739097595 255 232 224
0.06395035982131958 0.005966302938759327 0.1469999998807907 255 253 239
0.06429601460695267 0.005966302938759327 0.1469999998807907 254 255 247
0.06523183733224869 0.005925715435296297 0.1459999978542328 254 255 249
0.06557514518499374 0.005925715435296297 0.1459999978542328 254 255 249
0.06546695530414581 0.0058851283974945545 0.14499999582767487 254 255 249
0.06580790132284164 0.0058851283974945545 0.14499999582767487 254 255 249
0.06614885479211807 0.0058851283974945545 0.14499999582767487 255 255 249
0.06603125482797623 0.005844541359692812 0.14399999380111694 255 255 249
0.06636986136436462 0.005844541359692812 0.14399999380111694 255 251 247
0.06624520570039749 0.005803954321891069 0.14300000667572021 255 252 248
0.06658145785331726 0.005803954321891069 0.14300000667572021 255 232 233
0.06745143979787827 0.005763367284089327 0.1420000046491623 255 240 226
0.0677853375673294 0.005763367284089327 0.1420000046491623 255 247 233
0.06811923533678055 0.005763367284089327 0.1420000046491623 255 255 241
0.06893520057201385 0.005803954321891069 0.14300000667572021 255 255 241
0.06927145272493362 0.005803954321891069 0.14300000667572021 254 255 249
0.0696076974272728 0.005803954321891069 0.14300000667572021 254 255 249
0.06994394958019257 0.005803954321891069 0.14300000667572021 254 255 249
0.07028020173311234 0.005803954321891069 0.14300000667572021 254 255 249
0.070122629404068 0.005763367284089327 0.1420000046491623 254 255 249
0.07045652717351913 0.005763367284089327 0.1420000046491623 254 255 249
0.07062344253063202 0.005722780246287584 0.14100000262260437 254 255 249
0.0704517662525177 0.005682193208485842 0.14000000059604645 254 255 249
0.07078096270561218 0.005682193208485842 0.14000000059604645 254 255 249
0.07060222327709198 0.005641606170684099 0.13899999856948853 255 250 249
0.07092906534671783 0.005641606170684099 0.13899999856948853 255 241 240
0.07223644107580185 0.005641606170684099 0.13899999856948853 255 232 224
0.0725632905960083 0.005641606170684099 0.13899999856948853 255 252 241
0.07289013266563416 0.005641606170684099 0.13899999856948853 255 252 241
0.07321697473526001 0.005641606170684099 0.13899999856948853 255 250 249
0.09478866308927536 0.005641606170684099 0.13899999856948853 180 142 142
0.09511550515890121 0.005641606170684099 0.13899999856948853 172 134 134
0.06368938088417053 0.006354896351695061 0.14800000190734863 255 241 227
0.06403739005327225 0.006354896351695061 0.14800000190734863 255 255 239
0.06395035982131958 0.006311957724392414 0.1469999998807907 255 255 239
0.06429601460695267 0.006311957724392414 0.1469999998807907 254 255 249
0.06523183733224869 0.0062690190970897675 0.1459999978542328 254 255 249
0.06557514518499374 0.0062690190970897675 0.1459999978542328 254 255 249
0.06546695530414581 0.006226080935448408 0.14499999582767487 254 255 249
0.06580790132284164 0.006226080935448408 0.14499999582767487 254 255 249
0.06614885479211807 0.006226080935448408 0.14499999582767487 254 255 249
0.06603125482797623 0.0061831423081457615 0.14399999380111694 254 255 249
0.06636986136436462 0.0061831423081457615 0.14399999380111694 255 255 249
0.06624520570039749 0.006140203680843115 0.14300000667572021 247 247 241
0.06658145785331726 0.006140203680843115 0.14300000667572021 246 215 215
0.06691770255565643 0.006140203680843115 0.14300000667572021 247 216 216
0.06745143979787827 0.006097265053540468 0.1420000046491623 255 250 236
0.0677853375673294 0.006097265053540468 0.1420000046491623 255 251 237
0.06811923533678055 0.006097265053540468 0.1420000046491623 254 255 245
0.06845313310623169 0.006097265053540468 0.1420000046491623 254 255 245
0.06878703087568283 0.006097265053540468 0.1420000046491623 254 255 249
0.06912093609571457 0.006097265053540468 0.1420000046491623 254 255 249
0.06945483386516571 0.006097265053540468 0.1420000046491623 254 255 249
0.06978873163461685 0.006097265053540468 0.1420000046491623 254 255 249
0.070122629404068 0.006097265053540468 0.1420000046491623 254 255 249
0.07045652717351913 0.006097265053540468 0.1420000046491623 254 255 249
0.07079042494297028 0.006097265053540468 0.1420000046491623 254 255 249
0.07012256979942322 0.006011388264596462 0.14000000059604645 254 255 249
0.0704517662525177 0.006011388264596462 0.14000000059604645 254 255 249
0.07027538120746613 0.005968449637293816 0.13899999856948853 254 255 249
0.07060222327709198 0.005968449637293816 0.13899999856948853 255 249 251
0.07092906534671783 0.005968449637293816 0.13899999856948853 255 238 240
0.07171675562858582 0.005925511475652456 0.1379999965429306 255 244 236
0.07204125076532364 0.005925511475652456 0.1379999965429306 255 252 243
0.07289013266563416 0.005968449637293816 0.13899999856948853 255 252 243
0.07321697473526001 0.005968449637293816 0.13899999856948853 255 249 248
0.07354381680488586 0.005968449637293816 0.13899999856948853 249 234 233
0.07387066632509232 0.005968449637293816 0.13899999856948853 250 213 220
0.07419750839471817 0.005968449637293816 0.13899999856948853 251 214 221
0.06368938088417053 0.006702902726829052 0.14800000190734863 255 242 224
0.06403739005327225 0.006702902726829052 0.14800000190734863 255 255 241
0.06395035982131958 0.006657612510025501 0.1469999998807907 255 255 241
0.06429601460695267 0.006657612510025501 0.1469999998807907 254 255 249
0.06464166939258575 0.006657612510025501 0.1469999998807907 254 255 249
0.06498732417821884 0.006657612510025501 0.1469999998807907 254 255 249
0.06533297896385193 0.006657612510025501 0.1469999998807907 254 255 249
0.06523183733224869 0.006612322758883238 0.1459999978542328 254 255 249
0.06557514518499374 0.006612322758883238 0.1459999978542328 254 255 249
0.0659184455871582 0.006612322758883238 0.1459999978542328 254 255 249
0.06580790132284164 0.006567033007740974 0.14499999582767487 254 255 249
0.06614885479211807 0.006567033007740974 0.14499999582767487 254 255 249
0.06603125482797623 0.006521742790937424 0.14399999380111694 254 255 249
0.06636986136436462 0.006521742790937424 0.14399999380111694 255 255 249
0.06624520570039749 0.00647645303979516 0.14300000667572021 255 255 249
0.06658145785331726 0.00647645303979516 0.14300000667572021 252 224 221
0.06691770255565643 0.00647645303979516 0.14300000667572021 245 217 214
0.06711754202842712 0.006431163288652897 0.1420000046491623 255 236 224
0.06745143979787827 0.006431163288652897 0.1420000046491623 255 254 237
0.0677853375673294 0.006431163288652897 0.1420000046491623 255 254 237
0.06811923533678055 0.006431163288652897 0.1420000046491623 254 255 245
0.06845313310623169 0.006431163288652897 0.1420000046491623 254 255 245
0.06878703087568283 0.006431163288652897 0.1420000046491623 254 255 249
0.06912093609571457 0.006431163288652897 0.1420000046491623 254 255 249
0.06945483386516571 0.006431163288652897 0.1420000046491623 254 255 249
0.06978873163461685 0.006431163288652897 0.1420000046491623 254 255 249
0.070122629404068 0.006431163288652897 0.1420000046491623 254 255 249
0.07045652717351913 0.006431163288652897 0.1420000046491623 254 255 249
0.07079042494297028 0.006431163288652897 0.1420000046491623 254 255 249
0.07012256979942322 0.006340583320707083 0.14000000059604645 254 255 249
0.06994853913784027 0.006295293569564819 0.13899999856948853 254 255 249
0.07027538120746613 0.006295293569564819 0.13899999856948853 254 255 249
0.07009429484605789 0.006250003818422556 0.1379999965429306 255 243 246
0.07041878998279572 0.006250003818422556 0.1379999965429306 231 211 214
0.07171675562858582 0.006250003818422556 0.1379999965429306 255 235 231
0.07204125076532364 0.006250003818422556 0.1379999965429306 255 251 242
0.07236573845148087 0.006250003818422556 0.1379999965429306 255 252 243
0.07269023358821869 0.006250003818422556 0.1379999965429306 255 245 245
0.07301472872495651 0.006250003818422556 0.1379999965429306 242 225 225
0.07333921641111374 0.006250003818422556 0.1379999965429306 255 218 226
0.06334137916564941 0.007050908636301756 0.14800000190734863 255 244 222
0.06368938088417053 0.007050908636301756 0.14800000190734863 255 247 225
0.06403739005327225 0.007050908636301756 0.14800000190734863 255 255 239
0.06395035982131958 0.007003267761319876 0.1469999998807907 255 255 239
0.06429601460695267 0.007003267761319876 0.1469999998807907 254 255 249
0.06464166939258575 0.007003267761319876 0.1469999998807907 254 255 249
0.06498732417821884 0.007003267761319876 0.1469999998807907 254 255 249
0.06533297896385193 0.007003267761319876 0.1469999998807907 254 255 249
0.06523183733224869 0.006955626420676708 0.1459999978542328 254 255 249
0.06557514518499374 0.006955626420676708 0.1459999978542328 254 255 249
0.0659184455871582 0.006955626420676708 0.1459999978542328 254 255 249
0.06580790132284164 0.006907985080033541 0.14499999582767487 254 255 249
0.06614885479211807 0.006907985080033541 0.14499999582767487 254 255 249
0.06603125482797623 0.006860343739390373 0.14399999380111694 254 255 249
0.06636986136436462 0.006860343739390373 0.14399999380111694 255 254 249
0.06624520570039749 0.006812702398747206 0.14300000667572021 255 253 248
0.06658145785331726 0.006812702398747206 0.14300000667572021 255 227 226
0.06691770255565643 0.006812702398747206 0.14300000667572021 249 216 215
0.06711754202842712 0.006765061058104038 0.1420000046491623 255 232 220
0.06745143979787827 0.006765061058104038 0.1420000046491623 255 255 237
0.0677853375673294 0.006765061058104038 0.1420000046491623 255 255 237
0.06811923533678055 0.006765061058104038 0.1420000046491623 254 255 245
0.06845313310623169 0.006765061058104038 0.1420000046491623 254 255 245
0.06878703087568283 0.006765061058104038 0.1420000046491623 254 255 249
0.06912093609571457 0.006765061058104038 0.1420000046491623 254 255 249
0.06945483386516571 0.006765061058104038 0.1420000046491623 254 255 249
0.06978873163461685 0.006765061058104038 0.1420000046491623 254 255 249
0.070122629404068 0.006765061058104038 0.1420000046491623 254 255 249
0.0699603483080864 0.006717419717460871 0.14100000262260437 254 255 249
0.06979337334632874 0.006669778376817703 0.14000000059604645 254 255 249
0.07012256979942322 0.006669778376817703 0.14000000059604645 254 255 249
0.06994853913784027 0.006622137501835823 0.13899999856948853 255 255 249
0.07027538120746613 0.006622137501835823 0.13899999856948853 254 254 248
0.07009429484605789 0.0065744961611926556 0.1379999965429306 252 228 230
0.07041878998279572 0.0065744961611926556 0.1379999965429306 234 210 212
0.07171675562858582 0.0065744961611926556 0.1379999965429306 255 231 228
0.07204125076532364 0.0065744961611926556 0.1379999965429306 255 251 242
0.07236573845148087 0.0065744961611926556 0.1379999965429306 255 251 242
0.07216349244117737 0.006526854820549488 0.13699999451637268 255 235 239
0.07248563319444656 0.006526854820549488 0.13699999451637268 233 211 215
0.06334137916564941 0.007398915011435747 0.14800000190734863 255 246 225
0.06368938088417053 0.007398915011435747 0.14800000190734863 255 247 226
0.06360470503568649 0.007348922546952963 0.1469999998807907 254 255 241
0.06395035982131958 0.007348922546952963 0.1469999998807907 254 255 241
0.06429601460695267 0.007348922546952963 0.1469999998807907 254 255 249
0.06464166939258575 0.007348922546952963 0.1469999998807907 254 255 249
0.06498732417821884 0.007348922546952963 0.1469999998807907 254 255 249
0.06533297896385193 0.007348922546952963 0.1469999998807907 254 255 249
0.06523183733224869 0.007298929616808891 0.1459999978542328 254 255 249
0.06557514518499374 0.007298929616808891 0.1459999978542328 254 255 249
0.0659184455871582 0.007298929616808891 0.1459999978542328 254 255 249
0.06580790132284164 0.007248937152326107 0.14499999582767487 254 255 249
0.06614885479211807 0.007248937152326107 0.14499999582767487 254 255 249
0.06603125482797623 0.007198944687843323 0.14399999380111694 254 255 249
0.06636986136436462 0.007198944687843323 0.14399999380111694 255 250 250
0.06624520570039749 0.007148951757699251 0.14300000667572021 242 230 230
0.06745143979787827 0.007098959293216467 0.1420000046491623 255 253 234
0.0677853375673294 0.007098959293216467 0.1420000046491623 255 254 235
0.06811923533678055 0.007098959293216467 0.1420000046491623 254 255 243
0.06845313310623169 0.007098959293216467 0.1420000046491623 254 255 243
0.06878703087568283 0.007098959293216467 0.1420000046491623 254 255 249
0.06912093609571457 0.007098959293216467 0.1420000046491623 254 255 249
0.06945483386516571 0.007098959293216467 0.1420000046491623 254 255 249
0.06978873163461685 0.007098959293216467 0.1420000046491623 254 255 249
0.070122629404068 0.007098959293216467 0.1420000046491623 254 255 249
0.0699603483080864 0.007048966363072395 0.14100000262260437 254 255 249
0.06979337334632874 0.006998973898589611 0.14000000059604645 254 255 249
0.07012256979942322 0.006998973898589611 0.14000000059604645 254 255 249
0.06994853913784027 0.0069489809684455395 0.13899999856948853 255 254 249
0.07027538120746613 0.0069489809684455395 0.13899999856948853 255 254 249
0.07009429484605789 0.006898988503962755 0.1379999965429306 255 229 229
0.07041878998279572 0.006898988503962755 0.1379999965429306 230 204 204
0.07171675562858582 0.006898988503962755 0.1379999965429306 255 224 222
0.07204125076532364 0.006898988503962755 0.1379999965429306 255 250 244
0.07236573845148087 0.006898988503962755 0.1379999965429306 255 247 241
0.07216349244117737 0.006848995573818684 0.13699999451637268 250 226 230
0.07248563319444656 0.006848995573818684 0.13699999451637268 248 224 228
0.06334137916564941 0.007746921386569738 0.14800000190734863 255 246 230
0.06368938088417053 0.007746921386569738 0.14800000190734863 255 246 230
0.06360470503568649 0.00769457733258605 0.1469999998807907 255 255 241
0.06395035982131958 0.00769457733258605 0.1469999998807907 255 255 241
0.06429601460695267 0.00769457733258605 0.1469999998807907 254 255 249
0.06464166939258575 0.00769457733258605 0.1469999998807907 254 255 249
0.06498732417821884 0.00769457733258605 0.1469999998807907 254 255 249
0.06533297896385193 0.00769457733258605 0.1469999998807907 254 255 249
0.06523183733224869 0.007642233278602362 0.1459999978542328 254 255 249
0.06557514518499374 0.007642233278602362 0.1459999978542328 254 255 249
0.0659184455871582 0.007642233278602362 0.1459999978542328 254 255 249
0.06580790132284164 0.007589889224618673 0.14499999582767487 254 255 249
0.06614885479211807 0.007589889224618673 0.14499999582767487 255 255 251
0.06603125482797623 0.007537545170634985 0.14399999380111694 255 255 251
0.06636986136436462 0.007537545170634985 0.14399999380111694 255 237 242
0.06624520570039749 0.007485201116651297 0.14300000667572021 236 209 214
0.06745143979787827 0.007432857062667608 0.1420000046491623 255 253 233
0.0677853375673294 0.007432857062667608 0.1420000046491623 255 253 233
0.06811923533678055 0.007432857062667608 0.1420000046491623 254 255 241
0.06845313310623169 0.007432857062667608 0.1420000046491623 254 255 241
0.06878703087568283 0.007432857062667608 0.1420000046491623 254 255 249
0.06912093609571457 0.007432857062667608 0.1420000046491623 254 255 249
0.06945483386516571 0.007432857062667608 0.1420000046491623 254 255 249
0.06978873163461685 0.007432857062667608 0.1420000046491623 254 255 249
0.070122629404068 0.007432857062667608 0.1420000046491623 254 255 249
0.0699603483080864 0.00738051300868392 0.14100000262260437 254 255 249
0.06979337334632874 0.0073281689547002316 0.14000000059604645 254 255 249
0.07012256979942322 0.0073281689547002316 0.14000000059604645 254 255 249
0.06994853913784027 0.007275824900716543 0.13899999856948853 246 242 235
0.07027538120746613 0.007275824900716543 0.13899999856948853 255 252 245
0.07009429484605789 0.007223480846732855 0.1379999965429306 255 236 232
0.07041878998279572 0.007223480846732855 0.1379999965429306 231 199 195
0.07204125076532364 0.007223480846732855 0.1379999965429306 255 250 245
0.07236573845148087 0.007223480846732855 0.1379999965429306 249 233 228
0.07216349244117737 0.0071711367927491665 0.13699999451637268 239 214 222
0.07248563319444656 0.0071711367927491665 0.13699999451637268 243 218 226
0.06334137916564941 0.008094928227365017 0.14800000190734863 255 245 227
0.0632590502500534 0.008040232583880424 0.1469999998807907 255 246 228
0.06360470503568649 0.008040232583880424 0.1469999998807907 255 255 241
0.06395035982131958 0.008040232583880424 0.1469999998807907 255 255 241
0.06429601460695267 0.008040232583880424 0.1469999998807907 254 255 249
0.06464166939258575 0.008040232583880424 0.1469999998807907 254 255 249
0.06498732417821884 0.008040232583880424 0.1469999998807907 254 255 249
0.06533297896385193 0.008040232583880424 0.1469999998807907 254 255 249
0.06523183733224869 0.007985536940395832 0.1459999978542328 254 255 249
0.06557514518499374 0.007985536940395832 0.1459999978542328 254 255 249
0.0659184455871582 0.007985536940395832 0.1459999978542328 254 255 249
0.06580790132284164 0.00793084129691124 0.14499999582767487 254 255 249
0.06614885479211807 0.00793084129691124 0.14499999582767487 255 252 251
0.06603125482797623 0.007876145653426647 0.14399999380111694 252 244 243
0.06636986136436462 0.007876145653426647 0.14399999380111694 247 208 215
0.06624520570039749 0.00782145094126463 0.14300000667572021 241 202 209
0.06745143979787827 0.00776675483211875 0.1420000046491623 255 251 229
0.0677853375673294 0.00776675483211875 0.1420000046491623 255 252 230
0.06811923533678055 0.00776675483211875 0.1420000046491623 254 255 243
0.06845313310623169 0.00776675483211875 0.1420000046491623 254 255 243
0.06878703087568283 0.00776675483211875 0.1420000046491623 254 255 249
0.06912093609571457 0.00776675483211875 0.1420000046491623 254 255 249
0.06945483386516571 0.00776675483211875 0.1420000046491623 254 255 249
0.06978873163461685 0.00776675483211875 0.1420000046491623 254 255 249
0.070122629404068 0.00776675483211875 0.1420000046491623 254 255 249
0.0699603483080864 0.0077120596542954445 0.14100000262260437 254 255 249
0.06979337334632874 0.007657364010810852 0.14000000059604645 254 255 249
0.07012256979942322 0.007657364010810852 0.14000000059604645 251 252 246
0.06994853913784027 0.007602668832987547 0.13899999856948853 243 236 226
0.07027538120746613 0.007602668832987547 0.13899999856948853 243 236 226
0.07204125076532364 0.0075479731895029545 0.1379999965429306 255 250 241
0.07236573845148087 0.0075479731895029545 0.1379999965429306 255 247 238
0.07269023358821869 0.0075479731895029545 0.1379999965429306 255 232 234
0.07248563319444656 0.007493277546018362 0.13699999451637268 243 219 221
0.06291339546442032 0.008385887369513512 0.1469999998807907 255 245 227
0.0632590502500534 0.008385887369513512 0.1469999998807907 255 247 229
0.06360470503568649 0.008385887369513512 0.1469999998807907 255 255 241
0.06395035982131958 0.008385887369513512 0.1469999998807907 255 255 241
0.06429601460695267 0.008385887369513512 0.1469999998807907 254 255 249
0.06464166939258575 0.008385887369513512 0.1469999998807907 254 255 249
0.06498732417821884 0.008385887369513512 0.1469999998807907 254 255 249
0.06488853693008423 0.008328840136528015 0.1459999978542328 254 255 249
0.06523183733224869 0.008328840136528015 0.1459999978542328 254 255 249
0.06557514518499374 0.008328840136528015 0.1459999978542328 254 255 249
0.0659184455871582 0.008328840136528015 0.1459999978542328 254 255 249
0.06580790132284164 0.008271793834865093 0.14499999582767487 253 254 248
0.06614885479211807 0.008271793834865093 0.14499999582767487 253 238 239
0.06603125482797623 0.008214746601879597 0.14399999380111694 233 218 219
0.06745143979787827 0.008100653067231178 0.1420000046491623 255 248 226
0.0677853375673294 0.008100653067231178 0.1420000046491623 255 251 229
0.06811923533678055 0.008100653067231178 0.1420000046491623 254 255 241
0.06845313310623169 0.008100653067231178 0.1420000046491623 254 255 241
0.06878703087568283 0.008100653067231178 0.1420000046491623 254 255 249
0.06912093609571457 0.008100653067231178 0.1420000046491623 254 255 249
0.06945483386516571 0.008100653067231178 0.1420000046491623 254 255 249
0.06978873163461685 0.008100653067231178 0.1420000046491623 254 255 249
0.070122629404068 0.008100653067231178 0.1420000046491623 254 255 249
0.0699603483080864 0.008043605834245682 0.14100000262260437 254 255 249
0.06979337334632874 0.00798655953258276 0.14000000059604645 254 255 249
0.07012256979942322 0.00798655953258276 0.14000000059604645 253 254 248
0.06994853913784027 0.007929512299597263 0.13899999856948853 255 249 238
0.07027538120746613 0.007929512299597263 0.13899999856948853 254 241 230
0.07204125076532364 0.007872465997934341 0.1379999965429306 255 250 237
0.07236573845148087 0.007872465997934341 0.1379999965429306 255 250 237
0.07269023358821869 0.007872465997934341 0.1379999965429306 255 234 233
0.07248563319444656 0.007815418764948845 0.13699999451637268 227 204 203
0.06291339546442032 0.008731542155146599 0.1469999998807907 255 245 229
0.0632590502500534 0.008731542155146599 0.1469999998807907 255 247 231
0.06360470503568649 0.008731542155146599 0.1469999998807907 255 255 243
0.06395035982131958 0.008731542155146599 0.1469999998807907 255 255 243
0.06429601460695267 0.008731542155146599 0.1469999998807907 254 255 249
0.06420192867517471 0.008672144263982773 0.1459999978542328 254 255 249
0.06454523652791977 0.008672144263982773 0.1459999978542328 254 255 249
0.06488853693008423 0.008672144263982773 0.1459999978542328 254 255 249
0.06523183733224869 0.008672144263982773 0.1459999978542328 254 255 249
0.06557514518499374 0.008672144263982773 0.1459999978542328 254 255 249
0.0659184455871582 0.008672144263982773 0.1459999978542328 255 255 249
0.06580790132284164 0.008612745441496372 0.14499999582767487 252 252 246
0.06614885479211807 0.008612745441496372 0.14499999582767487 235 211 213
0.06603125482797623 0.008553347550332546 0.14399999380111694 230 206 208
0.06745143979787827 0.00843455083668232 0.1420000046491623 255 247 226
0.0677853375673294 0.00843455083668232 0.1420000046491623 255 250 229
0.06811923533678055 0.00843455083668232 0.1420000046491623 254 255 241
0.06845313310623169 0.00843455083668232 0.1420000046491623 254 255 241
0.06878703087568283 0.00843455083668232 0.1420000046491623 254 255 249
0.06912093609571457 0.00843455083668232 0.1420000046491623 254 255 249
0.06945483386516571 0.00843455083668232 0.1420000046491623 254 255 249
0.06978873163461685 0.00843455083668232 0.1420000046491623 254 255 249
0.070122629404068 0.00843455083668232 0.1420000046491623 254 255 249
0.0699603483080864 0.008375152945518494 0.14100000262260437 254 255 249
0.0702918991446495 0.008375152945518494 0.14100000262260437 255 255 249
0.07012256979942322 0.008315754123032093 0.14000000059604645 254 254 248
0.06994853913784027 0.008256356231868267 0.13899999856948853 255 242 234
0.07027538120746613 0.008256356231868267 0.13899999856948853 242 220 212
0.07204125076532364 0.008196958340704441 0.1379999965429306 255 249 233
0.07236573845148087 0.008196958340704441 0.1379999965429306 255 248 232
0.07269023358821869 0.008196958340704441 0.1379999965429306 255 240 235
0.07248563319444656 0.00813755951821804 0.13699999451637268 230 207 202
0.06291339546442032 0.009077196940779686 0.1469999998807907 255 245 227
0.0632590502500534 0.009077196940779686 0.1469999998807907 255 247 229
0.06360470503568649 0.009077196940779686 0.1469999998807907 255 255 241
0.06395035982131958 0.009077196940779686 0.1469999998807907 255 255 241
0.06429601460695267 0.009077196940779686 0.1469999998807907 254 255 249
0.06420192867517471 0.009015447460114956 0.1459999978542328 254 255 249
0.06454523652791977 0.009015447460114956 0.1459999978542328 254 255 249
0.06488853693008423 0.009015447460114956 0.1459999978542328 254 255 249
0.06523183733224869 0.009015447460114956 0.1459999978542328 254 255 249
0.06557514518499374 0.009015447460114956 0.1459999978542328 254 255 249
0.06546695530414581 0.008953697979450226 0.14499999582767487 255 253 248
0.06580790132284164 0.008953697979450226 0.14499999582767487 255 253 248
0.06569265574216843 0.008891948498785496 0.14399999380111694 238 202 204
0.06603125482797623 0.008891948498785496 0.14399999380111694 238 202 204
0.06792645156383514 0.008830198086798191 0.14300000667572021 255 245 227
0.06826270371675491 0.008830198086798191 0.14300000667572021 255 249 231
0.06859894841909409 0.008830198086798191 0.14300000667572021 254 255 241
0.06893520057201385 0.008830198086798191 0.14300000667572021 254 255 241
0.06927145272493362 0.008830198086798191 0.14300000667572021 254 255 249
0.06912093609571457 0.008768448606133461 0.1420000046491623 254 255 249
0.06945483386516571 0.008768448606133461 0.1420000046491623 254 255 249
0.06978873163461685 0.008768448606133461 0.1420000046491623 254 255 249
0.070122629404068 0.008768448606133461 0.1420000046491623 254 255 249
0.0699603483080864 0.008706699125468731 0.14100000262260437 254 255 249
0.0702918991446495 0.008706699125468731 0.14100000262260437 255 254 249
0.07012256979942322 0.008644949644804 0.14000000059604645 255 252 247
0.06994853913784027 0.00858320016413927 0.13899999856948853 255 233 233
0.07027538120746613 0.00858320016413927 0.13899999856948853 240 204 204
0.07204125076532364 0.00852145068347454 0.1379999965429306 255 246 228
0.07236573845148087 0.00852145068347454 0.1379999965429306 255 247 229
0.07269023358821869 0.00852145068347454 0.1379999965429306 255 237 233
0.07301472872495651 0.00852145068347454 0.1379999965429306 248 222 218
0.0632590502500534 0.009422851726412773 0.1469999998807907 255 245 226
0.06360470503568649 0.009422851726412773 0.1469999998807907 255 255 239
0.06395035982131958 0.009422851726412773 0.1469999998807907 255 255 239
0.06385862827301025 0.009358750656247139 0.1459999978542328 254 255 247
0.06420192867517471 0.009358750656247139 0.1459999978542328 254 255 247
0.06454523652791977 0.009358750656247139 0.1459999978542328 254 255 249
0.06488853693008423 0.009358750656247139 0.1459999978542328 254 255 249
0.06523183733224869 0.009358750656247139 0.1459999978542328 254 255 249
0.06512600183486938 0.009294649586081505 0.14499999582767487 254 255 249
0.06546695530414581 0.009294649586081505 0.14499999582767487 255 244 237
0.06580790132284164 0.009294649586081505 0.14499999582767487 241 230 223
0.06792645156383514 0.009166447445750237 0.14300000667572021 255 233 217
0.06826270371675491 0.009166447445750237 0.14300000667572021 255 246 230
0.06859894841909409 0.009166447445750237 0.14300000667572021 254 255 243
0.06893520057201385 0.009166447445750237 0.14300000667572021 254 255 243
0.06927145272493362 0.009166447445750237 0.14300000667572021 254 255 249
0.06912093609571457 0.009102347306907177 0.1420000046491623 254 255 249
0.06945483386516571 0.009102347306907177 0.1420000046491623 254 255 249
0.06978873163461685 0.009102347306907177 0.1420000046491623 254 255 249
0.070122629404068 0.009102347306907177 0.1420000046491623 254 255 249
0.0699603483080864 0.009038246236741543 0.14100000262260437 254 255 249
0.0702918991446495 0.009038246236741543 0.14100000262260437 255 248 244
0.07012256979942322 0.008974145166575909 0.14000000059604645 251 237 233
0.07204125076532364 0.00884594302624464 0.1379999965429306 255 245 225
0.07236573845148087 0.00884594302624464 0.1379999965429306 255 243 223
0.07269023358821869 0.00884594302624464 0.1379999965429306 255 232 229
0.07301472872495651 0.00884594302624464 0.1379999965429306 255 228 225
0.0632590502500534 0.00976850651204586 0.1469999998807907 255 243 225
0.06360470503568649 0.00976850651204586 0.1469999998807907 255 255 237
0.0635153204202652 0.009702054783701897 0.1459999978542328 255 255 237
0.06385862827301025 0.009702054783701897 0.1459999978542328 254 255 245
0.06420192867517471 0.009702054783701897 0.1459999978542328 254 255 245
0.06454523652791977 0.009702054783701897 0.1459999978542328 254 255 249
0.06444409489631653 0.009635602124035358 0.14499999582767487 254 255 249
0.06478504836559296 0.009635602124035358 0.14499999582767487 254 255 247
0.06512600183486938 0.009635602124035358 0.14499999582767487 254 255 247
0.06546695530414581 0.009635602124035358 0.14499999582767487 255 241 236
0.06580790132284164 0.009635602124035358 0.14499999582767487 236 215 210
0.06826270371675491 0.009502696804702282 0.14300000667572021 255 246 231
0.06859894841909409 0.009502696804702282 0.14300000667572021 255 255 241
0.06893520057201385 0.009502696804702282 0.14300000667572021 255 255 241
0.06927145272493362 0.009502696804702282 0.14300000667572021 254 255 249
0.06912093609571457 0.009436245076358318 0.1420000046491623 254 255 249
0.06945483386516571 0.009436245076358318 0.1420000046491623 254 255 249
0.06978873163461685 0.009436245076358318 0.1420000046491623 254 255 249
0.070122629404068 0.009436245076358318 0.1420000046491623 255 254 246
0.0699603483080864 0.00936979241669178 0.14100000262260437 250 248 240
0.0702918991446495 0.00936979241669178 0.14100000262260437 249 223 221
0.07012256979942322 0.009303339757025242 0.14000000059604645 248 222 220
0.07236573845148087 0.00917043536901474 0.1379999965429306 255 242 224
0.07269023358821869 0.00917043536901474 0.1379999965429306 255 225 228
0.07301472872495651 0.00917043536901474 0.1379999965429306 255 219 222
0.06317202001810074 0.01004535797983408 0.1459999978542328 255 251 239
0.0635153204202652 0.01004535797983408 0.1459999978542328 255 251 239
0.06385862827301025 0.01004535797983408 0.1459999978542328 254 255 245
0.06420192867517471 0.01004535797983408 0.1459999978542328 254 255 245
0.0641031414270401 0.009976554661989212 0.14499999582767487 254 255 247
0.06444409489631653 0.009976554661989212 0.14499999582767487 254 255 247
0.06478504836559296 0.009976554661989212 0.14499999582767487 255 251 246
0.06512600183486938 0.009976554661989212 0.14499999582767487 255 248 243
0.06826270371675491 0.009838946163654327 0.14300000667572021 255 243 225
0.06859894841909409 0.009838946163654327 0.14300000667572021 255 255 239
0.06893520057201385 0.009838946163654327 0.14300000667572021 255 255 239
0.06927145272493362 0.009838946163654327 0.14300000667572021 254 255 245
0.06912093609571457 0.00977014284580946 0.1420000046491623 254 255 245
0.06945483386516571 0.00977014284580946 0.1420000046491623 254 255 249
0.06978873163461685 0.00977014284580946 0.1420000046491623 254 255 249
0.06962880492210388 0.009701338596642017 0.14100000262260437 255 249 247
0.0699603483080864 0.009701338596642017 0.14100000262260437 252 240 238
0.0702918991446495 0.009701338596642017 0.14100000262260437 255 219 221
0.07012256979942322 0.00963253527879715 0.14000000059604645 247 209 211
0.07236573845148087 0.00949492771178484 0.1379999965429306 255 234 221
0.07269023358821869 0.00949492771178484 0.1379999965429306 255 216 220
0.06317202001810074 0.010388661175966263 0.1459999978542328 255 237 231
0.0635153204202652 0.010388661175966263 0.1459999978542328 255 245 239
0.06385862827301025 0.010388661175966263 0.1459999978542328 255 252 245
0.06376218795776367 0.010317506268620491 0.14499999582767487 255 251 244
0.0641031414270401 0.010317506268620491 0.14499999582767487 255 250 247
0.06444409489631653 0.010317506268620491 0.14499999582767487 253 245 242
0.06478504836559296 0.010317506268620491 0.14499999582767487 255 229 233
0.06467685103416443 0.01024635136127472 0.14399999380111694 243 214 218
0.06826270371675491 0.010175195522606373 0.14300000667572021 255 236 219
0.06859894841909409 0.010175195522606373 0.14300000667572021 255 251 236
0.06893520057201385 0.010175195522606373 0.14300000667572021 255 252 237
0.06878703087568283 0.010104040615260601 0.1420000046491623 255 255 247
0.06912093609571457 0.010104040615260601 0.1420000046491623 255 255 247
0.06945483386516571 0.010104040615260601 0.1420000046491623 255 251 250
0.06978873163461685 0.010104040615260601 0.1420000046491623 255 249 248
0.06962880492210388 0.01003288570791483 0.14100000262260437 255 236 240
0.0699603483080864 0.01003288570791483 0.14100000262260437 250 228 232
0.06308028846979141 0.010658458806574345 0.14499999582767487 255 224 228
0.06342124193906784 0.010658458806574345 0.14499999582767487 255 240 244
0.06376218795776367 0.010658458806574345 0.14499999582767487 255 238 242
0.0641031414270401 0.010658458806574345 0.14499999582767487 255 243 245
0.06399965286254883 0.010584952309727669 0.14399999380111694 255 238 240
0.06433825194835663 0.010584952309727669 0.14399999380111694 255 218 226
0.06859894841909409 0.010511444881558418 0.14300000667572021 255 239 233
0.06845313310623169 0.010437938384711742 0.1420000046491623 255 239 233
0.06878703087568283 0.010437938384711742 0.1420000046491623 255 246 241
0.06912093609571457 0.010437938384711742 0.1420000046491623 255 246 241
0.06945483386516571 0.010437938384711742 0.1420000046491623 255 240 244
0.06978873163461685 0.010437938384711742 0.1420000046491623 255 238 242
0.06962880492210388 0.010364431887865067 0.14100000262260437 255 224 235
