0.005928940139710903 0.019260982051491737 0.11999999731779099 213 196 155
0.005646773148328066 0.019260982051491737 0.11999999731779099 212 195 154
0.005364605691283941 0.019260982051491737 0.11999999731779099 216 199 158
0.005082438234239817 0.019260982051491737 0.11999999731779099 211 194 153
0.004800271242856979 0.019260982051491737 0.11999999731779099 214 198 154
0.0044804527424275875 0.019100474193692207 0.11900000274181366 216 200 156
0.004200636874884367 0.019380290061235428 0.11900000274181366 252 239 197
0.0039208210073411465 0.019380290061235428 0.11900000274181366 252 239 197
0.003641005139797926 0.019380290061235428 0.11900000274181366 252 238 194
0.0033611892722547054 0.019380290061235428 0.11900000274181366 253 239 195
0.003081373404711485 0.019380290061235428 0.11900000274181366 250 241 191
0.0028015575371682644 0.019380290061235428 0.11900000274181366 243 234 184
0.002521741669625044 0.019380290061235428 0.11900000274181366 235 228 181
0.0022419258020818233 0.01966010592877865 0.11900000274181366 255 255 216
0.001962109934538603 0.01966010592877865 0.11900000274181366 255 255 220
0.0016822939505800605 0.01966010592877865 0.11900000274181366 253 255 217
0.00140247808303684 0.01966010592877865 0.11900000274181366 200 202 166
0.0011226622154936194 0.01966010592877865 0.11900000274181366 203 205 169
0.0008428463479503989 0.01966010592877865 0.11900000274181366 251 255 227
0.0005630304221995175 0.019380290061235428 0.11900000274181366 248 249 209
0.0002832145255524665 0.019380290061235428 0.11900000274181366 253 255 223
3.398642775209737e-06 0.019100474193692207 0.11900000274181366 232 232 197
-0.004158597439527512 0.01921743154525757 0.11800000071525574 201 204 181
-0.004436061717569828 0.018939966335892677 0.11800000071525574 242 237 208
-0.004753471352159977 0.019100474193692207 0.11900000274181366 252 255 237
-0.0050332872197031975 0.018820658326148987 0.11900000274181366 242 246 225
-0.005313103087246418 0.018820658326148987 0.11900000274181366 250 255 241
-0.005592919420450926 0.018820658326148987 0.11900000274181366 252 255 243
-0.005872735287994146 0.018540842458605766 0.11900000274181366 241 242 229
-0.006204253062605858 0.018696649000048637 0.11999999731779099 247 248 235
-0.0064864205196499825 0.018696649000048637 0.11999999731779099 250 255 243
-0.00676858751103282 0.018696649000048637 0.11999999731779099 251 255 244
-0.007050754968076944 0.018696649000048637 0.11999999731779099 251 255 244
-0.007394029758870602 0.01885245367884636 0.12099999934434891 251 255 244
-0.00767854880541563 0.01856793463230133 0.12099999934434891 232 242 230
-0.007963066920638084 0.01856793463230133 0.12099999934434891 232 242 230
-0.008247585967183113 0.01885245367884636 0.12099999934434891 252 255 251
-0.008532105013728142 0.01885245367884636 0.12099999934434891 252 255 251
-0.008816623128950596 0.01885245367884636 0.12099999934434891 251 254 255
-0.009025925770401955 0.018978815525770187 0.11999999731779099 253 254 250
-0.00930809322744608 0.018978815525770187 0.11999999731779099 222 217 197
-0.009590260684490204 0.019260982051491737 0.11999999731779099 250 252 234
-0.009954698383808136 0.019136972725391388 0.12099999934434891 219 211 185
-0.01023921649903059 0.019136972725391388 0.12099999934434891 242 234 208
-0.010523735545575619 0.01885245367884636 0.12099999934434891 215 205 173
-0.010897578671574593 0.01900825835764408 0.12200000137090683 235 225 193
-0.011471319012343884 0.018721388652920723 0.12200000137090683 226 220 184
-0.011758188717067242 0.018434518948197365 0.12200000137090683 205 194 158
-0.012143788859248161 0.01829640008509159 0.12300000339746475 194 179 149
-0.012433010153472424 0.01829640008509159 0.12300000339746475 208 195 153
-0.012722231447696686 0.01829640008509159 0.12300000339746475 217 204 162
-0.013011453673243523 0.01829640008509159 0.12300000339746475 209 199 160
-0.013300674967467785 0.01829640008509159 0.12300000339746475 199 189 150
-0.013589896261692047 0.01829640008509159 0.12300000339746475 195 190 168
-0.013589896261692047 0.01829640008509159 0.12300000339746475 195 190 168
-0.013300674967467785 0.01829640008509159 0.12300000339746475 199 189 150
-0.013011453673243523 0.01829640008509159 0.12300000339746475 209 199 160
-0.012722231447696686 0.01829640008509159 0.12300000339746475 217 204 162
-0.012433010153472424 0.01829640008509159 0.12300000339746475 208 195 153
-0.0120450584217906 0.018434518948197365 0.12200000137090683 216 205 169
-0.011758188717067242 0.018721388652920723 0.12200000137090683 252 247 214
-0.011471319012343884 0.018721388652920723 0.12200000137090683 226 220 184
-0.01118444837629795 0.01900825835764408 0.12200000137090683 236 236 205
-0.010897578671574593 0.01900825835764408 0.12200000137090683 235 225 193
-0.010523735545575619 0.019136972725391388 0.12099999934434891 246 245 219
-0.01023921649903059 0.019136972725391388 0.12099999934434891 242 234 208
-0.009954698383808136 0.019136972725391388 0.12099999934434891 219 211 185
-0.009590260684490204 0.019260982051491737 0.11999999731779099 250 252 234
-0.00930809322744608 0.018978815525770187 0.11999999731779099 222 217 197
-0.009025925770401955 0.019260982051491737 0.11999999731779099 253 254 248
-0.008816623128950596 0.019136972725391388 0.12099999934434891 254 255 251
-0.008532105013728142 0.01885245367884636 0.12099999934434891 252 255 251
-0.008247585967183113 0.01885245367884636 0.12099999934434891 252 255 251
-0.007963066920638084 0.01856793463230133 0.12099999934434891 232 242 230
-0.00767854880541563 0.01856793463230133 0.12099999934434891 232 242 230
-0.007394029758870602 0.01885245367884636 0.12099999934434891 251 255 244
-0.007050754968076944 0.018696649000048637 0.11999999731779099 251 255 244
-0.00676858751103282 0.018696649000048637 0.11999999731779099 251 255 244
-0.0064864205196499825 0.018696649000048637 0.11999999731779099 250 255 243
-0.006204253062605858 0.018696649000048637 0.11999999731779099 247 248 235
-0.005872735287994146 0.018540842458605766 0.11900000274181366 241 242 229
-0.005592919420450926 0.018820658326148987 0.11900000274181366 252 255 243
-0.005313103087246418 0.018820658326148987 0.11900000274181366 250 255 241
-0.0050332872197031975 0.019100474193692207 0.11900000274181366 254 255 239
-0.004753471352159977 0.019380290061235428 0.11900000274181366 252 255 247
-0.004436061717569828 0.018939966335892677 0.11800000071525574 242 237 208
-0.004158597439527512 0.01921743154525757 0.11800000071525574 201 204 181
3.398642775209737e-06 0.019100474193692207 0.11900000274181366 232 232 197
0.0002832145255524665 0.019380290061235428 0.11900000274181366 253 255 223
0.0005630304221995175 0.01966010592877865 0.11900000274181366 255 255 231
0.0008428463479503989 0.01966010592877865 0.11900000274181366 251 255 227
0.0011226622154936194 0.01966010592877865 0.11900000274181366 203 205 169
0.00140247808303684 0.01966010592877865 0.11900000274181366 200 202 166
0.0016822939505800605 0.01966010592877865 0.11900000274181366 253 255 217
0.001962109934538603 0.01966010592877865 0.11900000274181366 255 255 220
0.0022419258020818233 0.01966010592877865 0.11900000274181366 255 255 216
0.002521741669625044 0.019380290061235428 0.11900000274181366 235 228 181
0.0028015575371682644 0.019380290061235428 0.11900000274181366 243 234 184
0.003081373404711485 0.019380290061235428 0.11900000274181366 250 241 191
0.0033611892722547054 0.019380290061235428 0.11900000274181366 253 239 195
0.003641005139797926 0.019380290061235428 0.11900000274181366 252 238 194
0.0039208210073411465 0.019380290061235428 0.11900000274181366 252 239 197
0.004200636874884367 0.019380290061235428 0.11900000274181366 252 239 197
0.0044804527424275875 0.019100474193692207 0.11900000274181366 216 200 156
0.004800271242856979 0.019260982051491737 0.11999999731779099 214 198 154
0.005082438234239817 0.019260982051491737 0.11999999731779099 211 194 153
0.005364605691283941 0.019260982051491737 0.11999999731779099 216 199 158
0.005646773148328066 0.019260982051491737 0.11999999731779099 212 195 154
0.005928940139710903 0.019260982051491737 0.11999999731779099 213 196 155
