-0.013516945764422417 0.018299978226423264 0.125 201 190 165
-0.013810870237648487 0.01859390176832676 0.125 219 207 180
-0.014104794710874557 0.01859390176832676 0.125 212 200 173
-0.014398718252778053 0.018887827172875404 0.125 228 211 184
-0.014692642726004124 0.018887827172875404 0.125 214 197 170
-0.014866674318909645 0.019028296694159508 0.12399999797344208 248 225 195
-0.014866674318909645 0.019319869577884674 0.12399999797344208 255 252 220
-0.014575101435184479 0.019028296694159508 0.12399999797344208 255 250 225
-0.014398718252778053 0.018887827172875404 0.125 228 211 184
-0.014104794710874557 0.01859390176832676 0.125 212 200 173
-0.013810870237648487 0.01859390176832676 0.125 219 207 180
-0.013516945764422417 0.018299978226423264 0.125 201 190 165
-0.013223021291196346 0.018299978226423264 0.125 217 206 181
-0.01292909774929285 0.018299978226423264 0.125 216 204 175
-0.012534091249108315 0.01815357804298401 0.12399999797344208 216 204 175
-0.012242518365383148 0.018445150926709175 0.12399999797344208 226 216 184
-0.011950945481657982 0.018445150926709175 0.12399999797344208 215 205 173
-0.01165937352925539 0.01873672381043434 0.12399999797344208 239 236 202
-0.0112761240452528 0.018874842673540115 0.12300000339746475 248 247 219
-0.010986902751028538 0.018874842673540115 0.12300000339746475 233 228 197
-0.010697681456804276 0.019164064899086952 0.12300000339746475 255 255 229
-0.010323838330805302 0.01929512992501259 0.12200000137090683 255 255 233
-0.010036968626081944 0.01900825835764408 0.12200000137090683 225 219 193
-0.00975009799003601 0.01929512992501259 0.12200000137090683 245 245 225
-0.009463228285312653 0.01929512992501259 0.12200000137090683 245 245 225
-0.00917635764926672 0.01900825835764408 0.12200000137090683 248 251 250
-0.008889487944543362 0.01900825835764408 0.12200000137090683 252 255 254
-0.008602618239820004 0.018721388652920723 0.12200000137090683 249 255 251
-0.00831574760377407 0.018721388652920723 0.12200000137090683 248 255 250
-0.008094687946140766 0.018585622310638428 0.12300000339746475 233 243 231
-0.007805466651916504 0.018585622310638428 0.12300000339746475 233 243 231
-0.007516245357692242 0.018585622310638428 0.12300000339746475 234 241 219
-0.007227024063467979 0.018874842673540115 0.12300000339746475 252 255 239
-0.00693780230358243 0.018874842673540115 0.12300000339746475 254 255 235
-0.006594527512788773 0.018721388652920723 0.12200000137090683 251 255 232
-0.006307657342404127 0.018721388652920723 0.12200000137090683 245 252 228
-0.006020787172019482 0.018721388652920723 0.12200000137090683 240 247 223
-0.005686917807906866 0.01885245367884636 0.12099999934434891 251 255 236
-0.005402399227023125 0.01885245367884636 0.12099999934434891 249 255 234
-0.005117880646139383 0.019136972725391388 0.12099999934434891 255 255 233
-0.0047934167087078094 0.018978815525770187 0.11999999731779099 252 255 230
-0.004511249251663685 0.019260982051491737 0.11999999731779099 255 255 232
-0.0042290822602808475 0.019260982051491737 0.11999999731779099 202 202 178
-0.003946914803236723 0.019260982051491737 0.11999999731779099 225 214 191
-0.001971743768081069 0.018978815525770187 0.11999999731779099 251 246 215
-0.001689576543867588 0.018978815525770187 0.11999999731779099 250 247 215
-0.0014074092032387853 0.018978815525770187 0.11999999731779099 250 247 215
-0.0011252419790253043 0.018978815525770187 0.11999999731779099 247 247 214
-0.0008430746383965015 0.018978815525770187 0.11999999731779099 244 244 211
-0.0005609073559753597 0.018978815525770187 0.11999999731779099 238 240 206
-0.0002787400735542178 0.018978815525770187 0.11999999731779099 234 236 202
3.4272027278348105e-06 0.018978815525770187 0.11999999731779099 232 234 198
0.0002855944912880659 0.019260982051491737 0.11999999731779099 254 255 226
0.0005677617737092078 0.019543150439858437 0.11999999731779099 255 255 233
0.0008499290561303496 0.019543150439858437 0.11999999731779099 250 253 228
0.0011320963967591524 0.019543150439858437 0.11999999731779099 217 217 184
0.0014142636209726334 0.019543150439858437 0.11999999731779099 201 201 168
0.0016964309616014361 0.019543150439858437 0.11999999731779099 250 250 217
0.001978598302230239 0.019543150439858437 0.11999999731779099 255 255 222
0.00226076552644372 0.019543150439858437 0.11999999731779099 250 250 215
0.002542932750657201 0.019260982051491737 0.11999999731779099 227 226 184
0.0028250999748706818 0.019260982051491737 0.11999999731779099 228 227 185
0.0031072674319148064 0.019260982051491737 0.11999999731779099 220 219 177
0.0033894346561282873 0.019260982051491737 0.11999999731779099 216 214 175
0.0036716018803417683 0.019260982051491737 0.11999999731779099 234 232 193
0.003953769337385893 0.019260982051491737 0.11999999731779099 227 223 187
0.00423593632876873 0.019260982051491737 0.11999999731779099 218 214 178
0.004518103785812855 0.019260982051491737 0.11999999731779099 230 227 193
0.004840273410081863 0.019136972725391388 0.12099999934434891 201 195 159
0.005124791990965605 0.019136972725391388 0.12099999934434891 201 195 157
0.005409310571849346 0.019136972725391388 0.12099999934434891 199 193 155
0.0056938291527330875 0.019136972725391388 0.12099999934434891 195 192 151
0.005978348199278116 0.019136972725391388 0.12099999934434891 180 177 136
0.006262866780161858 0.019136972725391388 0.12099999934434891 209 208 166
0.006547385361045599 0.01885245367884636 0.12099999934434891 227 221 185
0.006547385361045599 0.01856793463230133 0.12099999934434891 216 211 191
0.006262866780161858 0.01885245367884636 0.12099999934434891 211 205 169
0.005978348199278116 0.019136972725391388 0.12099999934434891 180 177 136
0.0056938291527330875 0.019136972725391388 0.12099999934434891 195 192 151
0.005409310571849346 0.019136972725391388 0.12099999934434891 199 193 155
0.005124791990965605 0.019136972725391388 0.12099999934434891 201 195 157
0.004840273410081863 0.019136972725391388 0.12099999934434891 201 195 159
0.004518103785812855 0.019260982051491737 0.11999999731779099 230 227 193
0.00423593632876873 0.019260982051491737 0.11999999731779099 218 214 178
0.003953769337385893 0.019260982051491737 0.11999999731779099 227 223 187
0.0036716018803417683 0.019260982051491737 0.11999999731779099 234 232 193
0.0033894346561282873 0.019260982051491737 0.11999999731779099 216 214 175
0.0031072674319148064 0.019260982051491737 0.11999999731779099 220 219 177
0.0028250999748706818 0.019260982051491737 0.11999999731779099 228 227 185
0.002542932750657201 0.019260982051491737 0.11999999731779099 227 226 184
0.00226076552644372 0.019543150439858437 0.11999999731779099 250 250 215
0.001978598302230239 0.019543150439858437 0.11999999731779099 255 255 222
0.0016964309616014361 0.019543150439858437 0.11999999731779099 250 250 217
0.0014142636209726334 0.019543150439858437 0.11999999731779099 201 201 168
0.0011320963967591524 0.019543150439858437 0.11999999731779099 217 217 184
0.0008499290561303496 0.019543150439858437 0.11999999731779099 250 253 228
0.0005677617737092078 0.019260982051491737 0.11999999731779099 254 255 218
0.0002855944912880659 0.019260982051491737 0.11999999731779099 254 255 226
3.4272027278348105e-06 0.018978815525770187 0.11999999731779099 232 234 198
-0.0002787400735542178 0.018978815525770187 0.11999999731779099 234 236 202
-0.0005609073559753597 0.018978815525770187 0.11999999731779099 238 240 206
-0.0008430746383965015 0.018978815525770187 0.11999999731779099 244 244 211
-0.0011252419790253043 0.018978815525770187 0.11999999731779099 247 247 214
-0.0014074092032387853 0.018978815525770187 0.11999999731779099 250 247 215
-0.001689576543867588 0.018978815525770187 0.11999999731779099 250 247 215
-0.001971743768081069 0.018978815525770187 0.11999999731779099 251 246 215
-0.003946914803236723 0.019260982051491737 0.11999999731779099 225 214 191
-0.0042290822602808475 0.019260982051491737 0.11999999731779099 202 202 178
-0.004511249251663685 0.018978815525770187 0.11999999731779099 240 233 200
-0.0047934167087078094 0.018978815525770187 0.11999999731779099 252 255 230
-0.005402399227023125 0.01885245367884636 0.12099999934434891 249 255 234
-0.005686917807906866 0.01885245367884636 0.12099999934434891 251 255 236
-0.006020787172019482 0.018721388652920723 0.12200000137090683 240 247 223
-0.006307657342404127 0.018721388652920723 0.12200000137090683 245 252 228
-0.006594527512788773 0.018721388652920723 0.12200000137090683 251 255 232
-0.00693780230358243 0.018874842673540115 0.12300000339746475 254 255 235
-0.007227024063467979 0.018874842673540115 0.12300000339746475 252 255 239
-0.007516245357692242 0.018585622310638428 0.12300000339746475 234 241 219
-0.007805466651916504 0.018585622310638428 0.12300000339746475 233 243 231
-0.008094687946140766 0.018585622310638428 0.12300000339746475 233 243 231
-0.00831574760377407 0.018721388652920723 0.12200000137090683 248 255 250
-0.008602618239820004 0.018721388652920723 0.12200000137090683 249 255 251
-0.008889487944543362 0.01900825835764408 0.12200000137090683 252 255 254
-0.00917635764926672 0.01900825835764408 0.12200000137090683 248 251 250
-0.009463228285312653 0.01929512992501259 0.12200000137090683 245 245 225
-0.00975009799003601 0.01929512992501259 0.12200000137090683 245 245 225
-0.010036968626081944 0.01900825835764408 0.12200000137090683 225 219 193
-0.010408460162580013 0.019164064899086952 0.12300000339746475 247 241 215
-0.010697681456804276 0.018874842673540115 0.12300000339746475 221 216 185
-0.010986902751028538 0.018874842673540115 0.12300000339746475 233 228 197
-0.0112761240452528 0.018585622310638428 0.12300000339746475 220 217 183
-0.01165937352925539 0.01873672381043434 0.12399999797344208 239 236 202
-0.011950945481657982 0.018445150926709175 0.12399999797344208 215 205 173
-0.012242518365383148 0.018445150926709175 0.12399999797344208 226 216 184
-0.012534091249108315 0.01815357804298401 0.12399999797344208 216 204 175
-0.01292909774929285 0.018299978226423264 0.125 216 204 175
-0.013223021291196346 0.018299978226423264 0.125 217 206 181
