0.0163568202406168 0.035827577114105225 0.18299999833106995 212 250 255
0.01669539324939251 0.036059748381376266 0.18199999630451202 211 249 255
0.017123347148299217 0.036059748381376266 0.18199999630451202 209 244 255
0.020008478313684464 0.03586161881685257 0.1809999942779541 183 210 219
0.020434081554412842 0.03586161881685257 0.1809999942779541 173 200 213
0.020744435489177704 0.03608674183487892 0.18000000715255737 200 234 244
0.021167688071727753 0.03608674183487892 0.18000000715255737 204 232 247
0.021590938791632652 0.03650999069213867 0.18000000715255737 214 242 255
0.022014189511537552 0.03650999069213867 0.18000000715255737 218 241 255
0.02741752192378044 0.03611127659678459 0.17399999499320984 131 149 145
0.027826663106679916 0.03611127659678459 0.17399999499320984 207 217 220
0.02823580615222454 0.03611127659678459 0.17399999499320984 223 233 236
0.028644949197769165 0.03611127659678459 0.17399999499320984 214 243 251
0.02905409224331379 0.03611127659678459 0.17399999499320984 214 243 251
0.029463233426213264 0.03570213541388512 0.17399999499320984 186 207 215
0.02987237647175789 0.03570213541388512 0.17399999499320984 198 219 227
0.030281519517302513 0.03570213541388512 0.17399999499320984 213 237 237
0.030690662562847137 0.03570213541388512 0.17399999499320984 219 243 243
0.03127853944897652 0.0359073169529438 0.17499999701976776 220 245 240
0.03169003129005432 0.0359073169529438 0.17499999701976776 220 245 240
0.032101526856422424 0.0359073169529438 0.17499999701976776 200 225 220
0.03251302242279053 0.0359073169529438 0.17499999701976776 186 211 206
0.03311265632510185 0.03569865971803665 0.17599999904632568 184 203 207
0.033526498824357986 0.03569865971803665 0.17599999904632568 219 238 242
0.03394034504890442 0.03569865971803665 0.17599999904632568 230 255 255
0.034768037497997284 0.03528481349349022 0.17599999904632568 224 255 255
0.03518187999725342 0.03487096726894379 0.17599999904632568 208 236 240
0.03559572622179985 0.03487096726894379 0.17599999904632568 228 252 250
0.03600957244634628 0.03487096726894379 0.17599999904632568 230 254 252
0.03663036972284317 0.035069096833467484 0.1770000010728836 232 254 255
0.03683726489543915 0.03528481349349022 0.17599999904632568 230 255 255
0.03725110739469528 0.03569865971803665 0.17599999904632568 226 255 255
0.037664953619241714 0.036112502217292786 0.17599999904632568 222 255 255
0.037664953619241714 0.03652634844183922 0.17599999904632568 215 255 255
0.037664953619241714 0.036112502217292786 0.17599999904632568 222 255 255
0.03807879984378815 0.03569865971803665 0.17599999904632568 131 155 157
0.03871135413646698 0.03590149059891701 0.1770000010728836 150 174 176
0.03912755101919174 0.03590149059891701 0.1770000010728836 193 218 223
0.039543747901916504 0.03590149059891701 0.1770000010728836 214 239 244
0.03995994105935097 0.035485293716192245 0.1770000010728836 237 255 255
0.04037613794207573 0.035485293716192245 0.1770000010728836 237 255 255
0.04079233482480049 0.035069096833467484 0.1770000010728836 241 255 255
0.04144135117530823 0.03484867885708809 0.17800000309944153 239 255 255
0.042095065116882324 0.034623559564352036 0.17900000512599945 218 235 251
0.04275348410010338 0.034816987812519073 0.18000000715255737 207 224 240
0.043656475841999054 0.03520384430885315 0.18199999630451202 199 215 225
0.04275348410010338 0.034816987812519073 0.18000000715255737 207 224 240
0.042095065116882324 0.034623559564352036 0.17900000512599945 218 235 251
0.0416741669178009 0.034623559564352036 0.17900000512599945 220 238 255
0.04079233482480049 0.03465289995074272 0.1770000010728836 237 255 255
0.04037613794207573 0.035069096833467484 0.1770000010728836 234 255 255
0.03995994105935097 0.035485293716192245 0.1770000010728836 237 255 255
0.039543747901916504 0.035485293716192245 0.1770000010728836 198 219 225
0.03912755101919174 0.03590149059891701 0.1770000010728836 193 218 223
0.03871135413646698 0.03590149059891701 0.1770000010728836 150 174 176
0.03807879984378815 0.03569865971803665 0.17599999904632568 131 155 157
0.037664953619241714 0.03569865971803665 0.17599999904632568 222 255 255
0.03725110739469528 0.03528481349349022 0.17599999904632568 234 255 255
0.03683726489543915 0.03528481349349022 0.17599999904632568 230 255 255
0.03663036972284317 0.035069096833467484 0.1770000010728836 232 254 255
0.03600957244634628 0.03487096726894379 0.17599999904632568 230 254 252
0.03559572622179985 0.03487096726894379 0.17599999904632568 228 252 250
0.03518187999725342 0.03487096726894379 0.17599999904632568 208 236 240
0.034768037497997284 0.03528481349349022 0.17599999904632568 224 255 255
0.033526498824357986 0.03569865971803665 0.17599999904632568 219 238 242
0.03311265632510185 0.03569865971803665 0.17599999904632568 184 203 207
0.03251302242279053 0.0359073169529438 0.17499999701976776 186 211 206
0.032101526856422424 0.0359073169529438 0.17499999701976776 200 225 220
0.03169003129005432 0.0359073169529438 0.17499999701976776 220 245 240
0.03127853944897652 0.0359073169529438 0.17499999701976776 220 245 240
0.030690662562847137 0.03570213541388512 0.17399999499320984 219 243 243
0.030281519517302513 0.03570213541388512 0.17399999499320984 213 237 237
0.02987237647175789 0.03570213541388512 0.17399999499320984 198 219 227
0.029463233426213264 0.03570213541388512 0.17399999499320984 186 207 215
0.02905409224331379 0.03611127659678459 0.17399999499320984 214 243 251
0.028644949197769165 0.03611127659678459 0.17399999499320984 214 243 251
0.02823580615222454 0.03611127659678459 0.17399999499320984 223 233 236
0.027826663106679916 0.03611127659678459 0.17399999499320984 207 217 220
0.02741752192378044 0.03611127659678459 0.17399999499320984 131 149 145
0.022014189511537552 0.03650999069213867 0.18000000715255737 218 241 255
0.021590938791632652 0.03608674183487892 0.18000000715255737 193 221 236
0.021167688071727753 0.03608674183487892 0.18000000715255737 204 232 247
0.020744435489177704 0.03608674183487892 0.18000000715255737 200 234 244
0.020434081554412842 0.03586161881685257 0.1809999942779541 173 200 213
0.020008478313684464 0.03586161881685257 0.1809999942779541 183 210 219
0.017123347148299217 0.036059748381376266 0.18199999630451202 209 244 255
