0.05633604899048805 0.023060834035277367 0.21199999749660492 255 188 191
0.056834544986486435 0.023060834035277367 0.21199999749660492 255 187 192
0.05733304098248482 0.023060834035277367 0.21199999749660492 255 189 194
0.05531078577041626 0.023337071761488914 0.20999999344348907 255 187 190
0.055804576724767685 0.023337071761488914 0.20999999344348907 255 198 201
0.05629837140440941 0.023337071761488914 0.20999999344348907 255 204 207
0.057062603533267975 0.023448200896382332 0.210999995470047 255 201 204
0.05755874887108803 0.023448200896382332 0.210999995470047 255 200 201
0.05833003297448158 0.02355933003127575 0.21199999749660492 255 187 188
0.048209432512521744 0.023263463750481606 0.20499999821186066 255 187 190
0.04869147017598152 0.023263463750481606 0.20499999821186066 255 192 195
0.056030284613370895 0.023717384785413742 0.20900000631809235 255 198 200
0.05652172490954399 0.023717384785413742 0.20900000631809235 255 206 208
0.05728595703840256 0.02383086457848549 0.20999999344348907 255 208 213
0.05805489048361778 0.023944344371557236 0.210999995470047 255 193 198
0.0463235005736351 0.02328217215836048 0.20100000500679016 223 156 159
0.04702894762158394 0.023398004472255707 0.20200000703334808 253 186 189
0.04750392958521843 0.023398004472255707 0.20200000703334808 252 190 202
0.04797891154885292 0.023398004472255707 0.20200000703334808 249 187 199
0.048693761229515076 0.023513834923505783 0.2029999941587448 250 182 199
0.049171097576618195 0.023513834923505783 0.2029999941587448 241 173 190
0.05701316520571709 0.024208825081586838 0.20900000631809235 255 193 201
0.05777974799275398 0.024324657395482063 0.20999999344348907 255 187 195
0.0061193364672362804 0.02363661862909794 0.20000000298023224 255 250 192
0.006589615251868963 0.02363661862909794 0.20000000298023224 255 252 209
0.007059894036501646 0.02363661862909794 0.20000000298023224 253 229 186
0.007530172821134329 0.02363661862909794 0.20000000298023224 243 206 174
0.008000452071428299 0.02363661862909794 0.20000000298023224 247 210 178
0.0384272038936615 0.02245478890836239 0.1899999976158142 193 126 129
0.03887397050857544 0.02245478890836239 0.1899999976158142 180 113 116
0.04493841528892517 0.023282069712877274 0.19699999690055847 255 206 207
0.04563210532069206 0.02340025268495083 0.1979999989271164 255 221 221
0.04633049666881561 0.023518435657024384 0.19900000095367432 255 212 212
0.046798426657915115 0.023518435657024384 0.19900000095367432 255 196 204
0.04726635292172432 0.023518435657024384 0.19900000095367432 250 188 196
0.047974150627851486 0.02363661862909794 0.20000000298023224 255 188 200
0.04868665337562561 0.023754803463816643 0.20100000500679016 255 195 207
0.04915928095579147 0.023754803463816643 0.20100000500679016 244 175 186
0.049878835678100586 0.023872986435890198 0.20200000703334808 220 151 162
0.05035381764173508 0.023872986435890198 0.20200000703334808 200 132 140
0.05082879960536957 0.023872986435890198 0.20200000703334808 194 126 134
0.05399386212229729 0.024227535352110863 0.20499999821186066 255 187 195
0.054475899785757065 0.024227535352110863 0.20499999821186066 255 187 195
0.05522602051496506 0.024345718324184418 0.20600000023841858 255 192 199
0.05750460922718048 0.024700267240405083 0.20900000631809235 255 187 195
0.006058142986148596 0.023865830153226852 0.1979999989271164 255 252 194
0.006523719057440758 0.023865830153226852 0.1979999989271164 255 255 216
0.007024594582617283 0.023986363783478737 0.19900000095367432 255 252 213
0.007454871200025082 0.023865830153226852 0.1979999989271164 240 218 190
0.007920447736978531 0.023865830153226852 0.1979999989271164 230 208 180
0.008216608315706253 0.023383691906929016 0.1940000057220459 242 220 192
0.008538664318621159 0.023022087290883064 0.19099999964237213 255 240 212
0.008987780660390854 0.023022087290883064 0.19099999964237213 255 254 235
0.00973073486238718 0.02266048453748226 0.18799999356269836 255 255 243
0.010118686594069004 0.022539949044585228 0.18700000643730164 255 255 243
0.01050193514674902 0.022419415414333344 0.1860000044107437 255 255 245
0.010939294472336769 0.022419415414333344 0.1860000044107437 255 255 245
0.011376653797924519 0.022419415414333344 0.1860000044107437 255 255 243
0.013490528799593449 0.02229888178408146 0.1850000023841858 255 246 238
0.013850263319909573 0.022178346291184425 0.18400000035762787 255 248 245
0.014282919466495514 0.022178346291184425 0.18400000035762787 255 248 245
0.01471557654440403 0.022178346291184425 0.18400000035762787 255 251 247
0.015148232690989971 0.022178346291184425 0.18400000035762787 255 251 247
0.015580888837575912 0.022178346291184425 0.18400000035762787 255 250 240
0.029106050729751587 0.021937277168035507 0.18199999630451202 250 196 188
0.029534004628658295 0.021937277168035507 0.18199999630451202 255 214 206
0.029797332361340523 0.021816743537783623 0.1809999942779541 255 226 217
0.030222933739423752 0.021816743537783623 0.1809999942779541 255 230 221
0.030817866325378418 0.021937277168035507 0.18199999630451202 255 242 227
0.031245820224285126 0.021937277168035507 0.18199999630451202 255 241 226
0.031673774123191833 0.021937277168035507 0.18199999630451202 255 239 222
0.03245449438691139 0.022178346291184425 0.18400000035762787 255 232 215
0.0369410403072834 0.022539949044585228 0.18700000643730164 255 221 203
0.03738074749708176 0.022539949044585228 0.18700000643730164 255 242 224
0.03782045841217041 0.022539949044585228 0.18700000643730164 255 249 239
0.038260169327259064 0.022539949044585228 0.18700000643730164 255 249 239
0.03890683129429817 0.02266048453748226 0.18799999356269836 255 232 233
0.044475190341472626 0.02374529466032982 0.19699999690055847 255 200 193
0.044710300862789154 0.023624761030077934 0.19599999487400055 255 212 205
0.04517117515206337 0.023624761030077934 0.19599999487400055 255 207 208
0.04633049666881561 0.023986363783478737 0.19900000095367432 255 205 206
0.046328090131282806 0.02374529466032982 0.19699999690055847 255 209 217
0.04679131507873535 0.02374529466032982 0.19699999690055847 255 199 207
0.04749440774321556 0.023865830153226852 0.1979999989271164 243 179 188
0.048202209174633026 0.023986363783478737 0.19900000095367432 243 179 188
0.04867013543844223 0.023986363783478737 0.19900000095367432 235 173 183
0.049138061702251434 0.023986363783478737 0.19900000095367432 231 169 179
0.04985526576638222 0.02410689741373062 0.20000000298023224 190 130 138
0.05032554641366005 0.02410689741373062 0.20000000298023224 207 147 155
0.05104980245232582 0.024227432906627655 0.20100000500679016 249 190 195
0.05152243375778198 0.024227432906627655 0.20100000500679016 251 192 197
0.05225374549627304 0.02434796653687954 0.20200000703334808 255 195 210
0.05298975855112076 0.024468502029776573 0.2029999941587448 255 196 211
0.054957933723926544 0.02470957115292549 0.20499999821186066 255 199 208
0.05543997138738632 0.02470957115292549 0.20499999821186066 255 196 205
0.005536076612770557 0.024085633456707 0.19599999487400055 255 254 192
0.0059969499707221985 0.024085633456707 0.19599999487400055 255 255 194
0.006457822863012552 0.024085633456707 0.19599999487400055 255 255 223
0.006918696220964193 0.024085633456707 0.19599999487400055 255 255 223
0.007379569578915834 0.024085633456707 0.19599999487400055 255 251 227
0.007800440303981304 0.023962747305631638 0.19499999284744263 234 226 202
0.00817425549030304 0.02371697500348091 0.19300000369548798 237 230 209
0.008538664318621159 0.023471204563975334 0.19099999964237213 255 254 233
0.008893667720258236 0.023225432261824608 0.1889999955892563 255 255 243
0.009288673289120197 0.023102546110749245 0.18799999356269836 255 255 243
0.00967897567898035 0.02297965995967388 0.18700000643730164 254 255 249
0.010118686594069004 0.02297965995967388 0.18700000643730164 254 255 249
0.01050193514674902 0.02285677380859852 0.1860000044107437 254 255 249
0.010939294472336769 0.02285677380859852 0.1860000044107437 254 255 249
0.011376653797924519 0.02285677380859852 0.1860000044107437 254 255 249
0.011814013123512268 0.02285677380859852 0.1860000044107437 254 255 249
0.012185504660010338 0.022733889520168304 0.1850000023841858 255 255 249
0.012620512396097183 0.022733889520168304 0.1850000023841858 255 255 249
0.013055521063506603 0.022733889520168304 0.1850000023841858 255 254 247
0.013490528799593449 0.022733889520168304 0.1850000023841858 255 254 247
0.013850263319909573 0.02261100336909294 0.18400000035762787 255 253 249
0.014282919466495514 0.02261100336909294 0.18400000035762787 255 253 249
0.01471557654440403 0.02261100336909294 0.18400000035762787 255 254 249
0.015148232690989971 0.02261100336909294 0.18400000035762787 255 254 249
0.01549621019512415 0.022488117218017578 0.18299999833106995 255 254 249
0.01592651568353176 0.022488117218017578 0.18299999833106995 255 254 249
0.0162674393504858 0.022365231066942215 0.18199999630451202 255 254 247
0.01669539324939251 0.022365231066942215 0.18199999630451202 255 254 247
0.017551301047205925 0.022365231066942215 0.18199999630451202 253 232 219
0.01788046769797802 0.022242344915866852 0.1809999942779541 255 237 217
0.01830606907606125 0.022242344915866852 0.1809999942779541 255 244 224
0.018731672316789627 0.022242344915866852 0.1809999942779541 255 248 223
0.019157273694872856 0.022242344915866852 0.1809999942779541 255 248 223
0.019582876935601234 0.022242344915866852 0.1809999942779541 255 248 221
0.020008478313684464 0.022242344915866852 0.1809999942779541 255 247 220
0.020434081554412842 0.022242344915866852 0.1809999942779541 255 248 216
0.020744435489177704 0.02211945876479149 0.18000000715255737 255 248 216
0.021167688071727753 0.02211945876479149 0.18000000715255737 255 239 215
0.021590938791632652 0.02211945876479149 0.18000000715255737 255 229 205
0.02455369383096695 0.02211945876479149 0.18000000715255737 164 96 104
0.024976946413517 0.02211945876479149 0.18000000715255737 169 101 109
0.025400197133421898 0.02211945876479149 0.18000000715255737 162 100 112
0.025823447853326797 0.02211945876479149 0.18000000715255737 164 102 114
0.028520524501800537 0.022242344915866852 0.1809999942779541 255 241 220
0.028946127742528915 0.022242344915866852 0.1809999942779541 255 251 235
0.029371729120612144 0.022242344915866852 0.1809999942779541 255 251 235
0.029797332361340523 0.022242344915866852 0.1809999942779541 255 252 240
0.030222933739423752 0.022242344915866852 0.1809999942779541 255 253 241
0.03064853698015213 0.022242344915866852 0.1809999942779541 255 252 243
0.031245820224285126 0.022365231066942215 0.18199999630451202 255 251 242
0.031673774123191833 0.022365231066942215 0.18199999630451202 255 250 241
0.036061618477106094 0.02297965995967388 0.18700000643730164 242 193 181
0.03611093759536743 0.022733889520168304 0.1850000023841858 255 237 225
0.036545947194099426 0.022733889520168304 0.1850000023841858 255 253 239
0.03698095679283142 0.022733889520168304 0.1850000023841858 255 253 239
0.03741596266627312 0.022733889520168304 0.1850000023841858 255 253 245
0.03785097226500511 0.022733889520168304 0.1850000023841858 255 253 245
0.03849292919039726 0.02285677380859852 0.1860000044107437 255 249 247
0.03913959115743637 0.02297965995967388 0.18700000643730164 255 244 242
0.04000261053442955 0.023225432261824608 0.1889999955892563 255 188 196
0.04357214272022247 0.02371697500348091 0.19300000369548798 255 220 207
0.0440259613096714 0.02371697500348091 0.19300000369548798 255 219 206
0.04447977989912033 0.02371697500348091 0.19300000369548798 251 208 210
0.045166414231061935 0.023839861154556274 0.1940000057220459 231 188 190
0.045622583478689194 0.023839861154556274 0.1940000057220459 240 183 190
0.046316273510456085 0.023962747305631638 0.19499999284744263 234 177 184
0.047014668583869934 0.024085633456707 0.19599999487400055 237 183 186
0.04747553914785385 0.024085633456707 0.19599999487400055 255 206 209
0.04818098619580269 0.024208519607782364 0.19699999690055847 255 219 224
0.048644211143255234 0.024208519607782364 0.19699999690055847 255 217 222
0.04935671389102936 0.024331405758857727 0.1979999989271164 216 168 176
0.05007391795516014 0.02445429190993309 0.19900000095367432 255 222 230
0.050541844218969345 0.02445429190993309 0.19900000095367432 255 233 238
0.051266103982925415 0.024577176198363304 0.20000000298023224 255 238 243
0.051995061337947845 0.024700062349438667 0.20100000500679016 255 237 246
0.05246769264340401 0.024700062349438667 0.20100000500679016 255 226 235
0.05320370942354202 0.02482294850051403 0.20200000703334808 246 183 198
0.0539444275200367 0.024945834651589394 0.2029999941587448 231 168 183
0.05442176014184952 0.024945834651589394 0.2029999941587448 249 180 191
0.05516953021287918 0.025068720802664757 0.20399999618530273 255 201 212
0.005507831461727619 0.024421269074082375 0.19499999284744263 255 255 197
0.005966353230178356 0.024421269074082375 0.19499999284744263 255 255 197
0.006391926668584347 0.024296032264828682 0.1940000057220459 255 255 229
0.006848097313195467 0.024296032264828682 0.1940000057220459 255 255 229
0.00726661691442132 0.02417079545557499 0.19300000369548798 255 255 239
0.007720435969531536 0.02417079545557499 0.19300000369548798 253 252 235
0.008089547976851463 0.023920319974422455 0.19099999964237213 247 246 231
0.008493958972394466 0.023795083165168762 0.1899999976158142 255 255 241
0.008893667720258236 0.02366984635591507 0.1889999955892563 254 255 247
0.009288673289120197 0.023544607684016228 0.18799999356269836 254 255 247
0.00967897567898035 0.023419370874762535 0.18700000643730164 254 255 249
0.010118686594069004 0.023419370874762535 0.18700000643730164 254 255 249
0.01050193514674902 0.023294134065508842 0.1860000044107437 254 255 249
0.010939294472336769 0.023294134065508842 0.1860000044107437 254 255 249
0.011376653797924519 0.023294134065508842 0.1860000044107437 254 255 251
0.011814013123512268 0.023294134065508842 0.1860000044107437 254 255 251
0.012185504660010338 0.02316889725625515 0.1850000023841858 254 255 249
0.012620512396097183 0.02316889725625515 0.1850000023841858 254 255 249
0.013055521063506603 0.02316889725625515 0.1850000023841858 254 255 251
0.013490528799593449 0.02316889725625515 0.1850000023841858 254 255 251
0.013925536535680294 0.02316889725625515 0.1850000023841858 254 255 251
0.014282919466495514 0.023043658584356308 0.18400000035762787 254 255 251
0.01471557654440403 0.023043658584356308 0.18400000035762787 254 255 251
0.015148232690989971 0.023043658584356308 0.18400000035762787 254 255 251
0.01549621019512415 0.022918421775102615 0.18299999833106995 254 255 251
0.01592651568353176 0.022918421775102615 0.18299999833106995 254 255 251
0.0162674393504858 0.022793184965848923 0.18199999630451202 254 255 251
0.01669539324939251 0.022793184965848923 0.18199999630451202 254 255 251
0.01788046769797802 0.02266794815659523 0.1809999942779541 255 255 241
0.01830606907606125 0.02266794815659523 0.1809999942779541 255 255 241
0.018731672316789627 0.02266794815659523 0.1809999942779541 255 255 241
0.019157273694872856 0.02266794815659523 0.1809999942779541 255 255 241
0.019582876935601234 0.02266794815659523 0.1809999942779541 255 255 241
0.020008478313684464 0.02266794815659523 0.1809999942779541 255 255 241
0.020434081554412842 0.02266794815659523 0.1809999942779541 255 255 239
0.020744435489177704 0.022542709484696388 0.18000000715255737 255 255 239
0.021167688071727753 0.022542709484696388 0.18000000715255737 255 255 237
0.021590938791632652 0.022542709484696388 0.18000000715255737 255 255 237
0.022014189511537552 0.022542709484696388 0.18000000715255737 255 238 230
0.02243744023144245 0.022542709484696388 0.18000000715255737 208 160 152
0.02328394167125225 0.022542709484696388 0.18000000715255737 255 216 204
0.02370719239115715 0.022542709484696388 0.18000000715255737 255 243 226
0.02413044311106205 0.022542709484696388 0.18000000715255737 255 248 231
0.02455369383096695 0.022542709484696388 0.18000000715255737 255 249 241
0.024976946413517 0.022542709484696388 0.18000000715255737 255 249 241
0.025400197133421898 0.022542709484696388 0.18000000715255737 255 250 247
0.025823447853326797 0.022542709484696388 0.18000000715255737 255 250 247
0.026246698573231697 0.022542709484696388 0.18000000715255737 255 248 243
0.026669949293136597 0.022542709484696388 0.18000000715255737 255 244 239
0.027093200013041496 0.022542709484696388 0.18000000715255737 254 224 208
0.028094923123717308 0.02266794815659523 0.1809999942779541 255 251 225
0.028520524501800537 0.02266794815659523 0.1809999942779541 255 253 227
0.028946127742528915 0.02266794815659523 0.1809999942779541 255 255 241
0.029371729120612144 0.02266794815659523 0.1809999942779541 255 255 241
0.029797332361340523 0.02266794815659523 0.1809999942779541 255 255 247
0.030222933739423752 0.02266794815659523 0.1809999942779541 255 255 247
0.03064853698015213 0.02266794815659523 0.1809999942779541 255 255 247
0.03107413835823536 0.02266794815659523 0.1809999942779541 255 255 247
0.031673774123191833 0.022793184965848923 0.18199999630451202 255 254 249
0.03227810934185982 0.022918421775102615 0.18299999833106995 255 254 249
0.03430277481675148 0.023419370874762535 0.18700000643730164 235 189 181
0.034742485731840134 0.023419370874762535 0.18700000643730164 145 99 91
0.035675931721925735 0.02316889725625515 0.1850000023841858 255 250 238
0.03611093759536743 0.02316889725625515 0.1850000023841858 255 251 239
0.036545947194099426 0.02316889725625515 0.1850000023841858 255 254 244
0.03698095679283142 0.02316889725625515 0.1850000023841858 255 255 245
0.03741596266627312 0.02316889725625515 0.1850000023841858 255 255 247
0.03785097226500511 0.02316889725625515 0.1850000023841858 255 255 247
0.03849292919039726 0.023294134065508842 0.1860000044107437 255 253 249
0.03913959115743637 0.023419370874762535 0.18700000643730164 255 253 249
0.04000261053442955 0.02366984635591507 0.1889999955892563 255 235 235
0.04044702276587486 0.02366984635591507 0.1889999955892563 207 169 169
0.04132414981722832 0.023920319974422455 0.19099999964237213 220 164 152
0.04177326709032059 0.023920319974422455 0.19099999964237213 255 215 203
0.04200132563710213 0.023795083165168762 0.1899999976158142 255 235 211
0.04244808852672577 0.023795083165168762 0.1899999976158142 255 244 220
0.0431206151843071 0.023920319974422455 0.19099999964237213 255 251 239
0.04356973245739937 0.023920319974422455 0.19099999964237213 255 251 239
0.04401884973049164 0.023920319974422455 0.19099999964237213 255 248 246
0.044700782746076584 0.024045556783676147 0.19200000166893005 252 233 231
0.04515225067734718 0.024045556783676147 0.19200000166893005 230 190 191
0.04584123566746712 0.02417079545557499 0.19300000369548798 228 188 189
0.046295054256916046 0.02417079545557499 0.19300000369548798 255 227 226
0.04699109494686127 0.024296032264828682 0.1940000057220459 255 235 234
0.047691840678453445 0.024421269074082375 0.19499999284744263 255 246 242
0.04815036430954933 0.024421269074082375 0.19499999284744263 255 246 242
0.0488581620156765 0.024546505883336067 0.19599999487400055 240 201 210
0.049570661038160324 0.02467174455523491 0.19699999690055847 255 216 225
0.05028786510229111 0.0247969813644886 0.1979999989271164 255 241 250
0.05075344070792198 0.0247969813644886 0.1979999989271164 255 242 251
0.05147770047187805 0.024922218173742294 0.19900000095367432 255 247 251
0.05220666155219078 0.025047456845641136 0.20000000298023224 255 237 241
0.05294032394886017 0.02517269365489483 0.20100000500679016 255 222 233
0.05341295525431633 0.02517269365489483 0.20100000500679016 242 193 204
0.054153669625520706 0.02529793046414852 0.20200000703334808 223 154 165
0.05489909276366234 0.025423167273402214 0.2029999941587448 254 185 196
0.005479585845023394 0.02475220337510109 0.1940000057220459 255 255 201
0.005935756489634514 0.02475220337510109 0.1940000057220459 255 255 199
0.006391926668584347 0.02475220337510109 0.1940000057220459 255 255 235
0.006812797859311104 0.024624614045023918 0.19300000369548798 255 255 235
0.007228965871036053 0.024497024714946747 0.19200000166893005 255 255 243
0.007640431635081768 0.024369437247514725 0.19099999964237213 255 255 243
0.008089547976851463 0.024369437247514725 0.19099999964237213 254 255 247
0.008493958972394466 0.024241847917437553 0.1899999976158142 254 255 247
0.008893667720258236 0.024114258587360382 0.1889999955892563 254 255 249
0.009288673289120197 0.02398667111992836 0.18799999356269836 254 255 249
0.00967897567898035 0.02385908178985119 0.18700000643730164 254 255 249
0.010118686594069004 0.02385908178985119 0.18700000643730164 254 255 249
0.01050193514674902 0.023731492459774017 0.1860000044107437 254 255 249
0.010939294472336769 0.023731492459774017 0.1860000044107437 254 255 249
0.011376653797924519 0.023731492459774017 0.1860000044107437 254 255 251
0.011814013123512268 0.023731492459774017 0.1860000044107437 254 255 251
0.012185504660010338 0.023603904992341995 0.1850000023841858 254 255 251
0.012620512396097183 0.023603904992341995 0.1850000023841858 254 255 251
0.013055521063506603 0.023603904992341995 0.1850000023841858 254 255 251
0.013490528799593449 0.023603904992341995 0.1850000023841858 254 255 251
0.013925536535680294 0.023603904992341995 0.1850000023841858 254 255 251
0.014282919466495514 0.023476315662264824 0.18400000035762787 254 255 251
0.01471557654440403 0.023476315662264824 0.18400000035762787 254 255 251
0.015065905638039112 0.023348728194832802 0.18299999833106995 254 255 251
0.01549621019512415 0.023348728194832802 0.18299999833106995 254 255 251
0.01592651568353176 0.023348728194832802 0.18299999833106995 254 255 251
0.0162674393504858 0.02322113886475563 0.18199999630451202 254 255 251
0.01669539324939251 0.02322113886475563 0.18199999630451202 254 255 251
0.017123347148299217 0.02322113886475563 0.18199999630451202 254 255 251
0.01745486445724964 0.02309354953467846 0.1809999942779541 254 255 251
0.01788046769797802 0.02309354953467846 0.1809999942779541 254 255 249
0.01830606907606125 0.02309354953467846 0.1809999942779541 254 255 249
0.018731672316789627 0.02309354953467846 0.1809999942779541 254 255 247
0.019157273694872856 0.02309354953467846 0.1809999942779541 254 255 247
0.019582876935601234 0.02309354953467846 0.1809999942779541 254 255 247
0.020008478313684464 0.02309354953467846 0.1809999942779541 254 255 247
0.020434081554412842 0.02309354953467846 0.1809999942779541 254 255 247
0.02085968293249607 0.02309354953467846 0.1809999942779541 254 255 247
0.021167688071727753 0.022965962067246437 0.18000000715255737 254 255 247
0.021590938791632652 0.022965962067246437 0.18000000715255737 254 255 247
0.022014189511537552 0.022965962067246437 0.18000000715255737 255 250 243
0.02243744023144245 0.022965962067246437 0.18000000715255737 226 210 203
0.02286069095134735 0.022965962067246437 0.18000000715255737 255 243 230
0.02328394167125225 0.022965962067246437 0.18000000715255737 255 250 237
0.02370719239115715 0.022965962067246437 0.18000000715255737 255 253 235
0.02413044311106205 0.022965962067246437 0.18000000715255737 255 254 236
0.02455369383096695 0.022965962067246437 0.18000000715255737 255 254 243
0.024976946413517 0.022965962067246437 0.18000000715255737 255 254 243
0.025400197133421898 0.022965962067246437 0.18000000715255737 255 253 246
0.025823447853326797 0.022965962067246437 0.18000000715255737 255 254 247
0.026246698573231697 0.022965962067246437 0.18000000715255737 255 253 244
0.026669949293136597 0.022965962067246437 0.18000000715255737 255 253 244
0.027093200013041496 0.022965962067246437 0.18000000715255737 255 253 240
0.027516450732946396 0.022965962067246437 0.18000000715255737 255 254 241
0.028094923123717308 0.02309354953467846 0.1809999942779541 255 255 240
0.028520524501800537 0.02309354953467846 0.1809999942779541 255 255 241
0.028946127742528915 0.02309354953467846 0.1809999942779541 254 255 249
0.029371729120612144 0.02309354953467846 0.1809999942779541 254 255 249
0.029797332361340523 0.02309354953467846 0.1809999942779541 254 255 249
0.030222933739423752 0.02309354953467846 0.1809999942779541 254 255 249
0.03064853698015213 0.02309354953467846 0.1809999942779541 254 255 251
0.03107413835823536 0.02309354953467846 0.1809999942779541 254 255 251
0.03149973973631859 0.02309354953467846 0.1809999942779541 254 255 251
0.03192534297704697 0.02309354953467846 0.1809999942779541 254 255 251
0.03252968192100525 0.02322113886475563 0.18199999630451202 255 255 247
0.03295763581991196 0.02322113886475563 0.18199999630451202 255 255 247
0.0344296358525753 0.023348728194832802 0.18299999833106995 255 242 227
0.03485994040966034 0.023348728194832802 0.18299999833106995 255 250 235
0.0350974015891552 0.02322113886475563 0.18199999630451202 255 255 247
0.035525355488061905 0.02322113886475563 0.18199999630451202 255 255 247
0.03615085408091545 0.023348728194832802 0.18299999833106995 254 255 249
0.03658116236329079 0.023348728194832802 0.18299999833106995 254 255 249
0.037011466920375824 0.023348728194832802 0.18299999833106995 254 255 249
0.03744177147746086 0.023348728194832802 0.18299999833106995 254 255 249
0.03807902708649635 0.023476315662264824 0.18400000035762787 254 255 251
0.03851168230175972 0.023476315662264824 0.18400000035762787 254 255 251
0.04000261053442955 0.024114258587360382 0.1889999955892563 254 243 236
0.04044702276587486 0.024114258587360382 0.1889999955892563 248 237 230
0.040891438722610474 0.024114258587360382 0.1889999955892563 255 234 217
0.041335850954055786 0.024114258587360382 0.1889999955892563 255 249 232
0.04200132563710213 0.024241847917437553 0.1899999976158142 255 254 233
0.04244808852672577 0.024241847917437553 0.1899999976158142 255 254 233
0.0431206151843071 0.024369437247514725 0.19099999964237213 255 255 243
0.04356973245739937 0.024369437247514725 0.19099999964237213 255 255 243
0.04401884973049164 0.024369437247514725 0.19099999964237213 255 253 249
0.044700782746076584 0.024497024714946747 0.19200000166893005 255 253 249
0.04515225067734718 0.024497024714946747 0.19200000166893005 255 240 240
0.04584123566746712 0.024624614045023918 0.19300000369548798 229 203 203
0.046295054256916046 0.024624614045023918 0.19300000369548798 255 243 237
0.04699109494686127 0.02475220337510109 0.1940000057220459 255 246 240
0.047691840678453445 0.02487979084253311 0.19499999284744263 255 247 241
0.04790343716740608 0.02475220337510109 0.1940000057220459 255 248 242
0.04835960641503334 0.02475220337510109 0.1940000057220459 255 225 236
0.049067407846450806 0.02487979084253311 0.19499999284744263 232 199 210
0.04977990686893463 0.025007380172610283 0.19599999487400055 255 238 250
0.050497110933065414 0.025134969502687454 0.19699999690055847 255 242 254
0.051219016313552856 0.025262556970119476 0.1979999989271164 255 249 249
0.051945626735687256 0.025390146300196648 0.19900000095367432 255 249 249
0.052676938474178314 0.02551773563027382 0.20000000298023224 255 231 238
0.053147219121456146 0.02551773563027382 0.20000000298023224 251 214 221
0.05388558283448219 0.02564532309770584 0.20100000500679016 233 169 180
0.0546286515891552 0.025772912427783012 0.20200000703334808 236 172 183
0.005479585845023394 0.025208372622728348 0.1940000057220459 255 255 203
0.005935756489634514 0.025208372622728348 0.1940000057220459 255 255 202
0.006358978804200888 0.025078432634472847 0.19300000369548798 255 255 233
0.006812797859311104 0.025078432634472847 0.19300000369548798 255 255 233
0.007228965871036053 0.024948492646217346 0.19200000166893005 254 255 245
0.007640431635081768 0.024818552657961845 0.19099999964237213 254 255 245
0.008047194220125675 0.024688612669706345 0.1899999976158142 254 255 249
0.008449253626167774 0.024558672681450844 0.1889999955892563 254 255 249
0.008893667720258236 0.024558672681450844 0.1889999955892563 254 255 249
0.009288673289120197 0.024428732693195343 0.18799999356269836 254 255 249
0.00967897567898035 0.024298792704939842 0.18700000643730164 254 255 251
0.010118686594069004 0.024298792704939842 0.18700000643730164 254 255 251
0.01050193514674902 0.02416885271668434 0.1860000044107437 254 255 251
0.010939294472336769 0.02416885271668434 0.1860000044107437 254 255 251
0.011376653797924519 0.02416885271668434 0.1860000044107437 254 255 251
0.011814013123512268 0.02416885271668434 0.1860000044107437 254 255 251
0.012185504660010338 0.02403891272842884 0.1850000023841858 254 255 251
0.012620512396097183 0.02403891272842884 0.1850000023841858 254 255 251
0.013055521063506603 0.02403891272842884 0.1850000023841858 254 255 251
0.013490528799593449 0.02403891272842884 0.1850000023841858 254 255 251
0.013925536535680294 0.02403891272842884 0.1850000023841858 254 255 251
0.014282919466495514 0.02390897274017334 0.18400000035762787 254 255 251
0.01471557654440403 0.02390897274017334 0.18400000035762787 254 255 251
0.015065905638039112 0.02377903275191784 0.18299999833106995 254 255 251
0.01549621019512415 0.02377903275191784 0.18299999833106995 254 255 251
0.01592651568353176 0.02377903275191784 0.18299999833106995 254 255 251
0.0162674393504858 0.023649092763662338 0.18199999630451202 254 255 251
0.01669539324939251 0.023649092763662338 0.18199999630451202 254 255 251
0.017123347148299217 0.023649092763662338 0.18199999630451202 254 255 251
0.01745486445724964 0.023519152775406837 0.1809999942779541 254 255 251
0.01788046769797802 0.023519152775406837 0.1809999942779541 254 255 251
0.01830606907606125 0.023519152775406837 0.1809999942779541 254 255 251
0.018731672316789627 0.023519152775406837 0.1809999942779541 254 255 251
0.019157273694872856 0.023519152775406837 0.1809999942779541 254 255 251
0.019582876935601234 0.023519152775406837 0.1809999942779541 254 255 251
0.020008478313684464 0.023519152775406837 0.1809999942779541 254 255 251
0.020434081554412842 0.023519152775406837 0.1809999942779541 254 255 251
0.02085968293249607 0.023519152775406837 0.1809999942779541 254 255 251
0.021167688071727753 0.023389212787151337 0.18000000715255737 254 255 251
0.021590938791632652 0.023389212787151337 0.18000000715255737 254 255 251
0.022014189511537552 0.023389212787151337 0.18000000715255737 254 255 247
0.02243744023144245 0.023389212787151337 0.18000000715255737 246 248 239
0.02286069095134735 0.023389212787151337 0.18000000715255737 255 254 244
0.02328394167125225 0.023389212787151337 0.18000000715255737 255 255 245
0.02370719239115715 0.023389212787151337 0.18000000715255737 255 255 247
0.02413044311106205 0.023389212787151337 0.18000000715255737 255 255 247
0.02455369383096695 0.023389212787151337 0.18000000715255737 255 255 249
0.024976946413517 0.023389212787151337 0.18000000715255737 255 255 249
0.025400197133421898 0.023389212787151337 0.18000000715255737 255 255 249
0.025823447853326797 0.023389212787151337 0.18000000715255737 255 255 249
0.026246698573231697 0.023389212787151337 0.18000000715255737 255 255 249
0.026669949293136597 0.023389212787151337 0.18000000715255737 255 255 249
0.027093200013041496 0.023389212787151337 0.18000000715255737 254 255 247
0.027516450732946396 0.023389212787151337 0.18000000715255737 254 255 247
0.027939701452851295 0.023389212787151337 0.18000000715255737 254 255 247
0.028520524501800537 0.023519152775406837 0.1809999942779541 254 255 247
0.028946127742528915 0.023519152775406837 0.1809999942779541 254 255 247
0.029371729120612144 0.023519152775406837 0.1809999942779541 254 255 247
0.029797332361340523 0.023519152775406837 0.1809999942779541 254 255 249
0.030222933739423752 0.023519152775406837 0.1809999942779541 254 255 249
0.03064853698015213 0.023519152775406837 0.1809999942779541 254 255 249
0.03107413835823536 0.023519152775406837 0.1809999942779541 254 255 249
0.03149973973631859 0.023519152775406837 0.1809999942779541 254 255 249
0.03192534297704697 0.023519152775406837 0.1809999942779541 254 255 249
0.032350946217775345 0.023519152775406837 0.1809999942779541 254 255 249
0.03277654945850372 0.023519152775406837 0.1809999942779541 254 255 249
0.0332021489739418 0.023519152775406837 0.1809999942779541 255 254 244
0.03362775221467018 0.023519152775406837 0.1809999942779541 255 254 244
0.03405335545539856 0.023519152775406837 0.1809999942779541 255 255 245
0.03447895869612694 0.023519152775406837 0.1809999942779541 255 255 245
0.03490455821156502 0.023519152775406837 0.1809999942779541 254 255 249
0.035330161452293396 0.023519152775406837 0.1809999942779541 254 255 249
0.035755764693021774 0.023519152775406837 0.1809999942779541 254 255 251
0.03618136793375015 0.023519152775406837 0.1809999942779541 254 255 251
0.03660696744918823 0.023519152775406837 0.1809999942779541 254 255 251
0.037237171083688736 0.023649092763662338 0.18199999630451202 254 255 251
0.037665124982595444 0.023649092763662338 0.18199999630451202 254 255 251
0.038302380591630936 0.02377903275191784 0.18299999833106995 254 255 251
0.038944341242313385 0.02390897274017334 0.18400000035762787 255 254 249
0.04045872390270233 0.024298792704939842 0.18700000643730164 255 251 242
0.040898434817790985 0.024298792704939842 0.18700000643730164 255 251 242
0.04155920445919037 0.024428732693195343 0.18799999356269836 255 255 243
0.04200126603245735 0.024428732693195343 0.18799999356269836 255 255 243
0.04266909137368202 0.024558672681450844 0.1889999955892563 255 255 247
0.043113503605127335 0.024558672681450844 0.1889999955892563 255 255 247
0.04378838464617729 0.024688612669706345 0.1899999976158142 255 255 249
0.044235147535800934 0.024688612669706345 0.1899999976158142 255 255 249
0.044681914150714874 0.024688612669706345 0.1899999976158142 255 246 243
0.04536619782447815 0.024818552657961845 0.19099999964237213 227 211 208
0.04581531509757042 0.024818552657961845 0.19099999964237213 245 224 219
0.04650665074586868 0.024948492646217346 0.19200000166893005 255 248 243
0.0472026951611042 0.025078432634472847 0.19300000369548798 255 249 243
0.04765651375055313 0.025078432634472847 0.19300000369548798 255 251 245
0.04835960641503334 0.025208372622728348 0.1940000057220459 255 225 235
0.049067407846450806 0.02533831261098385 0.19499999284744263 233 203 213
0.04977990686893463 0.02546825259923935 0.19599999487400055 247 213 221
0.050497110933065414 0.02559819258749485 0.19699999690055847 255 243 251
0.051219016313552856 0.02572813257575035 0.1979999989271164 255 246 246
0.051945626735687256 0.025858072564005852 0.19900000095367432 255 249 249
0.052676938474178314 0.025988014414906502 0.20000000298023224 255 242 247
0.053147219121456146 0.025988014414906502 0.20000000298023224 239 212 217
0.05388558283448219 0.026117954403162003 0.20100000500679016 255 197 209
0.0546286515891552 0.026247894391417503 0.20200000703334808 219 157 169
0.005479585845023394 0.025664543733000755 0.1940000057220459 255 255 198
0.0059051597490906715 0.025532251223921776 0.19300000369548798 255 255 200
0.006358978804200888 0.025532251223921776 0.19300000369548798 255 255 227
0.006777498405426741 0.025399960577487946 0.19200000166893005 255 255 227
0.007191315293312073 0.025267669931054115 0.19099999964237213 254 255 241
0.007640431635081768 0.025267669931054115 0.19099999964237213 254 255 241
0.008047194220125675 0.025135377421975136 0.1899999976158142 254 255 247
0.008449253626167774 0.025003086775541306 0.1889999955892563 254 255 247
0.008893667720258236 0.025003086775541306 0.1889999955892563 254 255 249
0.009288673289120197 0.024870794266462326 0.18799999356269836 254 255 249
0.00967897567898035 0.024738503620028496 0.18700000643730164 254 255 249
0.010118686594069004 0.024738503620028496 0.18700000643730164 254 255 249
0.01050193514674902 0.024606211110949516 0.1860000044107437 254 255 251
0.010939294472336769 0.024606211110949516 0.1860000044107437 254 255 251
0.011376653797924519 0.024606211110949516 0.1860000044107437 254 255 251
0.011814013123512268 0.024606211110949516 0.1860000044107437 254 255 251
0.012251372449100018 0.024606211110949516 0.1860000044107437 254 255 251
0.012620512396097183 0.024473920464515686 0.1850000023841858 254 255 251
0.013055521063506603 0.024473920464515686 0.1850000023841858 254 255 251
0.013490528799593449 0.024473920464515686 0.1850000023841858 254 255 251
0.013925536535680294 0.024473920464515686 0.1850000023841858 254 255 251
0.01436054427176714 0.024473920464515686 0.1850000023841858 254 255 251
0.01471557654440403 0.024341629818081856 0.18400000035762787 254 255 251
0.015065905638039112 0.024209337309002876 0.18299999833106995 254 255 251
0.01549621019512415 0.024209337309002876 0.18299999833106995 254 255 251
0.01592651568353176 0.024209337309002876 0.18299999833106995 254 255 251
0.0162674393504858 0.024077046662569046 0.18199999630451202 254 255 251
0.01669539324939251 0.024077046662569046 0.18199999630451202 254 255 251
0.017123347148299217 0.024077046662569046 0.18199999630451202 254 255 251
0.01745486445724964 0.023944754153490067 0.1809999942779541 254 255 251
0.01788046769797802 0.023944754153490067 0.1809999942779541 254 255 251
0.01830606907606125 0.023944754153490067 0.1809999942779541 254 255 251
0.018731672316789627 0.023944754153490067 0.1809999942779541 254 255 251
0.019157273694872856 0.023944754153490067 0.1809999942779541 254 255 251
0.019582876935601234 0.023944754153490067 0.1809999942779541 254 255 251
0.020008478313684464 0.023944754153490067 0.1809999942779541 254 255 251
0.020434081554412842 0.023944754153490067 0.1809999942779541 254 255 251
0.02085968293249607 0.023944754153490067 0.1809999942779541 254 255 251
0.021167688071727753 0.023812463507056236 0.18000000715255737 254 255 251
0.021590938791632652 0.023812463507056236 0.18000000715255737 254 255 251
0.022014189511537552 0.023812463507056236 0.18000000715255737 254 255 251
0.02243744023144245 0.023812463507056236 0.18000000715255737 254 255 251
0.02286069095134735 0.023812463507056236 0.18000000715255737 254 255 249
0.02328394167125225 0.023812463507056236 0.18000000715255737 254 255 249
0.02370719239115715 0.023812463507056236 0.18000000715255737 254 255 249
0.02413044311106205 0.023812463507056236 0.18000000715255737 254 255 249
0.02455369383096695 0.023812463507056236 0.18000000715255737 254 255 249
0.024976946413517 0.023812463507056236 0.18000000715255737 254 255 249
0.025400197133421898 0.023812463507056236 0.18000000715255737 254 255 249
0.025823447853326797 0.023812463507056236 0.18000000715255737 254 255 249
0.026246698573231697 0.023812463507056236 0.18000000715255737 254 255 249
0.026669949293136597 0.023812463507056236 0.18000000715255737 254 255 249
0.027093200013041496 0.023812463507056236 0.18000000715255737 254 255 249
0.027516450732946396 0.023812463507056236 0.18000000715255737 254 255 249
0.027939701452851295 0.023812463507056236 0.18000000715255737 254 255 247
0.028362954035401344 0.023812463507056236 0.18000000715255737 254 255 247
0.028946127742528915 0.023944754153490067 0.1809999942779541 254 255 247
0.029209455475211143 0.023812463507056236 0.18000000715255737 254 255 247
0.029632706195116043 0.023812463507056236 0.18000000715255737 254 255 249
0.030222933739423752 0.023944754153490067 0.1809999942779541 254 255 249
0.03064853698015213 0.023944754153490067 0.1809999942779541 254 255 249
0.03107413835823536 0.023944754153490067 0.1809999942779541 254 255 249
0.03149973973631859 0.023944754153490067 0.1809999942779541 254 255 249
0.03192534297704697 0.023944754153490067 0.1809999942779541 254 255 249
0.032350946217775345 0.023944754153490067 0.1809999942779541 254 255 249
0.03277654945850372 0.023944754153490067 0.1809999942779541 254 255 249
0.0332021489739418 0.023944754153490067 0.1809999942779541 254 255 249
0.03362775221467018 0.023944754153490067 0.1809999942779541 254 255 249
0.03405335545539856 0.023944754153490067 0.1809999942779541 254 255 249
0.03447895869612694 0.023944754153490067 0.1809999942779541 254 255 249
0.03490455821156502 0.023944754153490067 0.1809999942779541 254 255 249
0.035330161452293396 0.023944754153490067 0.1809999942779541 254 255 249
0.035755764693021774 0.023944754153490067 0.1809999942779541 254 255 249
0.03618136793375015 0.023944754153490067 0.1809999942779541 254 255 249
0.03660696744918823 0.023944754153490067 0.1809999942779541 254 255 249
0.037237171083688736 0.024077046662569046 0.18199999630451202 254 255 249
0.037665124982595444 0.024077046662569046 0.18199999630451202 254 255 249
0.038302380591630936 0.024209337309002876 0.18299999833106995 254 255 249
0.03873268514871597 0.024209337309002876 0.18299999833106995 255 255 249
0.03937699645757675 0.024341629818081856 0.18400000035762787 247 247 241
0.04002600908279419 0.024473920464515686 0.1850000023841858 255 252 249
0.040679726749658585 0.024606211110949516 0.1860000044107437 255 253 250
0.04111708700656891 0.024606211110949516 0.1860000044107437 255 255 251
0.04177785664796829 0.024738503620028496 0.18700000643730164 255 255 251
0.042217567563056946 0.024738503620028496 0.18700000643730164 254 255 251
0.042885392904281616 0.024870794266462326 0.18799999356269836 254 255 251
0.0433274544775486 0.024870794266462326 0.18799999356269836 254 255 251
0.04400233179330826 0.025003086775541306 0.1889999955892563 254 255 251
0.04444674402475357 0.025003086775541306 0.1889999955892563 255 250 250
0.04489115998148918 0.025003086775541306 0.1889999955892563 236 226 226
0.04557544365525246 0.025135377421975136 0.1899999976158142 236 217 211
0.0460222065448761 0.025135377421975136 0.1899999976158142 255 248 242
0.04671354591846466 0.025267669931054115 0.19099999964237213 255 250 242
0.04740958660840988 0.025399960577487946 0.19200000166893005 255 247 239
0.04811033234000206 0.025532251223921776 0.19300000369548798 253 231 235
0.0488157793879509 0.025664543733000755 0.1940000057220459 230 208 212
0.04952592775225639 0.025796834379434586 0.19499999284744263 232 200 207
0.05024078115820885 0.025929126888513565 0.19599999487400055 255 234 241
0.05096033588051796 0.026061417534947395 0.19699999690055847 255 242 244
0.05168459191918373 0.026193710044026375 0.1979999989271164 255 247 249
0.05241355299949646 0.026326000690460205 0.19900000095367432 255 243 254
0.053147219121456146 0.026458293199539185 0.20000000298023224 245 217 228
0.05361749604344368 0.026458293199539185 0.20000000298023224 255 206 222
0.054358214139938354 0.026590583845973015 0.20100000500679016 220 162 178
0.005479585845023394 0.026120714843273163 0.1940000057220459 255 255 196
0.0059051597490906715 0.025986071676015854 0.19300000369548798 255 255 198
0.006358978804200888 0.025986071676015854 0.19300000369548798 255 255 219
0.006777498405426741 0.025851428508758545 0.19200000166893005 255 255 220
0.007191315293312073 0.025716785341501236 0.19099999964237213 254 255 237
0.007640431635081768 0.025716785341501236 0.19099999964237213 254 255 237
0.008047194220125675 0.025582142174243927 0.1899999976158142 254 255 245
0.008449253626167774 0.025447499006986618 0.1889999955892563 254 255 245
0.00884661078453064 0.02531285770237446 0.18799999356269836 254 255 249
0.009288673289120197 0.02531285770237446 0.18799999356269836 254 255 249
0.00967897567898035 0.02517821453511715 0.18700000643730164 254 255 249
0.010118686594069004 0.02517821453511715 0.18700000643730164 254 255 249
0.01050193514674902 0.02504357136785984 0.1860000044107437 254 255 249
0.010939294472336769 0.02504357136785984 0.1860000044107437 254 255 249
0.011376653797924519 0.02504357136785984 0.1860000044107437 254 255 249
0.011814013123512268 0.02504357136785984 0.1860000044107437 254 255 249
0.012251372449100018 0.02504357136785984 0.1860000044107437 254 255 249
0.012688731774687767 0.02504357136785984 0.1860000044107437 254 255 249
0.013055521063506603 0.02490892820060253 0.1850000023841858 254 255 249
0.013490528799593449 0.02490892820060253 0.1850000023841858 254 255 249
0.013925536535680294 0.02490892820060253 0.1850000023841858 254 255 249
0.01436054427176714 0.02490892820060253 0.1850000023841858 254 255 249
0.01471557654440403 0.024774285033345222 0.18400000035762787 254 255 249
0.015065905638039112 0.024639641866087914 0.18299999833106995 254 255 249
0.01549621019512415 0.024639641866087914 0.18299999833106995 254 255 249
0.01592651568353176 0.024639641866087914 0.18299999833106995 254 255 249
0.0162674393504858 0.024505000561475754 0.18199999630451202 254 255 249
0.01669539324939251 0.024505000561475754 0.18199999630451202 254 255 249
0.017123347148299217 0.024505000561475754 0.18199999630451202 254 255 249
0.01745486445724964 0.024370357394218445 0.1809999942779541 254 255 249
0.01788046769797802 0.024370357394218445 0.1809999942779541 254 255 249
0.01830606907606125 0.024370357394218445 0.1809999942779541 254 255 249
0.018731672316789627 0.024370357394218445 0.1809999942779541 254 255 249
0.019157273694872856 0.024370357394218445 0.1809999942779541 254 255 249
0.019582876935601234 0.024370357394218445 0.1809999942779541 254 255 249
0.020008478313684464 0.024370357394218445 0.1809999942779541 254 255 249
0.020434081554412842 0.024370357394218445 0.1809999942779541 254 255 249
0.02085968293249607 0.024370357394218445 0.1809999942779541 254 255 249
0.02128528617322445 0.024370357394218445 0.1809999942779541 254 255 249
0.021590938791632652 0.024235714226961136 0.18000000715255737 254 255 249
0.022014189511537552 0.024235714226961136 0.18000000715255737 254 255 249
0.02243744023144245 0.024235714226961136 0.18000000715255737 252 253 247
0.02286069095134735 0.024235714226961136 0.18000000715255737 253 254 248
0.02328394167125225 0.024235714226961136 0.18000000715255737 254 255 249
0.02370719239115715 0.024235714226961136 0.18000000715255737 254 255 249
0.02413044311106205 0.024235714226961136 0.18000000715255737 254 255 249
0.02455369383096695 0.024235714226961136 0.18000000715255737 254 255 249
0.024976946413517 0.024235714226961136 0.18000000715255737 254 255 249
0.025400197133421898 0.024235714226961136 0.18000000715255737 254 255 249
0.02567998319864273 0.024101071059703827 0.17900000512599945 254 255 249
0.0261008832603693 0.024101071059703827 0.17900000512599945 254 255 249
0.026669949293136597 0.024235714226961136 0.18000000715255737 254 255 249
0.027093200013041496 0.024235714226961136 0.18000000715255737 254 255 247
0.027516450732946396 0.024235714226961136 0.18000000715255737 251 253 244
0.027939701452851295 0.024235714226961136 0.18000000715255737 251 253 242
0.028362954035401344 0.024235714226961136 0.18000000715255737 254 255 245
0.028786204755306244 0.024235714226961136 0.18000000715255737 254 255 245
0.029209455475211143 0.024235714226961136 0.18000000715255737 254 255 245
0.029632706195116043 0.024235714226961136 0.18000000715255737 254 255 247
0.030055956915020943 0.024235714226961136 0.18000000715255737 254 255 247
0.030479207634925842 0.024235714226961136 0.18000000715255737 254 255 249
0.030902458354830742 0.024235714226961136 0.18000000715255737 254 255 249
0.03149973973631859 0.024370357394218445 0.1809999942779541 254 255 249
0.03192534297704697 0.024370357394218445 0.1809999942779541 254 255 249
0.032350946217775345 0.024370357394218445 0.1809999942779541 254 255 249
0.03277654945850372 0.024370357394218445 0.1809999942779541 254 255 249
0.0332021489739418 0.024370357394218445 0.1809999942779541 254 255 249
0.03362775221467018 0.024370357394218445 0.1809999942779541 252 253 247
0.03405335545539856 0.024370357394218445 0.1809999942779541 254 255 249
0.03447895869612694 0.024370357394218445 0.1809999942779541 254 255 249
0.03490455821156502 0.024370357394218445 0.1809999942779541 254 255 249
0.035330161452293396 0.024370357394218445 0.1809999942779541 254 255 249
0.035755764693021774 0.024370357394218445 0.1809999942779541 254 255 249
0.03618136793375015 0.024370357394218445 0.1809999942779541 254 255 249
0.03660696744918823 0.024370357394218445 0.1809999942779541 254 255 249
0.037237171083688736 0.024505000561475754 0.18199999630451202 254 255 249
0.037665124982595444 0.024505000561475754 0.18199999630451202 254 255 249
0.038302380591630936 0.024639641866087914 0.18299999833106995 254 255 249
0.03873268514871597 0.024639641866087914 0.18299999833106995 255 253 250
0.03937699645757675 0.024774285033345222 0.18400000035762787 241 238 235
0.04002600908279419 0.02490892820060253 0.1850000023841858 238 235 232
0.040461018681526184 0.02490892820060253 0.1850000023841858 255 254 251
0.04111708700656891 0.02504357136785984 0.1860000044107437 254 255 251
0.04177785664796829 0.02517821453511715 0.18700000643730164 254 255 251
0.042217567563056946 0.02517821453511715 0.18700000643730164 254 255 251
0.0426572784781456 0.02517821453511715 0.18700000643730164 254 255 251
0.0433274544775486 0.02531285770237446 0.18799999356269836 254 255 251
0.04376951605081558 0.02531285770237446 0.18799999356269836 254 255 251
0.044211577624082565 0.02531285770237446 0.18799999356269836 255 253 251
0.04489115998148918 0.025447499006986618 0.1889999955892563 241 236 234
0.045335572212934494 0.025447499006986618 0.1889999955892563 236 217 213
0.0460222065448761 0.025582142174243927 0.1899999976158142 255 239 235
0.04646897315979004 0.025582142174243927 0.1899999976158142 255 248 241
0.04716266319155693 0.025716785341501236 0.19099999964237213 255 246 239
0.04786105453968048 0.025851428508758545 0.19200000166893005 255 241 240
0.04856415092945099 0.025986071676015854 0.19300000369548798 243 222 221
0.049271948635578156 0.026120714843273163 0.1940000057220459 231 202 208
0.04998445138335228 0.026255356147885323 0.19499999284744263 245 216 222
0.05070165544748306 0.02638999931514263 0.19599999487400055 255 238 246
0.051423560827970505 0.02652464248239994 0.19699999690055847 255 239 247
0.052150171250104904 0.02665928564965725 0.1979999989271164 255 234 250
0.05288148298859596 0.02679392881691456 0.19900000095367432 255 232 248
0.05361749604344368 0.026928571984171867 0.20000000298023224 255 206 228
0.05408777669072151 0.026928571984171867 0.20000000298023224 246 187 209
0.005479585845023394 0.02657688409090042 0.1940000057220459 255 255 194
0.0059051597490906715 0.026439890265464783 0.19300000369548798 255 255 196
0.006358978804200888 0.026439890265464783 0.19300000369548798 255 255 213
0.006777498405426741 0.026302896440029144 0.19200000166893005 255 255 213
0.007191315293312073 0.026165902614593506 0.19099999964237213 254 255 230
0.007640431635081768 0.026165902614593506 0.19099999964237213 255 255 231
0.008047194220125675 0.026028906926512718 0.1899999976158142 254 255 243
0.008449253626167774 0.02589191310107708 0.1889999955892563 254 255 243
0.00884661078453064 0.02575491927564144 0.18799999356269836 254 255 249
0.009288673289120197 0.02575491927564144 0.18799999356269836 254 255 249
0.00967897567898035 0.025617925450205803 0.18700000643730164 254 255 249
0.010118686594069004 0.025617925450205803 0.18700000643730164 254 255 249
0.010558397509157658 0.025617925450205803 0.18700000643730164 254 255 249
0.010939294472336769 0.025480929762125015 0.1860000044107437 254 255 249
0.011376653797924519 0.025480929762125015 0.1860000044107437 254 255 251
0.011814013123512268 0.025480929762125015 0.1860000044107437 254 255 251
0.012251372449100018 0.025480929762125015 0.1860000044107437 254 255 251
0.012688731774687767 0.025480929762125015 0.1860000044107437 254 255 251
0.013055521063506603 0.025343935936689377 0.1850000023841858 254 255 251
0.013490528799593449 0.025343935936689377 0.1850000023841858 254 255 251
0.013925536535680294 0.025343935936689377 0.1850000023841858 254 255 251
0.01436054427176714 0.025343935936689377 0.1850000023841858 254 255 251
0.01471557654440403 0.02520694211125374 0.18400000035762787 254 255 251
0.015065905638039112 0.0250699482858181 0.18299999833106995 254 255 251
0.01549621019512415 0.0250699482858181 0.18299999833106995 254 255 251
0.01592651568353176 0.0250699482858181 0.18299999833106995 254 255 251
0.0162674393504858 0.024932952597737312 0.18199999630451202 254 255 249
0.01669539324939251 0.024932952597737312 0.18199999630451202 254 255 249
0.017123347148299217 0.024932952597737312 0.18199999630451202 254 255 249
0.01745486445724964 0.024795958772301674 0.1809999942779541 254 255 249
0.01788046769797802 0.024795958772301674 0.1809999942779541 254 255 249
0.01830606907606125 0.024795958772301674 0.1809999942779541 254 255 249
0.018731672316789627 0.024795958772301674 0.1809999942779541 254 255 249
0.019157273694872856 0.024795958772301674 0.1809999942779541 254 255 249
0.019582876935601234 0.024795958772301674 0.1809999942779541 254 255 249
0.020008478313684464 0.024795958772301674 0.1809999942779541 254 255 249
0.020434081554412842 0.024795958772301674 0.1809999942779541 254 255 249
0.02085968293249607 0.024795958772301674 0.1809999942779541 254 255 249
0.02128528617322445 0.024795958772301674 0.1809999942779541 254 255 249
0.021590938791632652 0.024658964946866035 0.18000000715255737 254 255 249
0.022014189511537552 0.024658964946866035 0.18000000715255737 254 255 249
0.02243744023144245 0.024658964946866035 0.18000000715255737 244 245 239
0.02286069095134735 0.024658964946866035 0.18000000715255737 252 253 247
0.02328394167125225 0.024658964946866035 0.18000000715255737 254 255 249
0.02370719239115715 0.024658964946866035 0.18000000715255737 254 255 249
0.02413044311106205 0.024658964946866035 0.18000000715255737 254 255 249
0.02455369383096695 0.024658964946866035 0.18000000715255737 254 255 251
0.024976946413517 0.024658964946866035 0.18000000715255737 254 255 251
0.025400197133421898 0.024658964946866035 0.18000000715255737 254 255 251
0.02567998319864273 0.024521971121430397 0.17900000512599945 254 255 251
0.0261008832603693 0.024521971121430397 0.17900000512599945 254 255 249
0.026669949293136597 0.024658964946866035 0.18000000715255737 254 255 249
0.027093200013041496 0.024658964946866035 0.18000000715255737 253 255 244
0.027516450732946396 0.024658964946866035 0.18000000715255737 250 252 241
0.027939701452851295 0.024658964946866035 0.18000000715255737 245 247 229
0.028362954035401344 0.024658964946866035 0.18000000715255737 251 253 235
0.028786204755306244 0.024658964946866035 0.18000000715255737 254 255 241
0.029209455475211143 0.024658964946866035 0.18000000715255737 254 255 241
0.029632706195116043 0.024658964946866035 0.18000000715255737 254 255 247
0.030055956915020943 0.024658964946866035 0.18000000715255737 254 255 247
0.030479207634925842 0.024658964946866035 0.18000000715255737 254 255 249
0.030902458354830742 0.024658964946866035 0.18000000715255737 254 255 249
0.03149973973631859 0.024795958772301674 0.1809999942779541 254 255 249
0.03192534297704697 0.024795958772301674 0.1809999942779541 254 255 249
0.032350946217775345 0.024795958772301674 0.1809999942779541 254 255 251
0.03277654945850372 0.024795958772301674 0.1809999942779541 254 255 251
0.0332021489739418 0.024795958772301674 0.1809999942779541 253 254 248
0.03362775221467018 0.024795958772301674 0.1809999942779541 250 251 245
0.03405335545539856 0.024795958772301674 0.1809999942779541 254 255 247
0.03447895869612694 0.024795958772301674 0.1809999942779541 254 255 247
0.03490455821156502 0.024795958772301674 0.1809999942779541 254 255 249
0.035330161452293396 0.024795958772301674 0.1809999942779541 254 255 249
0.035755764693021774 0.024795958772301674 0.1809999942779541 254 255 249
0.03618136793375015 0.024795958772301674 0.1809999942779541 254 255 249
0.03660696744918823 0.024795958772301674 0.1809999942779541 254 255 249
0.03703257068991661 0.024795958772301674 0.1809999942779541 254 255 249
0.037665124982595444 0.024932952597737312 0.18199999630451202 254 255 249
0.038302380591630936 0.0250699482858181 0.18299999833106995 254 255 249
0.03873268514871597 0.0250699482858181 0.18299999833106995 255 253 250
0.03937699645757675 0.02520694211125374 0.18400000035762787 240 237 234
0.03980965539813042 0.02520694211125374 0.18400000035762787 230 225 223
0.040461018681526184 0.025343935936689377 0.1850000023841858 255 253 251
0.04111708700656891 0.025480929762125015 0.1860000044107437 254 255 251
0.04177785664796829 0.025617925450205803 0.18700000643730164 254 255 251
0.042217567563056946 0.025617925450205803 0.18700000643730164 254 255 251
0.0426572784781456 0.025617925450205803 0.18700000643730164 254 255 251
0.0433274544775486 0.02575491927564144 0.18799999356269836 254 255 251
0.04376951605081558 0.02575491927564144 0.18799999356269836 254 255 251
0.044211577624082565 0.02575491927564144 0.18799999356269836 255 251 247
0.04465363919734955 0.02575491927564144 0.18799999356269836 234 229 225
0.045335572212934494 0.02589191310107708 0.1889999955892563 234 216 207
0.0460222065448761 0.026028906926512718 0.1899999976158142 251 233 224
0.04646897315979004 0.026028906926512718 0.1899999976158142 255 244 238
0.04716266319155693 0.026165902614593506 0.19099999964237213 255 239 233
0.04786105453968048 0.026302896440029144 0.19200000166893005 255 240 239
0.04856415092945099 0.026439890265464783 0.19300000369548798 254 233 232
0.049271948635578156 0.02657688409090042 0.1940000057220459 233 199 207
0.04998445138335228 0.02671387791633606 0.19499999284744263 234 200 208
0.05070165544748306 0.026850873604416847 0.19599999487400055 255 223 237
0.051423560827970505 0.026987867429852486 0.19699999690055847 249 207 221
0.052150171250104904 0.027124861255288124 0.1979999989271164 255 224 245
0.05288148298859596 0.027261855080723763 0.19900000095367432 255 227 248
0.05334940925240517 0.027261855080723763 0.19900000095367432 255 212 237
0.05408777669072151 0.02739885076880455 0.20000000298023224 245 183 208
0.005479585845023394 0.02703305520117283 0.1940000057220459 255 255 186
0.0059051597490906715 0.02689370885491371 0.19300000369548798 255 255 187
0.006358978804200888 0.02689370885491371 0.19300000369548798 255 255 202
0.006777498405426741 0.026754364371299744 0.19200000166893005 255 255 202
0.007191315293312073 0.026615018025040627 0.19099999964237213 254 255 218
0.007640431635081768 0.026615018025040627 0.19099999964237213 255 255 220
0.008047194220125675 0.02647567167878151 0.1899999976158142 254 255 239
0.008449253626167774 0.02633632719516754 0.1889999955892563 254 255 239
0.00884661078453064 0.026196980848908424 0.18799999356269836 254 255 247
0.009288673289120197 0.026196980848908424 0.18799999356269836 254 255 247
0.00967897567898035 0.026057634502649307 0.18700000643730164 254 255 249
0.010118686594069004 0.026057634502649307 0.18700000643730164 254 255 249
0.010558397509157658 0.026057634502649307 0.18700000643730164 254 255 249
0.010939294472336769 0.02591829001903534 0.1860000044107437 254 255 249
0.011376653797924519 0.02591829001903534 0.1860000044107437 254 255 251
0.011814013123512268 0.02591829001903534 0.1860000044107437 254 255 251
0.012251372449100018 0.02591829001903534 0.1860000044107437 254 255 251
0.012688731774687767 0.02591829001903534 0.1860000044107437 254 255 251
0.013055521063506603 0.025778943672776222 0.1850000023841858 254 255 251
0.013490528799593449 0.025778943672776222 0.1850000023841858 254 255 251
0.013925536535680294 0.025778943672776222 0.1850000023841858 254 255 251
0.01436054427176714 0.025778943672776222 0.1850000023841858 254 255 251
0.01471557654440403 0.025639599189162254 0.18400000035762787 254 255 251
0.015148232690989971 0.025639599189162254 0.18400000035762787 254 255 251
0.01549621019512415 0.025500252842903137 0.18299999833106995 254 255 251
0.01592651568353176 0.025500252842903137 0.18299999833106995 254 255 251
0.0162674393504858 0.02536090649664402 0.18199999630451202 254 255 249
0.01669539324939251 0.02536090649664402 0.18199999630451202 254 255 249
0.017123347148299217 0.02536090649664402 0.18199999630451202 254 255 249
0.017551301047205925 0.02536090649664402 0.18199999630451202 254 255 249
0.017979254946112633 0.02536090649664402 0.18199999630451202 254 255 249
0.01830606907606125 0.025221562013030052 0.1809999942779541 254 255 249
0.018731672316789627 0.025221562013030052 0.1809999942779541 254 255 249
0.019157273694872856 0.025221562013030052 0.1809999942779541 254 255 249
0.019582876935601234 0.025221562013030052 0.1809999942779541 254 255 249
0.020008478313684464 0.025221562013030052 0.1809999942779541 254 255 249
0.020434081554412842 0.025221562013030052 0.1809999942779541 254 255 249
0.02085968293249607 0.025221562013030052 0.1809999942779541 254 255 249
0.02128528617322445 0.025221562013030052 0.1809999942779541 254 255 249
0.021710887551307678 0.025221562013030052 0.1809999942779541 254 255 249
0.022014189511537552 0.025082215666770935 0.18000000715255737 254 255 245
0.02243744023144245 0.025082215666770935 0.18000000715255737 220 222 211
0.02286069095134735 0.025082215666770935 0.18000000715255737 249 251 240
0.02328394167125225 0.025082215666770935 0.18000000715255737 254 255 245
0.02370719239115715 0.025082215666770935 0.18000000715255737 254 255 247
0.02413044311106205 0.025082215666770935 0.18000000715255737 254 255 247
0.02455369383096695 0.025082215666770935 0.18000000715255737 254 255 249
0.024976946413517 0.025082215666770935 0.18000000715255737 254 255 249
0.025400197133421898 0.025082215666770935 0.18000000715255737 254 255 251
0.02567998319864273 0.024942871183156967 0.17900000512599945 254 255 251
0.0261008832603693 0.024942871183156967 0.17900000512599945 254 255 249
0.02652178332209587 0.024942871183156967 0.17900000512599945 254 255 249
0.02694268338382244 0.024942871183156967 0.17900000512599945 253 255 242
0.027516450732946396 0.025082215666770935 0.18000000715255737 251 253 240
0.027939701452851295 0.025082215666770935 0.18000000715255737 239 238 221
0.028362954035401344 0.025082215666770935 0.18000000715255737 248 247 230
0.028786204755306244 0.025082215666770935 0.18000000715255737 255 255 239
0.029209455475211143 0.025082215666770935 0.18000000715255737 255 255 239
0.029632706195116043 0.025082215666770935 0.18000000715255737 254 255 247
0.030055956915020943 0.025082215666770935 0.18000000715255737 254 255 247
0.030479207634925842 0.025082215666770935 0.18000000715255737 254 255 249
0.030902458354830742 0.025082215666770935 0.18000000715255737 254 255 249
0.03149973973631859 0.025221562013030052 0.1809999942779541 254 255 249
0.03192534297704697 0.025221562013030052 0.1809999942779541 254 255 249
0.032350946217775345 0.025221562013030052 0.1809999942779541 254 255 249
0.03277654945850372 0.025221562013030052 0.1809999942779541 253 254 248
0.0332021489739418 0.025221562013030052 0.1809999942779541 253 253 247
0.03362775221467018 0.025221562013030052 0.1809999942779541 251 251 245
0.03405335545539856 0.025221562013030052 0.1809999942779541 255 255 241
0.03447895869612694 0.025221562013030052 0.1809999942779541 255 255 241
0.03490455821156502 0.025221562013030052 0.1809999942779541 254 255 245
0.035330161452293396 0.025221562013030052 0.1809999942779541 254 255 245
0.035755764693021774 0.025221562013030052 0.1809999942779541 254 255 249
0.03618136793375015 0.025221562013030052 0.1809999942779541 254 255 249
0.03660696744918823 0.025221562013030052 0.1809999942779541 254 255 249
0.03703257068991661 0.025221562013030052 0.1809999942779541 254 255 249
0.037665124982595444 0.02536090649664402 0.18199999630451202 254 255 249
0.038302380591630936 0.025500252842903137 0.18299999833106995 254 255 249
0.03873268514871597 0.025500252842903137 0.18299999833106995 255 250 249
0.03937699645757675 0.025639599189162254 0.18400000035762787 232 224 223
0.03980965539813042 0.025639599189162254 0.18400000035762787 228 220 219
0.040461018681526184 0.025778943672776222 0.1850000023841858 253 245 244
0.04111708700656891 0.02591829001903534 0.1860000044107437 255 255 251
0.041554443538188934 0.02591829001903534 0.1860000044107437 255 255 251
0.042217567563056946 0.026057634502649307 0.18700000643730164 254 255 251
0.0426572784781456 0.026057634502649307 0.18700000643730164 254 255 251
0.0433274544775486 0.026196980848908424 0.18799999356269836 254 255 251
0.04376951605081558 0.026196980848908424 0.18799999356269836 254 255 251
0.044211577624082565 0.026196980848908424 0.18799999356269836 255 253 244
0.04465363919734955 0.026196980848908424 0.18799999356269836 248 244 235
0.045335572212934494 0.02633632719516754 0.1889999955892563 229 211 200
0.045779984444379807 0.02633632719516754 0.1889999955892563 239 221 210
0.04646897315979004 0.02647567167878151 0.1899999976158142 255 234 229
0.04716266319155693 0.026615018025040627 0.19099999964237213 255 234 229
0.04786105453968048 0.026754364371299744 0.19200000166893005 255 239 238
0.04856415092945099 0.02689370885491371 0.19300000369548798 255 233 232
0.049271948635578156 0.02703305520117283 0.1940000057220459 238 199 208
0.04998445138335228 0.027172399684786797 0.19499999284744263 226 187 196
0.05070165544748306 0.027311746031045914 0.19599999487400055 247 198 211
0.051423560827970505 0.02745109237730503 0.19699999690055847 244 195 208
0.05188678577542305 0.02745109237730503 0.19699999690055847 255 212 229
0.05261574685573578 0.027590436860919 0.1979999989271164 255 208 225
0.05334940925240517 0.027729783207178116 0.19900000095367432 255 193 217
0.05408777669072151 0.027869129553437233 0.20000000298023224 255 191 215
0.006358978804200888 0.02734752744436264 0.19300000369548798 255 255 193
0.006777498405426741 0.027205830439925194 0.19200000166893005 255 254 190
0.007191315293312073 0.027064133435487747 0.19099999964237213 243 243 194
0.007640431635081768 0.027064133435487747 0.19099999964237213 246 246 197
0.008047194220125675 0.0269224364310503 0.1899999976158142 253 255 235
0.008449253626167774 0.026780739426612854 0.1889999955892563 255 255 237
0.008893667720258236 0.026780739426612854 0.1889999955892563 254 255 247
0.009288673289120197 0.026639042422175407 0.18799999356269836 254 255 247
0.00967897567898035 0.02649734541773796 0.18700000643730164 254 255 249
0.010118686594069004 0.02649734541773796 0.18700000643730164 254 255 249
0.010558397509157658 0.02649734541773796 0.18700000643730164 254 255 251
0.010939294472336769 0.026355648413300514 0.1860000044107437 254 255 251
0.011376653797924519 0.026355648413300514 0.1860000044107437 254 255 251
0.011814013123512268 0.026355648413300514 0.1860000044107437 254 255 251
0.012251372449100018 0.026355648413300514 0.1860000044107437 254 255 251
0.012688731774687767 0.026355648413300514 0.1860000044107437 254 255 251
0.013126091100275517 0.026355648413300514 0.1860000044107437 254 255 251
0.013490528799593449 0.026213951408863068 0.1850000023841858 254 255 251
0.013925536535680294 0.026213951408863068 0.1850000023841858 254 255 251
0.014282919466495514 0.02607225440442562 0.18400000035762787 254 255 251
0.01471557654440403 0.02607225440442562 0.18400000035762787 254 255 251
0.015148232690989971 0.02607225440442562 0.18400000035762787 254 255 251
0.01549621019512415 0.025930557399988174 0.18299999833106995 254 255 251
0.01592651568353176 0.025930557399988174 0.18299999833106995 254 255 251
0.0163568202406168 0.025930557399988174 0.18299999833106995 254 255 249
0.01669539324939251 0.025788860395550728 0.18199999630451202 253 254 248
0.017123347148299217 0.025788860395550728 0.18199999630451202 252 254 245
0.017551301047205925 0.025788860395550728 0.18199999630451202 251 253 244
0.017979254946112633 0.025788860395550728 0.18199999630451202 254 255 247
0.01840720698237419 0.025788860395550728 0.18199999630451202 254 255 247
0.0188351608812809 0.025788860395550728 0.18199999630451202 254 255 247
0.019157273694872856 0.02564716339111328 0.1809999942779541 254 255 247
0.019582876935601234 0.02564716339111328 0.1809999942779541 254 255 249
0.020008478313684464 0.02564716339111328 0.1809999942779541 254 255 249
0.020434081554412842 0.02564716339111328 0.1809999942779541 254 255 249
0.02085968293249607 0.02564716339111328 0.1809999942779541 254 255 249
0.02128528617322445 0.02564716339111328 0.1809999942779541 254 255 247
0.021710887551307678 0.02564716339111328 0.1809999942779541 254 255 247
0.022136490792036057 0.02564716339111328 0.1809999942779541 255 255 241
0.022562092170119286 0.02564716339111328 0.1809999942779541 205 207 191
0.022987695410847664 0.02564716339111328 0.1809999942779541 234 236 218
0.02328394167125225 0.025505466386675835 0.18000000715255737 254 255 238
0.02370719239115715 0.025505466386675835 0.18000000715255737 254 255 245
0.02413044311106205 0.025505466386675835 0.18000000715255737 254 255 245
0.02455369383096695 0.025505466386675835 0.18000000715255737 252 255 249
0.024976946413517 0.025505466386675835 0.18000000715255737 252 255 249
0.025400197133421898 0.025505466386675835 0.18000000715255737 252 255 249
0.02567998319864273 0.025363769382238388 0.17900000512599945 252 255 249
0.0261008832603693 0.025363769382238388 0.17900000512599945 252 255 247
0.02652178332209587 0.025363769382238388 0.17900000512599945 251 255 246
0.02694268338382244 0.025363769382238388 0.17900000512599945 255 255 241
0.027363581582903862 0.025363769382238388 0.17900000512599945 243 242 227
0.027784481644630432 0.025363769382238388 0.17900000512599945 232 225 206
0.028362954035401344 0.025505466386675835 0.18000000715255737 250 243 224
0.028786204755306244 0.025505466386675835 0.18000000715255737 254 255 236
0.029209455475211143 0.025505466386675835 0.18000000715255737 255 255 237
0.029632706195116043 0.025505466386675835 0.18000000715255737 254 255 245
0.030055956915020943 0.025505466386675835 0.18000000715255737 254 255 245
0.030479207634925842 0.025505466386675835 0.18000000715255737 254 255 249
0.030902458354830742 0.025505466386675835 0.18000000715255737 254 255 249
0.03149973973631859 0.02564716339111328 0.1809999942779541 254 255 249
0.03192534297704697 0.02564716339111328 0.1809999942779541 254 255 249
0.032350946217775345 0.02564716339111328 0.1809999942779541 254 255 251
0.03277654945850372 0.02564716339111328 0.1809999942779541 254 255 251
0.0332021489739418 0.02564716339111328 0.1809999942779541 253 251 241
0.03362775221467018 0.02564716339111328 0.1809999942779541 240 238 228
0.03405335545539856 0.02564716339111328 0.1809999942779541 255 255 232
0.03447895869612694 0.02564716339111328 0.1809999942779541 255 255 232
0.03490455821156502 0.02564716339111328 0.1809999942779541 254 255 243
0.035330161452293396 0.02564716339111328 0.1809999942779541 254 255 243
0.035755764693021774 0.02564716339111328 0.1809999942779541 254 255 247
0.03618136793375015 0.02564716339111328 0.1809999942779541 254 255 247
0.03660696744918823 0.02564716339111328 0.1809999942779541 254 255 249
0.037237171083688736 0.025788860395550728 0.18199999630451202 254 255 249
0.037665124982595444 0.025788860395550728 0.18199999630451202 254 255 249
0.038302380591630936 0.025930557399988174 0.18299999833106995 243 244 238
0.03873268514871597 0.025930557399988174 0.18299999833106995 252 242 242
0.03937699645757675 0.02607225440442562 0.18400000035762787 230 220 220
0.03980965539813042 0.02607225440442562 0.18400000035762787 229 214 213
0.040461018681526184 0.026213951408863068 0.1850000023841858 255 241 240
0.04111708700656891 0.026355648413300514 0.1860000044107437 255 254 249
0.041554443538188934 0.026355648413300514 0.1860000044107437 255 254 249
0.042217567563056946 0.02649734541773796 0.18700000643730164 254 255 249
0.0426572784781456 0.02649734541773796 0.18700000643730164 254 255 249
0.04309698939323425 0.02649734541773796 0.18700000643730164 254 255 249
0.043536700308322906 0.02649734541773796 0.18700000643730164 254 255 249
0.044211577624082565 0.026639042422175407 0.18799999356269836 255 252 242
0.04465363919734955 0.026639042422175407 0.18799999356269836 253 246 236
0.045335572212934494 0.026780739426612854 0.1889999955892563 230 209 196
0.045779984444379807 0.026780739426612854 0.1889999955892563 233 212 199
0.04646897315979004 0.0269224364310503 0.1899999976158142 255 231 230
0.04716266319155693 0.027064133435487747 0.19099999964237213 255 229 228
0.0476117804646492 0.027064133435487747 0.19099999964237213 255 235 237
0.04831252247095108 0.027205830439925194 0.19200000166893005 255 229 231
0.04901796951889992 0.02734752744436264 0.19300000369548798 246 203 209
0.049728117883205414 0.027489224448800087 0.1940000057220459 226 183 189
0.05044297128915787 0.027630923315882683 0.19499999284744263 249 194 202
0.05116252601146698 0.02777262032032013 0.19599999487400055 252 197 205
0.05188678577542305 0.027914317324757576 0.19699999690055847 255 210 221
0.05261574685573578 0.028056014329195023 0.1979999989271164 255 208 219
0.05334940925240517 0.02819771133363247 0.19900000095367432 253 185 204
0.05381733551621437 0.02819771133363247 0.19900000095367432 252 184 203
0.008047194220125675 0.027369201183319092 0.1899999976158142 254 252 229
0.008449253626167774 0.027225153520703316 0.1889999955892563 255 255 232
0.008893667720258236 0.027225153520703316 0.1889999955892563 254 255 247
0.009288673289120197 0.02708110585808754 0.18799999356269836 254 255 247
0.00973073486238718 0.02708110585808754 0.18799999356269836 254 255 249
0.010118686594069004 0.026937056332826614 0.18700000643730164 254 255 249
0.010558397509157658 0.026937056332826614 0.18700000643730164 254 255 251
0.010939294472336769 0.02679300867021084 0.1860000044107437 254 255 251
0.011376653797924519 0.02679300867021084 0.1860000044107437 254 255 249
0.011814013123512268 0.02679300867021084 0.1860000044107437 254 255 249
0.012251372449100018 0.02679300867021084 0.1860000044107437 254 255 249
0.012688731774687767 0.02679300867021084 0.1860000044107437 252 253 247
0.013055521063506603 0.026648959144949913 0.1850000023841858 252 253 247
0.013490528799593449 0.026648959144949913 0.1850000023841858 254 255 249
0.013925536535680294 0.026648959144949913 0.1850000023841858 254 255 249
0.014282919466495514 0.026504911482334137 0.18400000035762787 254 255 249
0.01471557654440403 0.026504911482334137 0.18400000035762787 254 255 249
0.015148232690989971 0.026504911482334137 0.18400000035762787 254 255 249
0.01549621019512415 0.02636086381971836 0.18299999833106995 254 255 249
0.01592651568353176 0.02636086381971836 0.18299999833106995 254 255 249
0.0163568202406168 0.02636086381971836 0.18299999833106995 254 255 247
0.01669539324939251 0.026216814294457436 0.18199999630451202 254 255 247
0.017123347148299217 0.026216814294457436 0.18199999630451202 249 243 228
0.017551301047205925 0.026216814294457436 0.18199999630451202 223 217 202
0.017979254946112633 0.026216814294457436 0.18199999630451202 252 254 241
0.01840720698237419 0.026216814294457436 0.18199999630451202 254 255 243
0.0188351608812809 0.026216814294457436 0.18199999630451202 254 255 247
0.019263114780187607 0.026216814294457436 0.18199999630451202 254 255 247
0.019582876935601234 0.02607276663184166 0.1809999942779541 254 255 249
0.020008478313684464 0.02607276663184166 0.1809999942779541 254 255 249
0.020434081554412842 0.02607276663184166 0.1809999942779541 254 255 249
0.02085968293249607 0.02607276663184166 0.1809999942779541 254 255 249
0.02128528617322445 0.02607276663184166 0.1809999942779541 254 255 245
0.021710887551307678 0.02607276663184166 0.1809999942779541 254 255 245
0.022136490792036057 0.02607276663184166 0.1809999942779541 255 253 232
0.022562092170119286 0.02607276663184166 0.1809999942779541 211 204 183
0.022987695410847664 0.02607276663184166 0.1809999942779541 210 204 178
0.023413296788930893 0.02607276663184166 0.1809999942779541 255 255 229
0.02370719239115715 0.025928717106580734 0.18000000715255737 254 255 239
0.02413044311106205 0.025928717106580734 0.18000000715255737 254 255 239
0.02455369383096695 0.025928717106580734 0.18000000715255737 254 255 245
0.024976946413517 0.025928717106580734 0.18000000715255737 254 255 245
0.025400197133421898 0.025928717106580734 0.18000000715255737 254 255 245
0.025823447853326797 0.025928717106580734 0.18000000715255737 254 255 245
0.026246698573231697 0.025928717106580734 0.18000000715255737 253 255 242
0.026669949293136597 0.025928717106580734 0.18000000715255737 253 255 242
0.027093200013041496 0.025928717106580734 0.18000000715255737 255 252 239
0.027363581582903862 0.025784669443964958 0.17900000512599945 246 233 220
0.027784481644630432 0.025784669443964958 0.17900000512599945 231 215 192
0.028362954035401344 0.025928717106580734 0.18000000715255737 255 243 220
0.028786204755306244 0.025928717106580734 0.18000000715255737 255 255 231
0.029209455475211143 0.025928717106580734 0.18000000715255737 255 255 230
0.029632706195116043 0.025928717106580734 0.18000000715255737 254 255 241
0.030055956915020943 0.025928717106580734 0.18000000715255737 254 255 241
0.030479207634925842 0.025928717106580734 0.18000000715255737 254 255 245
0.030902458354830742 0.025928717106580734 0.18000000715255737 254 255 245
0.03149973973631859 0.02607276663184166 0.1809999942779541 254 255 247
0.03192534297704697 0.02607276663184166 0.1809999942779541 254 255 247
0.032350946217775345 0.02607276663184166 0.1809999942779541 254 251 246
0.03277654945850372 0.02607276663184166 0.1809999942779541 249 246 241
0.0332021489739418 0.02607276663184166 0.1809999942779541 226 213 200
0.03362775221467018 0.02607276663184166 0.1809999942779541 207 194 181
0.03405335545539856 0.02607276663184166 0.1809999942779541 255 252 222
0.03447895869612694 0.02607276663184166 0.1809999942779541 255 254 224
0.03490455821156502 0.02607276663184166 0.1809999942779541 254 255 238
0.035330161452293396 0.02607276663184166 0.1809999942779541 255 255 239
0.035755764693021774 0.02607276663184166 0.1809999942779541 254 255 245
0.03618136793375015 0.02607276663184166 0.1809999942779541 254 255 245
0.03660696744918823 0.02607276663184166 0.1809999942779541 254 255 249
0.037237171083688736 0.026216814294457436 0.18199999630451202 254 255 249
0.037665124982595444 0.026216814294457436 0.18199999630451202 254 255 251
0.038302380591630936 0.02636086381971836 0.18299999833106995 249 250 246
0.03873268514871597 0.02636086381971836 0.18299999833106995 255 242 243
0.03937699645757675 0.026504911482334137 0.18400000035762787 234 219 220
0.03980965539813042 0.026504911482334137 0.18400000035762787 231 210 207
0.040461018681526184 0.026648959144949913 0.1850000023841858 250 229 226
0.04089602455496788 0.026648959144949913 0.1850000023841858 255 247 240
0.041554443538188934 0.02679300867021084 0.1860000044107437 255 252 245
0.04199180379509926 0.02679300867021084 0.1860000044107437 254 255 245
0.0426572784781456 0.026937056332826614 0.18700000643730164 254 255 245
0.04309698939323425 0.026937056332826614 0.18700000643730164 254 255 247
0.043536700308322906 0.026937056332826614 0.18700000643730164 254 255 247
0.044211577624082565 0.02708110585808754 0.18799999356269836 255 253 241
0.04465363919734955 0.02708110585808754 0.18799999356269836 245 235 223
0.045335572212934494 0.027225153520703316 0.1889999955892563 228 201 193
0.045779984444379807 0.027225153520703316 0.1889999955892563 224 197 189
0.04646897315979004 0.027369201183319092 0.1899999976158142 255 226 226
0.04691573604941368 0.027369201183319092 0.1899999976158142 255 228 228
0.0476117804646492 0.027513250708580017 0.19099999964237213 255 224 226
0.04831252247095108 0.027657298371195793 0.19200000166893005 255 218 220
0.04901796951889992 0.02780134789645672 0.19300000369548798 255 208 209
0.049728117883205414 0.027945395559072495 0.1940000057220459 228 181 182
0.05044297128915787 0.02808944508433342 0.19499999284744263 238 176 177
0.05116252601146698 0.028233492746949196 0.19599999487400055 252 190 191
0.05188678577542305 0.028377540409564972 0.19699999690055847 255 197 198
0.05261574685573578 0.028521589934825897 0.1979999989271164 255 205 206
0.008047194220125675 0.027815967798233032 0.1899999976158142 220 198 170
0.008449253626167774 0.027669567614793777 0.1889999955892563 255 244 216
0.008893667720258236 0.027669567614793777 0.1889999955892563 255 255 241
0.009288673289120197 0.027523167431354523 0.18799999356269836 255 255 241
0.00973073486238718 0.027523167431354523 0.18799999356269836 254 255 245
0.010118686594069004 0.027376767247915268 0.18700000643730164 254 255 245
0.010558397509157658 0.027376767247915268 0.18700000643730164 254 255 245
0.010939294472336769 0.027230367064476013 0.1860000044107437 254 255 245
0.011376653797924519 0.027230367064476013 0.1860000044107437 254 255 241
0.011814013123512268 0.027230367064476013 0.1860000044107437 254 255 241
0.012251372449100018 0.027230367064476013 0.1860000044107437 255 255 233
0.012688731774687767 0.027230367064476013 0.1860000044107437 253 253 231
0.013055521063506603 0.027083968743681908 0.1850000023841858 246 248 230
0.013490528799593449 0.027083968743681908 0.1850000023841858 255 255 239
0.013925536535680294 0.027083968743681908 0.1850000023841858 252 255 243
0.014282919466495514 0.026937568560242653 0.18400000035762787 252 255 243
0.01471557654440403 0.026937568560242653 0.18400000035762787 250 255 243
0.015148232690989971 0.026937568560242653 0.18400000035762787 250 255 243
0.01549621019512415 0.026791168376803398 0.18299999833106995 250 255 243
0.01592651568353176 0.026791168376803398 0.18299999833106995 250 255 243
0.0163568202406168 0.026791168376803398 0.18299999833106995 254 255 237
0.016787126660346985 0.026791168376803398 0.18299999833106995 253 255 236
0.017123347148299217 0.026644768193364143 0.18199999630451202 252 245 216
0.017551301047205925 0.026644768193364143 0.18199999630451202 216 209 180
0.017979254946112633 0.026644768193364143 0.18199999630451202 254 252 231
0.01840720698237419 0.026644768193364143 0.18199999630451202 255 255 235
0.0188351608812809 0.026644768193364143 0.18199999630451202 254 255 241
0.019263114780187607 0.026644768193364143 0.18199999630451202 254 255 241
0.019691068679094315 0.026644768193364143 0.18199999630451202 252 255 243
0.020119022578001022 0.026644768193364143 0.18199999630451202 252 255 243
0.020434081554412842 0.02649836800992489 0.1809999942779541 252 255 243
0.02085968293249607 0.02649836800992489 0.1809999942779541 252 255 243
0.02128528617322445 0.02649836800992489 0.1809999942779541 255 255 233
0.021710887551307678 0.02649836800992489 0.1809999942779541 253 255 231
0.022136490792036057 0.02649836800992489 0.1809999942779541 255 247 214
0.022562092170119286 0.02649836800992489 0.1809999942779541 201 187 154
0.022987695410847664 0.02649836800992489 0.1809999942779541 198 181 144
0.023413296788930893 0.02649836800992489 0.1809999942779541 255 254 217
0.02383890002965927 0.02649836800992489 0.1809999942779541 255 255 224
0.0242645014077425 0.02649836800992489 0.1809999942779541 255 255 225
0.02455369383096695 0.026351967826485634 0.18000000715255737 255 255 235
0.024976946413517 0.026351967826485634 0.18000000715255737 255 255 235
0.025400197133421898 0.026351967826485634 0.18000000715255737 255 255 237
0.025823447853326797 0.026351967826485634 0.18000000715255737 254 255 236
0.026246698573231697 0.026351967826485634 0.18000000715255737 255 252 238
0.026669949293136597 0.026351967826485634 0.18000000715255737 255 250 236
0.027093200013041496 0.026351967826485634 0.18000000715255737 255 246 231
0.027516450732946396 0.026351967826485634 0.18000000715255737 235 209 194
0.027939701452851295 0.026351967826485634 0.18000000715255737 185 146 126
0.028362954035401344 0.026351967826485634 0.18000000715255737 231 192 172
0.028786204755306244 0.026351967826485634 0.18000000715255737 255 251 219
0.029209455475211143 0.026351967826485634 0.18000000715255737 255 253 221
0.029632706195116043 0.026351967826485634 0.18000000715255737 255 255 231
0.030055956915020943 0.026351967826485634 0.18000000715255737 255 255 231
0.030479207634925842 0.026351967826485634 0.18000000715255737 254 255 239
0.030902458354830742 0.026351967826485634 0.18000000715255737 254 255 239
0.03149973973631859 0.02649836800992489 0.1809999942779541 254 255 239
0.03192534297704697 0.02649836800992489 0.1809999942779541 253 255 238
0.032350946217775345 0.02649836800992489 0.1809999942779541 255 250 238
0.03277654945850372 0.02649836800992489 0.1809999942779541 247 239 227
0.0332021489739418 0.02649836800992489 0.1809999942779541 209 182 160
0.03362775221467018 0.02649836800992489 0.1809999942779541 205 178 156
0.03405335545539856 0.02649836800992489 0.1809999942779541 251 226 192
0.03447895869612694 0.02649836800992489 0.1809999942779541 255 249 215
0.03490455821156502 0.02649836800992489 0.1809999942779541 255 255 227
0.035330161452293396 0.02649836800992489 0.1809999942779541 255 255 227
0.035755764693021774 0.02649836800992489 0.1809999942779541 255 255 239
0.03618136793375015 0.02649836800992489 0.1809999942779541 255 255 239
0.03660696744918823 0.02649836800992489 0.1809999942779541 254 255 245
0.037237171083688736 0.026644768193364143 0.18199999630451202 254 255 245
0.037665124982595444 0.026644768193364143 0.18199999630451202 255 254 247
0.038302380591630936 0.026791168376803398 0.18299999833106995 255 252 245
0.03873268514871597 0.026791168376803398 0.18299999833106995 255 241 236
0.03937699645757675 0.026937568560242653 0.18400000035762787 246 223 218
0.03980965539813042 0.026937568560242653 0.18400000035762787 239 207 203
0.040461018681526184 0.027083968743681908 0.1850000023841858 254 222 218
0.04089602455496788 0.027083968743681908 0.1850000023841858 251 224 216
0.041554443538188934 0.027230367064476013 0.1860000044107437 255 238 230
0.04199180379509926 0.027230367064476013 0.1860000044107437 255 252 241
0.04242916405200958 0.027230367064476013 0.1860000044107437 255 252 241
0.04309698939323425 0.027376767247915268 0.18700000643730164 255 253 241
0.043536700308322906 0.027376767247915268 0.18700000643730164 255 253 241
0.04397641122341156 0.027376767247915268 0.18700000643730164 255 246 236
0.04465363919734955 0.027523167431354523 0.18799999356269836 246 226 216
0.04509570077061653 0.027523167431354523 0.18799999356269836 234 191 186
0.045779984444379807 0.027669567614793777 0.1889999955892563 230 187 182
0.04646897315979004 0.027815967798233032 0.1899999976158142 255 208 210
0.04691573604941368 0.027815967798233032 0.1899999976158142 255 220 222
0.0476117804646492 0.027962366119027138 0.19099999964237213 255 210 215
0.04831252247095108 0.028108766302466393 0.19200000166893005 255 217 222
0.04901796951889992 0.028255166485905647 0.19300000369548798 255 212 212
0.049471788108348846 0.028255166485905647 0.19300000369548798 253 193 193
0.052350010722875595 0.028840765357017517 0.19699999690055847 255 189 187
0.008449253626167774 0.02811397984623909 0.1889999955892563 255 243 210
0.008893667720258236 0.02811397984623909 0.1889999955892563 255 251 229
0.009288673289120197 0.027965229004621506 0.18799999356269836 255 251 229
0.00973073486238718 0.027965229004621506 0.18799999356269836 255 255 231
0.010118686594069004 0.02781647816300392 0.18700000643730164 255 255 231
0.010558397509157658 0.02781647816300392 0.18700000643730164 255 255 231
0.010939294472336769 0.027667727321386337 0.1860000044107437 255 255 231
0.011376653797924519 0.027667727321386337 0.1860000044107437 255 253 222
0.011814013123512268 0.027667727321386337 0.1860000044107437 255 254 223
0.012251372449100018 0.027667727321386337 0.1860000044107437 255 250 218
0.012688731774687767 0.027667727321386337 0.1860000044107437 255 232 200
0.013055521063506603 0.027518976479768753 0.1850000023841858 242 223 194
0.013490528799593449 0.027518976479768753 0.1850000023841858 255 251 222
0.013925536535680294 0.027518976479768753 0.1850000023841858 255 253 231
0.014282919466495514 0.02737022377550602 0.18400000035762787 255 253 231
0.01471557654440403 0.02737022377550602 0.18400000035762787 255 255 231
0.015148232690989971 0.02737022377550602 0.18400000035762787 255 255 231
0.01549621019512415 0.027221472933888435 0.18299999833106995 255 255 230
0.01592651568353176 0.027221472933888435 0.18299999833106995 255 255 231
0.0163568202406168 0.027221472933888435 0.18299999833106995 255 253 223
0.016787126660346985 0.027221472933888435 0.18299999833106995 255 253 223
0.017123347148299217 0.02707272209227085 0.18199999630451202 238 206 174
0.017551301047205925 0.02707272209227085 0.18199999630451202 203 171 139
0.017979254946112633 0.02707272209227085 0.18199999630451202 238 215 183
0.01840720698237419 0.02707272209227085 0.18199999630451202 255 251 219
0.0188351608812809 0.02707272209227085 0.18199999630451202 255 254 229
0.019263114780187607 0.02707272209227085 0.18199999630451202 255 253 228
0.019691068679094315 0.02707272209227085 0.18199999630451202 255 255 231
0.020119022578001022 0.02707272209227085 0.18199999630451202 255 255 231
0.020434081554412842 0.026923971250653267 0.1809999942779541 255 255 227
0.02085968293249607 0.026923971250653267 0.1809999942779541 255 255 227
0.02128528617322445 0.026923971250653267 0.1809999942779541 255 252 220
0.021710887551307678 0.026923971250653267 0.1809999942779541 255 248 216
0.022136490792036057 0.026923971250653267 0.1809999942779541 255 225 189
0.023413296788930893 0.026923971250653267 0.1809999942779541 255 245 209
0.02383890002965927 0.026923971250653267 0.1809999942779541 255 252 212
0.0242645014077425 0.026923971250653267 0.1809999942779541 255 253 213
0.02469010464847088 0.026923971250653267 0.1809999942779541 255 253 218
0.024976946413517 0.026775220409035683 0.18000000715255737 255 251 216
0.025400197133421898 0.026775220409035683 0.18000000715255737 255 247 220
0.025823447853326797 0.026775220409035683 0.18000000715255737 255 245 218
0.026246698573231697 0.026775220409035683 0.18000000715255737 255 231 214
0.026669949293136597 0.026775220409035683 0.18000000715255737 250 217 200
0.027093200013041496 0.026775220409035683 0.18000000715255737 255 217 205
0.027516450732946396 0.026775220409035683 0.18000000715255737 245 189 177
0.028786204755306244 0.026775220409035683 0.18000000715255737 255 225 199
0.029209455475211143 0.026775220409035683 0.18000000715255737 255 240 214
0.029632706195116043 0.026775220409035683 0.18000000715255737 255 252 221
0.030055956915020943 0.026775220409035683 0.18000000715255737 255 252 221
0.030479207634925842 0.026775220409035683 0.18000000715255737 255 253 227
0.030902458354830742 0.026775220409035683 0.18000000715255737 255 252 226
0.03149973973631859 0.026923971250653267 0.1809999942779541 255 252 226
0.03192534297704697 0.026923971250653267 0.1809999942779541 255 250 224
0.032350946217775345 0.026923971250653267 0.1809999942779541 255 245 229
0.03277654945850372 0.026923971250653267 0.1809999942779541 255 233 217
0.03447895869612694 0.026923971250653267 0.1809999942779541 255 230 199
0.03490455821156502 0.026923971250653267 0.1809999942779541 255 249 217
0.035330161452293396 0.026923971250653267 0.1809999942779541 255 249 217
0.035755764693021774 0.026923971250653267 0.1809999942779541 255 251 227
0.03618136793375015 0.026923971250653267 0.1809999942779541 255 251 227
0.03660696744918823 0.026923971250653267 0.1809999942779541 255 250 230
0.037237171083688736 0.02707272209227085 0.18199999630451202 255 251 231
0.037665124982595444 0.02707272209227085 0.18199999630451202 255 245 235
0.038302380591630936 0.027221472933888435 0.18299999833106995 255 243 233
0.03873268514871597 0.027221472933888435 0.18299999833106995 255 235 228
0.03937699645757675 0.02737022377550602 0.18400000035762787 255 216 209
0.03980965539813042 0.02737022377550602 0.18400000035762787 255 207 200
0.040461018681526184 0.027518976479768753 0.1850000023841858 255 216 209
0.04089602455496788 0.027518976479768753 0.1850000023841858 255 216 212
0.041554443538188934 0.027667727321386337 0.1860000044107437 255 227 223
0.04199180379509926 0.027667727321386337 0.1860000044107437 255 240 236
0.04242916405200958 0.027667727321386337 0.1860000044107437 255 241 237
0.04309698939323425 0.02781647816300392 0.18700000643730164 255 242 239
0.043536700308322906 0.02781647816300392 0.18700000643730164 255 242 239
0.04397641122341156 0.02781647816300392 0.18700000643730164 255 233 233
0.04465363919734955 0.027965229004621506 0.18799999356269836 255 223 223
0.04509570077061653 0.027965229004621506 0.18799999356269836 255 197 203
0.04622440040111542 0.02811397984623909 0.1889999955892563 255 188 196
0.04691573604941368 0.028262732550501823 0.1899999976158142 255 204 212
0.0476117804646492 0.028411483392119408 0.19099999964237213 255 209 221
0.04806089401245117 0.028411483392119408 0.19099999964237213 255 199 211
0.008893667720258236 0.02855839394032955 0.1889999955892563 255 235 199
0.009288673289120197 0.02840729057788849 0.18799999356269836 255 232 196
0.00973073486238718 0.02840729057788849 0.18799999356269836 255 243 206
0.010118686594069004 0.028256189078092575 0.18700000643730164 255 243 206
0.010558397509157658 0.028256189078092575 0.18700000643730164 255 240 199
0.010939294472336769 0.028105085715651512 0.1860000044107437 255 236 195
0.013490528799593449 0.0279539842158556 0.1850000023841858 255 234 197
0.013925536535680294 0.0279539842158556 0.1850000023841858 255 239 201
0.014282919466495514 0.027802880853414536 0.18400000035762787 255 239 201
0.01471557654440403 0.027802880853414536 0.18400000035762787 255 242 202
0.015148232690989971 0.027802880853414536 0.18400000035762787 255 242 202
0.01549621019512415 0.027651777490973473 0.18299999833106995 255 241 206
0.01592651568353176 0.027651777490973473 0.18299999833106995 255 240 205
0.0163568202406168 0.027651777490973473 0.18299999833106995 255 234 203
0.016787126660346985 0.027651777490973473 0.18299999833106995 255 223 192
0.01840720698237419 0.02750067599117756 0.18199999630451202 255 236 202
0.0188351608812809 0.02750067599117756 0.18199999630451202 255 242 199
0.019263114780187607 0.02750067599117756 0.18199999630451202 255 241 198
0.019691068679094315 0.02750067599117756 0.18199999630451202 255 242 203
0.020119022578001022 0.02750067599117756 0.18199999630451202 255 242 203
0.02054697647690773 0.02750067599117756 0.18199999630451202 255 241 200
0.020974930375814438 0.02750067599117756 0.18199999630451202 255 241 200
0.021402884274721146 0.02750067599117756 0.18199999630451202 255 238 199
0.021830838173627853 0.02750067599117756 0.18199999630451202 255 232 193
0.02383890002965927 0.027349572628736496 0.1809999942779541 255 232 199
0.0242645014077425 0.027349572628736496 0.1809999942779541 255 229 196
0.02469010464847088 0.027349572628736496 0.1809999942779541 255 227 186
0.024976946413517 0.027198471128940582 0.18000000715255737 255 227 186
0.025400197133421898 0.027198471128940582 0.18000000715255737 255 228 194
0.025823447853326797 0.027198471128940582 0.18000000715255737 255 225 191
0.026246698573231697 0.027198471128940582 0.18000000715255737 255 217 198
0.026669949293136597 0.027198471128940582 0.18000000715255737 255 213 194
0.027093200013041496 0.027198471128940582 0.18000000715255737 255 202 191
0.029632706195116043 0.027198471128940582 0.18000000715255737 255 214 187
0.030055956915020943 0.027198471128940582 0.18000000715255737 255 224 197
0.030479207634925842 0.027198471128940582 0.18000000715255737 255 231 203
0.030902458354830742 0.027198471128940582 0.18000000715255737 255 224 196
0.03132570907473564 0.027198471128940582 0.18000000715255737 255 222 194
0.03174896165728569 0.027198471128940582 0.18000000715255737 255 218 190
0.03490455821156502 0.027349572628736496 0.1809999942779541 255 214 186
0.035330161452293396 0.027349572628736496 0.1809999942779541 255 219 191
0.035755764693021774 0.027349572628736496 0.1809999942779541 255 225 199
0.03618136793375015 0.027349572628736496 0.1809999942779541 255 216 190
0.03680921718478203 0.02750067599117756 0.18199999630451202 255 209 187
