-0.009227260947227478 0.006483711767941713 0.1509999930858612 229 231 213
-0.009582321159541607 0.006838771980255842 0.1509999930858612 231 240 220
-0.009871571324765682 0.007146191317588091 0.15000000596046448 249 255 238
-0.010224279947578907 0.007498900406062603 0.15000000596046448 249 255 245
-0.010576989501714706 0.007498900406062603 0.15000000596046448 232 242 228
-0.01128240767866373 0.007498900406062603 0.15000000596046448 171 184 169
-0.011557549238204956 0.007448907941579819 0.14900000393390656 201 217 196
-0.011907907202839851 0.007098549976944923 0.14900000393390656 203 216 203
-0.012258264236152172 0.007098549976944923 0.14900000393390656 202 213 192
-0.012608622200787067 0.007098549976944923 0.14900000393390656 221 232 211
-0.012958980165421963 0.007098549976944923 0.14900000393390656 229 243 221
-0.013220013119280338 0.007050908636301756 0.14800000190734863 217 231 209
-0.01356801949441433 0.007050908636301756 0.14800000190734863 219 236 222
-0.01391602586954832 0.007050908636301756 0.14800000190734863 219 236 222
-0.014264032244682312 0.007398915011435747 0.14800000190734863 242 253 249
-0.014612038619816303 0.007398915011435747 0.14800000190734863 230 241 237
-0.014960044994950294 0.007398915011435747 0.14800000190734863 234 247 244
-0.01520461868494749 0.00769457733258605 0.1469999998807907 249 255 251
-0.015550273470580578 0.00769457733258605 0.1469999998807907 244 255 251
-0.01589592918753624 0.008040232583880424 0.1469999998807907 225 235 223
-0.016241583973169327 0.008385887369513512 0.1469999998807907 217 230 217
-0.016587238758802414 0.008385887369513512 0.1469999998807907 219 232 219
-0.0169328935444355 0.008385887369513512 0.1469999998807907 220 233 228
-0.01716100610792637 0.008328840136528015 0.1459999978542328 222 235 230
-0.017504310235381126 0.008672144263982773 0.1459999978542328 249 255 251
-0.017847614362835884 0.008672144263982773 0.1459999978542328 249 255 251
-0.018066322430968285 0.008612745441496372 0.14499999582767487 244 255 247
-0.018407274037599564 0.008612745441496372 0.14499999582767487 237 251 240
-0.018748225644230843 0.008953697979450226 0.14499999582767487 249 255 247
-0.01908917911350727 0.008953697979450226 0.14499999582767487 248 255 246
-0.01943013072013855 0.008953697979450226 0.14499999582767487 245 252 246
-0.01977108232676983 0.009294649586081505 0.14499999582767487 252 255 251
-0.020112035796046257 0.009294649586081505 0.14499999582767487 248 251 252
-0.020452987402677536 0.009635602124035358 0.14499999582767487 250 253 252
-0.020793939009308815 0.009635602124035358 0.14499999582767487 245 248 247
-0.021134890615940094 0.009635602124035358 0.14499999582767487 251 254 253
-0.021475844085216522 0.009635602124035358 0.14499999582767487 252 255 254
-0.0218167956918478 0.009294649586081505 0.14499999582767487 251 251 247
-0.02215774729847908 0.009294649586081505 0.14499999582767487 246 245 245
-0.02249870076775551 0.009294649586081505 0.14499999582767487 244 243 243
-0.022839652374386787 0.009635602124035358 0.14499999582767487 245 255 252
-0.023180603981018066 0.009635602124035358 0.14499999582767487 246 255 253
-0.023521555587649345 0.009635602124035358 0.14499999582767487 248 255 248
-0.024203460663557053 0.009976554661989212 0.14499999582767487 250 255 254
-0.02454441227018833 0.009976554661989212 0.14499999582767487 250 255 254
-0.02488536573946476 0.009976554661989212 0.14499999582767487 254 253 253
-0.02522631734609604 0.010317506268620491 0.14499999582767487 254 255 251
-0.025567268952727318 0.010317506268620491 0.14499999582767487 253 255 244
-0.025908220559358597 0.010317506268620491 0.14499999582767487 218 220 209
-0.026249174028635025 0.010317506268620491 0.14499999582767487 204 206 190
-0.026590125635266304 0.010317506268620491 0.14499999582767487 251 253 237
-0.026745345443487167 0.01024635136127472 0.14399999380111694 254 255 241
-0.027083946391940117 0.01024635136127472 0.14399999380111694 254 255 241
-0.027422547340393066 0.01024635136127472 0.14399999380111694 252 255 251
-0.03034059889614582 0.011340362951159477 0.14499999582767487 244 247 246
-0.0306815505027771 0.011681314557790756 0.14499999582767487 181 185 180
-0.031022503972053528 0.01202226709574461 0.14499999582767487 246 247 236
-0.03136345371603966 0.01202226709574461 0.14499999582767487 253 254 243
-0.03192305937409401 0.012105179019272327 0.1459999978542328 255 255 241
-0.03226636350154877 0.011761875823140144 0.1459999978542328 239 239 219
-0.032609667629003525 0.011761875823140144 0.1459999978542328 254 252 231
-0.03226636350154877 0.011761875823140144 0.1459999978542328 239 239 219
-0.03192305937409401 0.012105179019272327 0.1459999978542328 255 255 241
-0.03136345371603966 0.01202226709574461 0.14499999582767487 253 254 243
-0.031022503972053528 0.01202226709574461 0.14499999582767487 246 247 236
-0.0306815505027771 0.011681314557790756 0.14499999582767487 181 185 180
-0.03034059889614582 0.01202226709574461 0.14499999582767487 251 255 250
-0.03034059889614582 0.011681314557790756 0.14499999582767487 252 255 251
-0.02999964728951454 0.011340362951159477 0.14499999582767487 250 255 254
-0.027422547340393066 0.01024635136127472 0.14399999380111694 252 255 251
-0.027083946391940117 0.01024635136127472 0.14399999380111694 254 255 241
-0.026745345443487167 0.01024635136127472 0.14399999380111694 254 255 241
-0.026590125635266304 0.010317506268620491 0.14499999582767487 251 253 237
-0.026249174028635025 0.010317506268620491 0.14499999582767487 204 206 190
-0.025908220559358597 0.010317506268620491 0.14499999582767487 218 220 209
-0.025567268952727318 0.010317506268620491 0.14499999582767487 253 255 244
-0.02522631734609604 0.010317506268620491 0.14499999582767487 254 255 251
-0.02488536573946476 0.010317506268620491 0.14499999582767487 254 255 251
-0.02454441227018833 0.009976554661989212 0.14499999582767487 250 255 254
-0.024203460663557053 0.009976554661989212 0.14499999582767487 250 255 254
-0.023521555587649345 0.009635602124035358 0.14499999582767487 248 255 248
-0.023180603981018066 0.009635602124035358 0.14499999582767487 246 255 253
-0.022839652374386787 0.009635602124035358 0.14499999582767487 245 255 252
-0.02249870076775551 0.009294649586081505 0.14499999582767487 244 243 243
-0.02215774729847908 0.009294649586081505 0.14499999582767487 246 245 245
-0.0218167956918478 0.009294649586081505 0.14499999582767487 251 251 247
-0.021475844085216522 0.009635602124035358 0.14499999582767487 252 255 254
-0.021134890615940094 0.009635602124035358 0.14499999582767487 251 254 253
-0.020793939009308815 0.009635602124035358 0.14499999582767487 245 248 247
-0.020452987402677536 0.009635602124035358 0.14499999582767487 250 253 252
-0.020112035796046257 0.009294649586081505 0.14499999582767487 248 251 252
-0.01977108232676983 0.009294649586081505 0.14499999582767487 252 255 251
-0.01943013072013855 0.009294649586081505 0.14499999582767487 252 255 251
-0.01908917911350727 0.008953697979450226 0.14499999582767487 248 255 246
-0.018748225644230843 0.008953697979450226 0.14499999582767487 249 255 247
-0.018407274037599564 0.008612745441496372 0.14499999582767487 237 251 240
-0.018066322430968285 0.008612745441496372 0.14499999582767487 244 255 247
-0.017847614362835884 0.008672144263982773 0.1459999978542328 249 255 251
-0.017504310235381126 0.008672144263982773 0.1459999978542328 249 255 251
-0.01716100610792637 0.008328840136528015 0.1459999978542328 222 235 230
-0.0169328935444355 0.008385887369513512 0.1469999998807907 220 233 228
-0.016587238758802414 0.008385887369513512 0.1469999998807907 219 232 219
-0.016241583973169327 0.008385887369513512 0.1469999998807907 217 230 217
-0.01589592918753624 0.008385887369513512 0.1469999998807907 228 236 223
-0.015550273470580578 0.008040232583880424 0.1469999998807907 248 255 246
-0.01520461868494749 0.00769457733258605 0.1469999998807907 249 255 251
-0.014960044994950294 0.007746921386569738 0.14800000190734863 249 255 251
-0.014612038619816303 0.007398915011435747 0.14800000190734863 230 241 237
-0.014264032244682312 0.007398915011435747 0.14800000190734863 242 253 249
-0.01391602586954832 0.007050908636301756 0.14800000190734863 219 236 222
-0.01356801949441433 0.007050908636301756 0.14800000190734863 219 236 222
-0.013220013119280338 0.007050908636301756 0.14800000190734863 217 231 209
-0.012958980165421963 0.007098549976944923 0.14900000393390656 229 243 221
-0.012608622200787067 0.007098549976944923 0.14900000393390656 221 232 211
-0.012258264236152172 0.007098549976944923 0.14900000393390656 202 213 192
-0.011907907202839851 0.007448907941579819 0.14900000393390656 223 239 218
-0.011557549238204956 0.007448907941579819 0.14900000393390656 201 217 196
-0.01128240767866373 0.007498900406062603 0.15000000596046448 171 184 169
-0.010576989501714706 0.007498900406062603 0.15000000596046448 232 242 228
-0.010224279947578907 0.007851609960198402 0.15000000596046448 252 255 241
-0.009871571324765682 0.007498900406062603 0.15000000596046448 252 255 243
-0.009582321159541607 0.007193832658231258 0.1509999930858612 249 255 238
-0.009227260947227478 0.006838771980255842 0.1509999930858612 234 237 214
-0.009227260947227478 0.006483711767941713 0.1509999930858612 229 231 213
