0.05656645819544792 0.022952057421207428 0.210999995470047 255 179 186
0.057062603533267975 0.022952057421207428 0.210999995470047 255 176 183
0.05160731077194214 0.023225942626595497 0.20900000631809235 255 177 178
0.055047400295734406 0.023225942626595497 0.20900000631809235 255 178 176
0.0555388443171978 0.023225942626595497 0.20900000631809235 255 181 179
0.05629837140440941 0.023337071761488914 0.20999999344348907 255 187 192
0.056792162358760834 0.023337071761488914 0.20999999344348907 255 178 183
0.049404025077819824 0.023603904992341995 0.20800000429153442 255 179 176
0.05652172490954399 0.023717384785413742 0.20900000631809235 255 185 192
0.05701316520571709 0.023717384785413742 0.20900000631809235 255 180 193
0.010117135010659695 0.02490381710231304 0.2150000035762787 255 218 181
0.012661885470151901 0.027104618027806282 0.23399999737739563 255 239 217
0.0132121117785573 0.027104618027806282 0.23399999737739563 255 236 224
0.013997592031955719 0.027567945420742035 0.23800000548362732 255 231 219
0.014618388377130032 0.02768377773463726 0.23899999260902405 255 213 202
0.048209432512521744 0.023745499551296234 0.20499999821186066 255 180 183
0.04869147017598152 0.023745499551296234 0.20499999821186066 255 183 186
0.049173504114151 0.023745499551296234 0.20499999821186066 255 185 186
0.006058142986148596 0.02340025268495083 0.1979999989271164 255 246 183
0.006589615251868963 0.02363661862909794 0.20000000298023224 255 246 196
0.007095193490386009 0.023754803463816643 0.20100000500679016 255 232 182
0.008555438369512558 0.023872986435890198 0.20200000703334808 242 193 163
0.009477470070123672 0.025054816156625748 0.21199999749660492 255 222 192
0.010117135010659695 0.025409365072846413 0.2150000035762787 255 245 217
0.013925536535680294 0.021863872185349464 0.1850000023841858 255 217 223
0.01436054427176714 0.021863872185349464 0.1850000023841858 255 226 232
0.01471557654440403 0.02174568921327591 0.18400000035762787 255 233 230
0.015148232690989971 0.02174568921327591 0.18400000035762787 255 233 230
0.037011466920375824 0.021627506241202354 0.18299999833106995 210 131 136
0.03744177147746086 0.021627506241202354 0.18299999833106995 215 136 141
0.04585086926817894 0.023754803463816643 0.20100000500679016 255 193 187
0.0463235005736351 0.023754803463816643 0.20100000500679016 255 199 195
0.04679613187909126 0.023754803463816643 0.20100000500679016 255 194 190
0.047268759459257126 0.023754803463816643 0.20100000500679016 255 181 182
0.04774139076471329 0.023754803463816643 0.20100000500679016 249 175 176
0.04821402207016945 0.023754803463816643 0.20100000500679016 255 179 178
0.04868665337562561 0.023754803463816643 0.20100000500679016 255 184 183
0.049403853714466095 0.023872986435890198 0.20200000703334808 237 161 160
0.049878835678100586 0.023872986435890198 0.20200000703334808 208 132 131
0.054475899785757065 0.024227535352110863 0.20499999821186066 255 180 189
0.006027546711266041 0.02374529466032982 0.19699999690055847 255 252 184
0.006490771193057299 0.02374529466032982 0.19699999690055847 255 252 200
0.00698929512873292 0.023865830153226852 0.1979999989271164 255 247 195
0.007454871200025082 0.023865830153226852 0.1979999989271164 241 207 176
0.007920447736978531 0.023865830153226852 0.1979999989271164 236 202 171
0.00817425549030304 0.023263156414031982 0.19300000369548798 239 203 180
0.008628074079751968 0.023263156414031982 0.19300000369548798 255 227 204
0.013126091100275517 0.022419415414333344 0.1860000044107437 234 197 192
0.013490528799593449 0.02229888178408146 0.1850000023841858 255 239 234
0.013925536535680294 0.02229888178408146 0.1850000023841858 255 247 245
0.01436054427176714 0.02229888178408146 0.1850000023841858 255 247 245
0.01471557654440403 0.022178346291184425 0.18400000035762787 255 250 243
0.015148232690989971 0.022178346291184425 0.18400000035762787 255 250 243
0.01549621019512415 0.02205781266093254 0.18299999833106995 255 252 235
0.01592651568353176 0.02205781266093254 0.18299999833106995 255 252 235
0.0162674393504858 0.021937277168035507 0.18199999630451202 255 247 227
0.01669539324939251 0.021937277168035507 0.18199999630451202 255 237 217
0.029106050729751587 0.021937277168035507 0.18199999630451202 246 186 175
0.029534004628658295 0.021937277168035507 0.18199999630451202 255 208 197
0.029961958527565002 0.021937277168035507 0.18199999630451202 255 225 216
0.03055688925087452 0.02205781266093254 0.18299999833106995 255 232 223
0.030987193807959557 0.02205781266093254 0.18299999833106995 255 234 218
0.03141750022768974 0.02205781266093254 0.18299999833106995 255 234 218
0.03184780478477478 0.02205781266093254 0.18299999833106995 255 233 216
0.03227810934185982 0.02205781266093254 0.18299999833106995 255 228 211
0.032708413898944855 0.02205781266093254 0.18299999833106995 255 205 195
0.03313871845602989 0.02205781266093254 0.18299999833106995 176 113 103
0.03595330938696861 0.021937277168035507 0.18199999630451202 255 209 195
0.03658116236329079 0.02205781266093254 0.18299999833106995 255 222 208
0.037011466920375824 0.02205781266093254 0.18299999833106995 255 234 230
0.03744177147746086 0.02205781266093254 0.18299999833106995 255 240 236
0.0378720760345459 0.02205781266093254 0.18299999833106995 255 221 218
0.038302380591630936 0.02205781266093254 0.18299999833106995 238 183 180
0.04585086926817894 0.024227432906627655 0.20100000500679016 255 200 181
0.045401640236377716 0.02374529466032982 0.19699999690055847 250 187 177
0.04586486518383026 0.02374529466032982 0.19699999690055847 255 194 184
0.046328090131282806 0.02374529466032982 0.19699999690055847 255 195 196
0.047028832137584686 0.023865830153226852 0.1979999989271164 254 180 181
0.047734279185533524 0.023986363783478737 0.19900000095367432 238 165 161
0.048202209174633026 0.023986363783478737 0.19900000095367432 251 178 174
0.04891470819711685 0.02410689741373062 0.20000000298023224 255 195 191
0.049384988844394684 0.02410689741373062 0.20000000298023224 227 154 150
0.04985526576638222 0.02410689741373062 0.20000000298023224 195 124 117
0.05057717114686966 0.024227432906627655 0.20100000500679016 208 137 130
0.05104980245232582 0.024227432906627655 0.20100000500679016 234 163 156
0.05152243375778198 0.024227432906627655 0.20100000500679016 255 187 180
0.05225374549627304 0.02434796653687954 0.20200000703334808 253 183 183
0.05272872745990753 0.02434796653687954 0.20200000703334808 243 173 173
0.05468984693288803 0.024589035660028458 0.20399999618530273 255 181 192
0.05543997138738632 0.02470957115292549 0.20499999821186066 255 182 193
0.005536076612770557 0.024085633456707 0.19599999487400055 255 252 182
0.0059969499707221985 0.024085633456707 0.19599999487400055 255 251 181
0.006457822863012552 0.024085633456707 0.19599999487400055 255 255 204
0.006918696220964193 0.024085633456707 0.19599999487400055 255 255 206
0.007341918535530567 0.023962747305631638 0.19499999284744263 255 246 214
0.007680433802306652 0.023594090715050697 0.19200000166893005 221 205 173
0.008089547976851463 0.023471204563975334 0.19099999964237213 227 214 192
0.008538664318621159 0.023471204563975334 0.19099999964237213 255 245 223
0.008987780660390854 0.023471204563975334 0.19099999964237213 255 254 243
0.012317240238189697 0.02297965995967388 0.18700000643730164 255 255 247
0.012688731774687767 0.02285677380859852 0.1860000044107437 255 255 247
0.013126091100275517 0.02285677380859852 0.1860000044107437 255 252 246
0.013563450425863266 0.02285677380859852 0.1860000044107437 255 253 247
0.013925536535680294 0.022733889520168304 0.1850000023841858 255 253 249
0.014282919466495514 0.02261100336909294 0.18400000035762787 255 253 249
0.01471557654440403 0.02261100336909294 0.18400000035762787 255 253 249
0.015065905638039112 0.022488117218017578 0.18299999833106995 255 253 249
0.01549621019512415 0.022488117218017578 0.18299999833106995 255 254 247
0.01592651568353176 0.022488117218017578 0.18299999833106995 255 254 247
0.0162674393504858 0.022365231066942215 0.18199999630451202 255 254 243
0.01669539324939251 0.022365231066942215 0.18199999630451202 255 254 243
0.01830606907606125 0.022242344915866852 0.1809999942779541 255 244 223
0.018731672316789627 0.022242344915866852 0.1809999942779541 255 247 215
0.019157273694872856 0.022242344915866852 0.1809999942779541 255 247 215
0.019582876935601234 0.022242344915866852 0.1809999942779541 255 247 215
0.020008478313684464 0.022242344915866852 0.1809999942779541 255 247 215
0.020434081554412842 0.022242344915866852 0.1809999942779541 255 246 214
0.020744435489177704 0.02211945876479149 0.18000000715255737 255 244 212
0.021167688071727753 0.02211945876479149 0.18000000715255737 255 241 214
0.021590938791632652 0.02211945876479149 0.18000000715255737 255 231 204
0.02455369383096695 0.02211945876479149 0.18000000715255737 164 101 89
0.024976946413517 0.02211945876479149 0.18000000715255737 167 104 92
0.025400197133421898 0.02211945876479149 0.18000000715255737 168 104 99
0.025823447853326797 0.02211945876479149 0.18000000715255737 163 99 94
0.026246698573231697 0.02211945876479149 0.18000000715255737 163 90 86
0.026818115264177322 0.022242344915866852 0.1809999942779541 156 83 79
0.028520524501800537 0.022242344915866852 0.1809999942779541 255 240 212
0.028946127742528915 0.022242344915866852 0.1809999942779541 255 251 231
0.029534004628658295 0.022365231066942215 0.18199999630451202 255 251 231
0.029961958527565002 0.022365231066942215 0.18199999630451202 255 252 240
0.03038991242647171 0.022365231066942215 0.18199999630451202 255 251 239
0.030817866325378418 0.022365231066942215 0.18199999630451202 255 252 240
0.031245820224285126 0.022365231066942215 0.18199999630451202 255 252 240
0.03184780478477478 0.022488117218017578 0.18299999833106995 255 253 241
0.03227810934185982 0.022488117218017578 0.18299999833106995 255 253 241
0.032708413898944855 0.022488117218017578 0.18299999833106995 255 247 235
0.03313871845602989 0.022488117218017578 0.18299999833106995 255 226 214
0.03529024496674538 0.022488117218017578 0.18299999833106995 239 186 171
0.035525355488061905 0.022365231066942215 0.18199999630451202 255 236 221
0.03595330938696861 0.022365231066942215 0.18199999630451202 255 252 236
0.03638126328587532 0.022365231066942215 0.18199999630451202 255 253 237
0.03680921718478203 0.022365231066942215 0.18199999630451202 255 249 240
0.03744177147746086 0.022488117218017578 0.18299999833106995 255 252 243
0.0378720760345459 0.022488117218017578 0.18299999833106995 255 247 241
0.038302380591630936 0.022488117218017578 0.18299999833106995 255 237 231
0.03873268514871597 0.022488117218017578 0.18299999833106995 246 176 176
0.03937699645757675 0.02261100336909294 0.18400000035762787 140 70 70
0.04289485514163971 0.02334831841289997 0.1899999976158142 255 225 198
0.045401640236377716 0.024208519607782364 0.19699999690055847 243 194 182
0.04586486518383026 0.024208519607782364 0.19699999690055847 231 182 170
0.0458577536046505 0.023962747305631638 0.19499999284744263 240 173 174
0.046316273510456085 0.023962747305631638 0.19499999284744263 235 168 169
0.0472545400261879 0.024208519607782364 0.19699999690055847 235 171 166
0.04771776124835014 0.024208519607782364 0.19699999690055847 249 185 180
0.04818098619580269 0.024208519607782364 0.19699999690055847 255 220 211
0.04889113828539848 0.024331405758857727 0.1979999989271164 255 209 200
0.04935671389102936 0.024331405758857727 0.1979999989271164 221 164 155
0.05007391795516014 0.02445429190993309 0.19900000095367432 255 214 205
0.050541844218969345 0.02445429190993309 0.19900000095367432 255 236 229
0.051266103982925415 0.024577176198363304 0.20000000298023224 255 238 231
0.05173638090491295 0.024577176198363304 0.20000000298023224 255 240 240
0.05246769264340401 0.024700062349438667 0.20100000500679016 255 231 231
0.05320370942354202 0.02482294850051403 0.20200000703334808 255 191 201
0.053678691387176514 0.02482294850051403 0.20200000703334808 244 170 180
0.05516953021287918 0.025068720802664757 0.20399999618530273 255 177 189
0.005507831461727619 0.024421269074082375 0.19499999284744263 255 254 180
0.005966353230178356 0.024421269074082375 0.19499999284744263 255 250 176
0.006391926668584347 0.024296032264828682 0.1940000057220459 255 255 206
0.006848097313195467 0.024296032264828682 0.1940000057220459 255 255 207
0.00726661691442132 0.02417079545557499 0.19300000369548798 255 254 230
0.007680433802306652 0.024045556783676147 0.19200000166893005 252 246 222
0.008089547976851463 0.023920319974422455 0.19099999964237213 244 242 223
0.008493958972394466 0.023795083165168762 0.1899999976158142 255 255 237
0.008940723724663258 0.023795083165168762 0.1899999976158142 255 255 243
0.009338080883026123 0.02366984635591507 0.1889999955892563 255 255 243
0.00973073486238718 0.023544607684016228 0.18799999356269836 254 255 249
0.010172797366976738 0.023544607684016228 0.18799999356269836 254 255 249
0.010614858940243721 0.023544607684016228 0.18799999356269836 254 255 249
0.010998107492923737 0.023419370874762535 0.18700000643730164 254 255 249
0.01143781840801239 0.023419370874762535 0.18700000643730164 254 255 251
0.011877529323101044 0.023419370874762535 0.18700000643730164 254 255 251
0.012317240238189697 0.023419370874762535 0.18700000643730164 254 255 249
0.012688731774687767 0.023294134065508842 0.1860000044107437 254 255 249
0.013126091100275517 0.023294134065508842 0.1860000044107437 254 254 248
0.013563450425863266 0.023294134065508842 0.1860000044107437 255 255 249
0.013925536535680294 0.02316889725625515 0.1850000023841858 255 255 249
0.014282919466495514 0.023043658584356308 0.18400000035762787 255 255 249
0.01471557654440403 0.023043658584356308 0.18400000035762787 255 255 251
0.015065905638039112 0.022918421775102615 0.18299999833106995 255 255 251
0.01549621019512415 0.022918421775102615 0.18299999833106995 255 255 251
0.015839485451579094 0.022793184965848923 0.18199999630451202 255 255 251
0.0162674393504858 0.022793184965848923 0.18199999630451202 255 255 249
0.01669539324939251 0.022793184965848923 0.18199999630451202 255 255 249
0.017123347148299217 0.022793184965848923 0.18199999630451202 255 255 245
0.01788046769797802 0.02266794815659523 0.1809999942779541 255 255 239
0.01830606907606125 0.02266794815659523 0.1809999942779541 255 255 239
0.018731672316789627 0.02266794815659523 0.1809999942779541 255 255 237
0.019157273694872856 0.02266794815659523 0.1809999942779541 255 255 237
0.019582876935601234 0.02266794815659523 0.1809999942779541 255 255 237
0.020008478313684464 0.02266794815659523 0.1809999942779541 255 255 237
0.020321184769272804 0.022542709484696388 0.18000000715255737 255 255 237
0.020744435489177704 0.022542709484696388 0.18000000715255737 255 255 237
0.021167688071727753 0.022542709484696388 0.18000000715255737 255 254 233
0.021590938791632652 0.022542709484696388 0.18000000715255737 255 254 233
0.022014189511537552 0.022542709484696388 0.18000000715255737 255 239 222
0.02243744023144245 0.022542709484696388 0.18000000715255737 205 157 140
0.02328394167125225 0.022542709484696388 0.18000000715255737 255 213 193
0.02370719239115715 0.022542709484696388 0.18000000715255737 255 239 211
0.02413044311106205 0.022542709484696388 0.18000000715255737 255 248 220
0.02455369383096695 0.022542709484696388 0.18000000715255737 255 252 227
0.024976946413517 0.022542709484696388 0.18000000715255737 255 252 227
0.025400197133421898 0.022542709484696388 0.18000000715255737 255 251 235
0.025823447853326797 0.022542709484696388 0.18000000715255737 255 251 235
0.026246698573231697 0.022542709484696388 0.18000000715255737 255 249 234
0.026669949293136597 0.022542709484696388 0.18000000715255737 255 238 223
0.0272437185049057 0.02266794815659523 0.1809999942779541 250 218 196
0.02766931988298893 0.02266794815659523 0.1809999942779541 234 202 180
0.028094923123717308 0.02266794815659523 0.1809999942779541 255 250 225
0.028520524501800537 0.02266794815659523 0.1809999942779541 255 252 227
0.028946127742528915 0.02266794815659523 0.1809999942779541 255 255 239
0.029371729120612144 0.02266794815659523 0.1809999942779541 255 255 239
0.029961958527565002 0.022793184965848923 0.18199999630451202 255 255 247
0.03038991242647171 0.022793184965848923 0.18199999630451202 255 255 247
0.030817866325378418 0.022793184965848923 0.18199999630451202 255 255 247
0.031245820224285126 0.022793184965848923 0.18199999630451202 255 255 247
0.031673774123191833 0.022793184965848923 0.18199999630451202 255 255 247
0.03227810934185982 0.022918421775102615 0.18299999833106995 255 255 247
0.032708413898944855 0.022918421775102615 0.18299999833106995 255 253 236
0.03313871845602989 0.022918421775102615 0.18299999833106995 255 254 237
0.03356902673840523 0.022918421775102615 0.18299999833106995 220 176 158
0.033999331295490265 0.022918421775102615 0.18299999833106995 147 103 85
0.0344296358525753 0.022918421775102615 0.18299999833106995 212 157 138
0.03466944769024849 0.022793184965848923 0.18199999630451202 255 212 193
0.0350974015891552 0.022793184965848923 0.18199999630451202 255 250 232
0.035525355488061905 0.022793184965848923 0.18199999630451202 255 251 233
0.03595330938696861 0.022793184965848923 0.18199999630451202 255 254 242
0.03638126328587532 0.022793184965848923 0.18199999630451202 255 255 243
0.03680921718478203 0.022793184965848923 0.18199999630451202 255 255 247
0.03744177147746086 0.022918421775102615 0.18299999833106995 255 255 247
0.0378720760345459 0.022918421775102615 0.18299999833106995 255 253 245
0.038302380591630936 0.022918421775102615 0.18299999833106995 255 253 245
0.03873268514871597 0.022918421775102615 0.18299999833106995 255 229 223
0.03937699645757675 0.023043658584356308 0.18400000035762787 199 153 147
0.04155920445919037 0.023544607684016228 0.18799999356269836 255 219 190
0.04200126603245735 0.023544607684016228 0.18799999356269836 255 240 211
0.04266909137368202 0.02366984635591507 0.1889999955892563 255 251 225
0.04334161803126335 0.023795083165168762 0.1899999976158142 255 251 225
0.04401884973049164 0.023920319974422455 0.19099999964237213 255 243 230
0.044700782746076584 0.024045556783676147 0.19200000166893005 255 229 216
0.04515225067734718 0.024045556783676147 0.19200000166893005 236 188 184
0.04607875645160675 0.024296032264828682 0.1940000057220459 230 182 178
0.04653492569923401 0.024296032264828682 0.1940000057220459 255 206 202
0.04723331704735756 0.024421269074082375 0.19499999284744263 255 210 206
0.047691840678453445 0.024421269074082375 0.19499999284744263 255 217 209
0.04839728772640228 0.024546505883336067 0.19599999487400055 255 220 212
0.0488581620156765 0.024546505883336067 0.19599999487400055 251 198 194
0.049570661038160324 0.02467174455523491 0.19699999690055847 255 213 209
0.05028786510229111 0.0247969813644886 0.1979999989271164 255 240 236
0.05075344070792198 0.0247969813644886 0.1979999989271164 255 241 237
0.05147770047187805 0.024922218173742294 0.19900000095367432 255 243 240
0.05220666155219078 0.025047456845641136 0.20000000298023224 255 237 234
0.052676938474178314 0.025047456845641136 0.20000000298023224 255 199 205
0.05341295525431633 0.02517269365489483 0.20100000500679016 243 180 186
0.005507831461727619 0.02487979084253311 0.19499999284744263 255 251 178
0.005935756489634514 0.02475220337510109 0.1940000057220459 255 253 180
0.006391926668584347 0.02475220337510109 0.1940000057220459 255 255 209
0.006812797859311104 0.024624614045023918 0.19300000369548798 255 255 211
0.00726661691442132 0.024624614045023918 0.19300000369548798 255 255 231
0.007680433802306652 0.024497024714946747 0.19200000166893005 255 255 230
0.008089547976851463 0.024369437247514725 0.19099999964237213 254 255 238
0.008493958972394466 0.024241847917437553 0.1899999976158142 255 255 239
0.008940723724663258 0.024241847917437553 0.1899999976158142 254 255 245
0.009338080883026123 0.024114258587360382 0.1889999955892563 254 255 245
0.00973073486238718 0.02398667111992836 0.18799999356269836 254 255 249
0.010172797366976738 0.02398667111992836 0.18799999356269836 254 255 249
0.010558397509157658 0.02385908178985119 0.18700000643730164 254 255 249
0.010998107492923737 0.02385908178985119 0.18700000643730164 254 255 249
0.01143781840801239 0.02385908178985119 0.18700000643730164 254 255 249
0.011877529323101044 0.02385908178985119 0.18700000643730164 254 255 249
0.012317240238189697 0.02385908178985119 0.18700000643730164 254 255 249
0.012688731774687767 0.023731492459774017 0.1860000044107437 254 255 249
0.013126091100275517 0.023731492459774017 0.1860000044107437 254 255 249
0.013563450425863266 0.023731492459774017 0.1860000044107437 254 255 249
0.013925536535680294 0.023603904992341995 0.1850000023841858 254 255 249
0.014282919466495514 0.023476315662264824 0.18400000035762787 254 255 249
0.01471557654440403 0.023476315662264824 0.18400000035762787 254 255 249
0.015065905638039112 0.023348728194832802 0.18299999833106995 254 255 249
0.01549621019512415 0.023348728194832802 0.18299999833106995 254 255 249
0.015839485451579094 0.02322113886475563 0.18199999630451202 254 255 249
0.0162674393504858 0.02322113886475563 0.18199999630451202 254 255 249
0.01669539324939251 0.02322113886475563 0.18199999630451202 254 255 249
0.017029263079166412 0.02309354953467846 0.1809999942779541 254 255 249
0.01745486445724964 0.02309354953467846 0.1809999942779541 254 255 249
0.01788046769797802 0.02309354953467846 0.1809999942779541 254 255 249
0.01830606907606125 0.02309354953467846 0.1809999942779541 254 255 249
0.018731672316789627 0.02309354953467846 0.1809999942779541 254 255 247
0.019157273694872856 0.02309354953467846 0.1809999942779541 254 255 247
0.019582876935601234 0.02309354953467846 0.1809999942779541 254 255 247
0.020008478313684464 0.02309354953467846 0.1809999942779541 254 255 247
0.020321184769272804 0.022965962067246437 0.18000000715255737 254 255 245
0.020744435489177704 0.022965962067246437 0.18000000715255737 254 255 245
0.021167688071727753 0.022965962067246437 0.18000000715255737 254 255 245
0.021590938791632652 0.022965962067246437 0.18000000715255737 254 255 245
0.022014189511537552 0.022965962067246437 0.18000000715255737 255 251 233
0.02243744023144245 0.022965962067246437 0.18000000715255737 223 206 188
0.02286069095134735 0.022965962067246437 0.18000000715255737 255 244 217
0.02328394167125225 0.022965962067246437 0.18000000715255737 255 252 225
0.02370719239115715 0.022965962067246437 0.18000000715255737 255 255 230
0.02413044311106205 0.022965962067246437 0.18000000715255737 255 255 230
0.02455369383096695 0.022965962067246437 0.18000000715255737 255 255 234
0.024976946413517 0.022965962067246437 0.18000000715255737 255 255 234
0.025400197133421898 0.022965962067246437 0.18000000715255737 255 254 238
0.025823447853326797 0.022965962067246437 0.18000000715255737 255 255 239
0.026246698573231697 0.022965962067246437 0.18000000715255737 255 254 238
0.026669949293136597 0.022965962067246437 0.18000000715255737 255 254 238
0.0272437185049057 0.02309354953467846 0.1809999942779541 255 254 233
0.02766931988298893 0.02309354953467846 0.1809999942779541 255 254 233
0.028094923123717308 0.02309354953467846 0.1809999942779541 255 255 237
0.028520524501800537 0.02309354953467846 0.1809999942779541 255 255 237
0.028946127742528915 0.02309354953467846 0.1809999942779541 255 255 243
0.029371729120612144 0.02309354953467846 0.1809999942779541 255 255 243
0.029797332361340523 0.02309354953467846 0.1809999942779541 254 255 249
0.03038991242647171 0.02322113886475563 0.18199999630451202 254 255 249
0.030817866325378418 0.02322113886475563 0.18199999630451202 254 255 249
0.031245820224285126 0.02322113886475563 0.18199999630451202 254 255 249
0.031673774123191833 0.02322113886475563 0.18199999630451202 254 255 249
0.03210172802209854 0.02322113886475563 0.18199999630451202 254 255 249
0.032708413898944855 0.023348728194832802 0.18299999833106995 255 255 241
0.03313871845602989 0.023348728194832802 0.18299999833106995 255 255 241
0.03356902673840523 0.023348728194832802 0.18299999833106995 250 233 208
0.033999331295490265 0.023348728194832802 0.18299999833106995 211 194 169
0.03424149379134178 0.02322113886475563 0.18199999630451202 255 241 216
0.03466944769024849 0.02322113886475563 0.18199999630451202 255 250 225
0.0350974015891552 0.02322113886475563 0.18199999630451202 255 255 237
0.035525355488061905 0.02322113886475563 0.18199999630451202 255 255 237
0.03595330938696861 0.02322113886475563 0.18199999630451202 254 255 249
0.03638126328587532 0.02322113886475563 0.18199999630451202 254 255 249
0.03680921718478203 0.02322113886475563 0.18199999630451202 254 255 249
0.03744177147746086 0.023348728194832802 0.18299999833106995 254 255 249
0.0378720760345459 0.023348728194832802 0.18299999833106995 255 255 247
0.038302380591630936 0.023348728194832802 0.18299999833106995 255 255 247
0.03873268514871597 0.023348728194832802 0.18299999833106995 255 245 233
0.03937699645757675 0.023476315662264824 0.18400000035762787 240 211 199
0.04002600908279419 0.023603904992341995 0.1850000023841858 255 216 196
0.04155920445919037 0.02398667111992836 0.18799999356269836 255 247 221
0.04200126603245735 0.02398667111992836 0.18799999356269836 255 249 223
0.04266909137368202 0.024114258587360382 0.1889999955892563 255 254 232
0.04334161803126335 0.024241847917437553 0.1899999976158142 255 255 233
0.04401884973049164 0.024369437247514725 0.19099999964237213 255 253 241
0.044700782746076584 0.024497024714946747 0.19200000166893005 255 253 241
0.04515225067734718 0.024497024714946747 0.19200000166893005 255 228 225
0.04607875645160675 0.02475220337510109 0.1940000057220459 233 198 195
0.04653492569923401 0.02475220337510109 0.1940000057220459 255 230 227
0.04723331704735756 0.02487979084253311 0.19499999284744263 255 234 231
0.047691840678453445 0.02487979084253311 0.19499999284744263 255 227 222
0.04815036430954933 0.02487979084253311 0.19499999284744263 254 211 206
0.04860888421535492 0.02487979084253311 0.19499999284744263 252 202 199
0.049319032579660416 0.025007380172610283 0.19599999487400055 243 193 190
0.05003388598561287 0.025134969502687454 0.19699999690055847 255 224 220
0.050497110933065414 0.025134969502687454 0.19699999690055847 255 240 236
0.051219016313552856 0.025262556970119476 0.1979999989271164 255 230 227
0.051945626735687256 0.025390146300196648 0.19900000095367432 255 243 240
0.05241355299949646 0.025390146300196648 0.19900000095367432 255 217 220
0.053147219121456146 0.02551773563027382 0.20000000298023224 248 194 197
0.005507831461727619 0.02533831261098385 0.19499999284744263 255 255 186
0.005935756489634514 0.025208372622728348 0.1940000057220459 255 254 184
0.006391926668584347 0.025208372622728348 0.1940000057220459 255 255 211
0.006812797859311104 0.025078432634472847 0.19300000369548798 255 255 212
0.007228965871036053 0.024948492646217346 0.19200000166893005 255 255 231
0.007680433802306652 0.024948492646217346 0.19200000166893005 255 255 230
0.008089547976851463 0.024818552657961845 0.19099999964237213 254 255 239
0.008493958972394466 0.024688612669706345 0.1899999976158142 254 255 239
0.008893667720258236 0.024558672681450844 0.1889999955892563 254 255 247
0.009338080883026123 0.024558672681450844 0.1889999955892563 254 255 247
0.00973073486238718 0.024428732693195343 0.18799999356269836 254 255 249
0.010172797366976738 0.024428732693195343 0.18799999356269836 254 255 249
0.010558397509157658 0.024298792704939842 0.18700000643730164 254 255 249
0.010998107492923737 0.024298792704939842 0.18700000643730164 254 255 249
0.01143781840801239 0.024298792704939842 0.18700000643730164 254 255 249
0.011877529323101044 0.024298792704939842 0.18700000643730164 254 255 249
0.012317240238189697 0.024298792704939842 0.18700000643730164 254 255 249
0.012688731774687767 0.02416885271668434 0.1860000044107437 254 255 249
0.013126091100275517 0.02416885271668434 0.1860000044107437 254 255 249
0.013563450425863266 0.02416885271668434 0.1860000044107437 254 255 249
0.013925536535680294 0.02403891272842884 0.1850000023841858 254 255 249
0.014282919466495514 0.02390897274017334 0.18400000035762787 254 255 249
0.0146356001496315 0.02377903275191784 0.18299999833106995 254 255 249
0.015065905638039112 0.02377903275191784 0.18299999833106995 254 255 249
0.01549621019512415 0.02377903275191784 0.18299999833106995 254 255 249
0.015839485451579094 0.023649092763662338 0.18199999630451202 254 255 249
0.0162674393504858 0.023649092763662338 0.18199999630451202 254 255 249
0.01669539324939251 0.023649092763662338 0.18199999630451202 254 255 249
0.017029263079166412 0.023519152775406837 0.1809999942779541 254 255 249
0.01745486445724964 0.023519152775406837 0.1809999942779541 254 255 249
0.01788046769797802 0.023519152775406837 0.1809999942779541 254 255 249
0.01830606907606125 0.023519152775406837 0.1809999942779541 254 255 249
0.018731672316789627 0.023519152775406837 0.1809999942779541 254 255 249
0.019157273694872856 0.023519152775406837 0.1809999942779541 254 255 249
0.019582876935601234 0.023519152775406837 0.1809999942779541 254 255 249
0.020008478313684464 0.023519152775406837 0.1809999942779541 254 255 249
0.020434081554412842 0.023519152775406837 0.1809999942779541 254 255 249
0.02085968293249607 0.023519152775406837 0.1809999942779541 254 255 249
0.021167688071727753 0.023389212787151337 0.18000000715255737 254 255 249
0.021590938791632652 0.023389212787151337 0.18000000715255737 254 255 249
0.022014189511537552 0.023389212787151337 0.18000000715255737 255 255 241
0.02243744023144245 0.023389212787151337 0.18000000715255737 243 245 229
0.02286069095134735 0.023389212787151337 0.18000000715255737 255 255 236
0.02328394167125225 0.023389212787151337 0.18000000715255737 255 255 237
0.02370719239115715 0.023389212787151337 0.18000000715255737 255 255 241
0.02413044311106205 0.023389212787151337 0.18000000715255737 255 255 241
0.02455369383096695 0.023389212787151337 0.18000000715255737 255 255 245
0.024976946413517 0.023389212787151337 0.18000000715255737 255 255 245
0.025400197133421898 0.023389212787151337 0.18000000715255737 255 255 247
0.025823447853326797 0.023389212787151337 0.18000000715255737 255 255 247
0.026246698573231697 0.023389212787151337 0.18000000715255737 255 255 245
0.026669949293136597 0.023389212787151337 0.18000000715255737 255 255 245
0.0272437185049057 0.023519152775406837 0.1809999942779541 255 255 239
0.02766931988298893 0.023519152775406837 0.1809999942779541 255 255 239
0.028094923123717308 0.023519152775406837 0.1809999942779541 255 255 239
0.028520524501800537 0.023519152775406837 0.1809999942779541 255 255 239
0.028946127742528915 0.023519152775406837 0.1809999942779541 255 255 241
0.029371729120612144 0.023519152775406837 0.1809999942779541 255 255 241
0.029797332361340523 0.023519152775406837 0.1809999942779541 254 255 247
0.030222933739423752 0.023519152775406837 0.1809999942779541 254 255 247
0.03064853698015213 0.023519152775406837 0.1809999942779541 254 255 249
0.03107413835823536 0.023519152775406837 0.1809999942779541 254 255 249
0.031673774123191833 0.023649092763662338 0.18199999630451202 254 255 249
0.03210172802209854 0.023649092763662338 0.18199999630451202 254 255 249
0.03252968192100525 0.023649092763662338 0.18199999630451202 254 255 245
0.03295763581991196 0.023649092763662338 0.18199999630451202 253 255 244
0.033385589718818665 0.023649092763662338 0.18199999630451202 255 254 228
0.033813539892435074 0.023649092763662338 0.18199999630451202 251 250 224
0.03424149379134178 0.023649092763662338 0.18199999630451202 255 254 228
0.03466944769024849 0.023649092763662338 0.18199999630451202 255 255 229
0.0350974015891552 0.023649092763662338 0.18199999630451202 254 255 243
0.035525355488061905 0.023649092763662338 0.18199999630451202 254 255 243
0.03595330938696861 0.023649092763662338 0.18199999630451202 254 255 249
0.03638126328587532 0.023649092763662338 0.18199999630451202 254 255 249
0.03680921718478203 0.023649092763662338 0.18199999630451202 254 255 249
0.037237171083688736 0.023649092763662338 0.18199999630451202 254 255 249
0.0378720760345459 0.02377903275191784 0.18299999833106995 254 255 247
0.038302380591630936 0.02377903275191784 0.18299999833106995 254 255 247
0.03873268514871597 0.02377903275191784 0.18299999833106995 255 247 238
0.03937699645757675 0.02390897274017334 0.18400000035762787 238 220 211
0.040898434817790985 0.024298792704939842 0.18700000643730164 255 232 218
0.04133814573287964 0.024298792704939842 0.18700000643730164 255 250 232
0.04200126603245735 0.024428732693195343 0.18799999356269836 255 251 233
0.04266909137368202 0.024558672681450844 0.1889999955892563 255 255 241
0.043113503605127335 0.024558672681450844 0.1889999955892563 255 255 241
0.04378838464617729 0.024688612669706345 0.1899999976158142 255 255 247
0.04446796700358391 0.024818552657961845 0.19099999964237213 255 255 247
0.04491708055138588 0.024818552657961845 0.19099999964237213 255 242 240
0.04536619782447815 0.024818552657961845 0.19099999964237213 227 201 199
0.04605518653988838 0.024948492646217346 0.19200000166893005 253 218 213
0.046748872846364975 0.025078432634472847 0.19300000369548798 255 233 228
0.047447267919778824 0.025208372622728348 0.1940000057220459 255 234 227
0.04790343716740608 0.025208372622728348 0.1940000057220459 254 216 209
0.04860888421535492 0.02533831261098385 0.19499999284744263 253 206 205
0.049319032579660416 0.02546825259923935 0.19599999487400055 244 197 196
0.05003388598561287 0.02559819258749485 0.19699999690055847 237 188 187
0.050497110933065414 0.02559819258749485 0.19699999690055847 255 223 222
0.051219016313552856 0.02572813257575035 0.1979999989271164 255 229 229
0.051945626735687256 0.025858072564005852 0.19900000095367432 255 236 236
0.05241355299949646 0.025858072564005852 0.19900000095367432 255 216 224
0.053147219121456146 0.025988014414906502 0.20000000298023224 255 205 213
0.005479585845023394 0.025664543733000755 0.1940000057220459 255 255 187
0.005935756489634514 0.025664543733000755 0.1940000057220459 255 255 185
0.006358978804200888 0.025532251223921776 0.19300000369548798 255 255 202
0.006812797859311104 0.025532251223921776 0.19300000369548798 255 255 203
0.007228965871036053 0.025399960577487946 0.19200000166893005 255 255 226
0.007640431635081768 0.025267669931054115 0.19099999964237213 255 255 226
0.008089547976851463 0.025267669931054115 0.19099999964237213 254 255 237
0.008493958972394466 0.025135377421975136 0.1899999976158142 254 255 237
0.008893667720258236 0.025003086775541306 0.1889999955892563 254 255 247
0.009338080883026123 0.025003086775541306 0.1889999955892563 254 255 247
0.00973073486238718 0.024870794266462326 0.18799999356269836 254 255 249
0.010172797366976738 0.024870794266462326 0.18799999356269836 254 255 249
0.010558397509157658 0.024738503620028496 0.18700000643730164 254 255 249
0.010998107492923737 0.024738503620028496 0.18700000643730164 254 255 249
0.01143781840801239 0.024738503620028496 0.18700000643730164 254 255 251
0.011877529323101044 0.024738503620028496 0.18700000643730164 254 255 251
0.012317240238189697 0.024738503620028496 0.18700000643730164 254 255 251
0.012688731774687767 0.024606211110949516 0.1860000044107437 254 255 251
0.013126091100275517 0.024606211110949516 0.1860000044107437 254 255 251
0.013563450425863266 0.024606211110949516 0.1860000044107437 254 255 251
0.013925536535680294 0.024473920464515686 0.1850000023841858 254 255 251
0.014282919466495514 0.024341629818081856 0.18400000035762787 254 255 251
0.0146356001496315 0.024209337309002876 0.18299999833106995 254 255 251
0.015065905638039112 0.024209337309002876 0.18299999833106995 254 255 251
0.01549621019512415 0.024209337309002876 0.18299999833106995 254 255 251
0.015839485451579094 0.024077046662569046 0.18199999630451202 254 255 251
0.0162674393504858 0.024077046662569046 0.18199999630451202 254 255 251
0.01669539324939251 0.024077046662569046 0.18199999630451202 254 255 251
0.017123347148299217 0.024077046662569046 0.18199999630451202 254 255 251
0.01745486445724964 0.023944754153490067 0.1809999942779541 254 255 251
0.01788046769797802 0.023944754153490067 0.1809999942779541 254 255 251
0.01830606907606125 0.023944754153490067 0.1809999942779541 254 255 251
0.018731672316789627 0.023944754153490067 0.1809999942779541 254 255 251
0.019157273694872856 0.023944754153490067 0.1809999942779541 254 255 251
0.019582876935601234 0.023944754153490067 0.1809999942779541 254 255 251
0.020008478313684464 0.023944754153490067 0.1809999942779541 254 255 251
0.020434081554412842 0.023944754153490067 0.1809999942779541 254 255 251
0.02085968293249607 0.023944754153490067 0.1809999942779541 254 255 251
0.021167688071727753 0.023812463507056236 0.18000000715255737 254 255 249
0.021590938791632652 0.023812463507056236 0.18000000715255737 254 255 249
0.022014189511537552 0.023812463507056236 0.18000000715255737 254 255 243
0.02243744023144245 0.023812463507056236 0.18000000715255737 252 254 241
0.02286069095134735 0.023812463507056236 0.18000000715255737 252 255 239
0.02328394167125225 0.023812463507056236 0.18000000715255737 254 255 241
0.02370719239115715 0.023812463507056236 0.18000000715255737 254 255 245
0.02413044311106205 0.023812463507056236 0.18000000715255737 254 255 245
0.02455369383096695 0.023812463507056236 0.18000000715255737 254 255 249
0.024976946413517 0.023812463507056236 0.18000000715255737 254 255 249
0.025400197133421898 0.023812463507056236 0.18000000715255737 254 255 249
0.025823447853326797 0.023812463507056236 0.18000000715255737 254 255 249
0.026246698573231697 0.023812463507056236 0.18000000715255737 254 255 243
0.026669949293136597 0.023812463507056236 0.18000000715255737 254 255 243
0.027093200013041496 0.023812463507056236 0.18000000715255737 253 255 240
0.02766931988298893 0.023944754153490067 0.1809999942779541 245 248 232
0.028094923123717308 0.023944754153490067 0.1809999942779541 245 249 228
0.028520524501800537 0.023944754153490067 0.1809999942779541 253 255 236
0.028946127742528915 0.023944754153490067 0.1809999942779541 254 255 239
0.029371729120612144 0.023944754153490067 0.1809999942779541 254 255 239
0.029797332361340523 0.023944754153490067 0.1809999942779541 254 255 245
0.030222933739423752 0.023944754153490067 0.1809999942779541 254 255 245
0.03064853698015213 0.023944754153490067 0.1809999942779541 254 255 249
0.03107413835823536 0.023944754153490067 0.1809999942779541 254 255 249
0.03149973973631859 0.023944754153490067 0.1809999942779541 254 255 249
0.03192534297704697 0.023944754153490067 0.1809999942779541 254 255 249
0.03252968192100525 0.024077046662569046 0.18199999630451202 254 255 249
0.03295763581991196 0.024077046662569046 0.18199999630451202 253 254 248
0.033385589718818665 0.024077046662569046 0.18199999630451202 253 255 237
0.033813539892435074 0.024077046662569046 0.18199999630451202 252 254 236
0.03405335545539856 0.023944754153490067 0.1809999942779541 255 255 233
0.03447895869612694 0.023944754153490067 0.1809999942779541 255 255 235
0.03490455821156502 0.023944754153490067 0.1809999942779541 254 255 243
0.035330161452293396 0.023944754153490067 0.1809999942779541 254 255 243
0.035755764693021774 0.023944754153490067 0.1809999942779541 254 255 249
0.03638126328587532 0.024077046662569046 0.18199999630451202 254 255 249
0.03680921718478203 0.024077046662569046 0.18199999630451202 254 255 249
0.037237171083688736 0.024077046662569046 0.18199999630451202 254 255 249
0.0378720760345459 0.024209337309002876 0.18299999833106995 254 255 247
0.038302380591630936 0.024209337309002876 0.18299999833106995 253 255 246
0.03873268514871597 0.024209337309002876 0.18299999833106995 255 251 241
0.03937699645757675 0.024341629818081856 0.18400000035762787 254 239 229
0.04002600908279419 0.024473920464515686 0.1850000023841858 235 213 203
0.040679726749658585 0.024606211110949516 0.1860000044107437 255 238 228
0.04111708700656891 0.024606211110949516 0.1860000044107437 255 253 241
0.04177785664796829 0.024738503620028496 0.18700000643730164 255 253 241
0.042443327605724335 0.024870794266462326 0.18799999356269836 254 255 245
0.042885392904281616 0.024870794266462326 0.18799999356269836 254 255 245
0.043557919561862946 0.025003086775541306 0.1889999955892563 254 255 247
0.04400233179330826 0.025003086775541306 0.1889999955892563 254 255 247
0.04444674402475357 0.025003086775541306 0.1889999955892563 255 246 239
0.045128677040338516 0.025135377421975136 0.1899999976158142 227 211 204
0.04581531509757042 0.025267669931054115 0.19099999964237213 241 209 203
0.04626442864537239 0.025267669931054115 0.19099999964237213 255 241 235
0.04695811867713928 0.025399960577487946 0.19200000166893005 255 237 229
0.04765651375055313 0.025532251223921776 0.19300000369548798 255 220 212
0.04835960641503334 0.025664543733000755 0.1940000057220459 252 208 206
0.049067407846450806 0.025796834379434586 0.19499999284744263 245 201 199
0.04952592775225639 0.025796834379434586 0.19499999284744263 235 188 189
0.05024078115820885 0.025929126888513565 0.19599999487400055 254 207 208
0.05096033588051796 0.026061417534947395 0.19699999690055847 255 210 216
0.05168459191918373 0.026193710044026375 0.1979999989271164 250 202 208
0.05241355299949646 0.026326000690460205 0.19900000095367432 251 198 210
0.05288148298859596 0.026326000690460205 0.19900000095367432 255 204 216
0.05361749604344368 0.026458293199539185 0.20000000298023224 254 179 192
0.054358214139938354 0.026590583845973015 0.20100000500679016 229 154 167
0.005479585845023394 0.026120714843273163 0.1940000057220459 255 253 180
0.005935756489634514 0.026120714843273163 0.1940000057220459 255 255 182
0.006358978804200888 0.025986071676015854 0.19300000369548798 254 255 195
0.006777498405426741 0.025851428508758545 0.19200000166893005 255 255 196
0.007228965871036053 0.025851428508758545 0.19200000166893005 255 255 214
0.007640431635081768 0.025716785341501236 0.19099999964237213 255 255 215
0.008047194220125675 0.025582142174243927 0.1899999976158142 253 255 234
0.008449253626167774 0.025447499006986618 0.1889999955892563 254 255 235
0.008893667720258236 0.025447499006986618 0.1889999955892563 254 255 245
0.009288673289120197 0.02531285770237446 0.18799999356269836 254 255 245
0.00973073486238718 0.02531285770237446 0.18799999356269836 254 255 249
0.010172797366976738 0.02531285770237446 0.18799999356269836 254 255 249
0.010558397509157658 0.02517821453511715 0.18700000643730164 254 255 249
0.010998107492923737 0.02517821453511715 0.18700000643730164 254 255 249
0.01143781840801239 0.02517821453511715 0.18700000643730164 254 255 251
0.011877529323101044 0.02517821453511715 0.18700000643730164 254 255 251
0.012317240238189697 0.02517821453511715 0.18700000643730164 254 255 251
0.012688731774687767 0.02504357136785984 0.1860000044107437 254 255 251
0.013126091100275517 0.02504357136785984 0.1860000044107437 254 255 251
0.013563450425863266 0.02504357136785984 0.1860000044107437 254 255 251
0.013925536535680294 0.02490892820060253 0.1850000023841858 254 255 251
0.014282919466495514 0.024774285033345222 0.18400000035762787 254 255 251
0.0146356001496315 0.024639641866087914 0.18299999833106995 254 255 251
0.015065905638039112 0.024639641866087914 0.18299999833106995 254 255 251
0.01549621019512415 0.024639641866087914 0.18299999833106995 254 255 251
0.015839485451579094 0.024505000561475754 0.18199999630451202 254 255 251
0.0162674393504858 0.024505000561475754 0.18199999630451202 254 255 249
0.01669539324939251 0.024505000561475754 0.18199999630451202 254 255 249
0.017123347148299217 0.024505000561475754 0.18199999630451202 254 255 249
0.01745486445724964 0.024370357394218445 0.1809999942779541 254 255 249
0.01788046769797802 0.024370357394218445 0.1809999942779541 254 255 249
0.01830606907606125 0.024370357394218445 0.1809999942779541 254 255 249
0.018731672316789627 0.024370357394218445 0.1809999942779541 254 255 249
0.019157273694872856 0.024370357394218445 0.1809999942779541 254 255 249
0.019582876935601234 0.024370357394218445 0.1809999942779541 254 255 249
0.020008478313684464 0.024370357394218445 0.1809999942779541 254 255 249
0.020434081554412842 0.024370357394218445 0.1809999942779541 254 255 249
0.020744435489177704 0.024235714226961136 0.18000000715255737 254 255 249
0.021167688071727753 0.024235714226961136 0.18000000715255737 254 255 249
0.021590938791632652 0.024235714226961136 0.18000000715255737 254 255 249
0.022014189511537552 0.024235714226961136 0.18000000715255737 254 255 243
0.02243744023144245 0.024235714226961136 0.18000000715255737 239 241 228
0.02286069095134735 0.024235714226961136 0.18000000715255737 251 252 239
0.02328394167125225 0.024235714226961136 0.18000000715255737 255 255 243
0.02357548661530018 0.024101071059703827 0.17900000512599945 254 255 247
0.02399638667702675 0.024101071059703827 0.17900000512599945 254 255 247
0.02441728487610817 0.024101071059703827 0.17900000512599945 254 255 249
0.02483818493783474 0.024101071059703827 0.17900000512599945 254 255 249
0.02525908499956131 0.024101071059703827 0.17900000512599945 254 255 247
0.02567998319864273 0.024101071059703827 0.17900000512599945 254 255 247
0.0261008832603693 0.024101071059703827 0.17900000512599945 254 255 241
0.026669949293136597 0.024235714226961136 0.18000000715255737 253 255 240
0.027093200013041496 0.024235714226961136 0.18000000715255737 254 255 236
0.027516450732946396 0.024235714226961136 0.18000000715255737 251 254 233
0.027939701452851295 0.024235714226961136 0.18000000715255737 246 246 224
0.028362954035401344 0.024235714226961136 0.18000000715255737 255 255 233
0.028946127742528915 0.024370357394218445 0.1809999942779541 255 255 237
0.029371729120612144 0.024370357394218445 0.1809999942779541 255 255 237
0.029797332361340523 0.024370357394218445 0.1809999942779541 254 255 247
0.030222933739423752 0.024370357394218445 0.1809999942779541 254 255 247
0.03064853698015213 0.024370357394218445 0.1809999942779541 254 255 249
0.03107413835823536 0.024370357394218445 0.1809999942779541 254 255 249
0.03149973973631859 0.024370357394218445 0.1809999942779541 254 255 249
0.03192534297704697 0.024370357394218445 0.1809999942779541 254 255 249
0.032350946217775345 0.024370357394218445 0.1809999942779541 254 255 247
0.03277654945850372 0.024370357394218445 0.1809999942779541 253 255 246
0.0332021489739418 0.024370357394218445 0.1809999942779541 251 253 235
0.03362775221467018 0.024370357394218445 0.1809999942779541 250 252 234
0.03405335545539856 0.024370357394218445 0.1809999942779541 253 255 236
0.03447895869612694 0.024370357394218445 0.1809999942779541 254 255 237
0.03490455821156502 0.024370357394218445 0.1809999942779541 254 255 243
0.035330161452293396 0.024370357394218445 0.1809999942779541 254 255 243
0.035755764693021774 0.024370357394218445 0.1809999942779541 254 255 249
0.03618136793375015 0.024370357394218445 0.1809999942779541 254 255 249
0.03680921718478203 0.024505000561475754 0.18199999630451202 254 255 249
0.037237171083688736 0.024505000561475754 0.18199999630451202 254 255 249
0.037665124982595444 0.024505000561475754 0.18199999630451202 254 255 247
0.038302380591630936 0.024639641866087914 0.18299999833106995 253 255 246
0.03873268514871597 0.024639641866087914 0.18299999833106995 255 251 239
0.03937699645757675 0.024774285033345222 0.18400000035762787 227 217 205
0.04002600908279419 0.02490892820060253 0.1850000023841858 223 205 196
0.040679726749658585 0.02504357136785984 0.1860000044107437 253 235 226
0.04111708700656891 0.02504357136785984 0.1860000044107437 255 254 243
0.04177785664796829 0.02517821453511715 0.18700000643730164 255 254 243
0.042217567563056946 0.02517821453511715 0.18700000643730164 254 255 247
0.042885392904281616 0.02531285770237446 0.18799999356269836 254 255 247
0.0433274544775486 0.02531285770237446 0.18799999356269836 254 255 245
0.04376951605081558 0.02531285770237446 0.18799999356269836 254 255 245
0.044211577624082565 0.02531285770237446 0.18799999356269836 255 249 238
0.04489115998148918 0.025447499006986618 0.1889999955892563 236 223 212
0.04557544365525246 0.025582142174243927 0.1899999976158142 241 207 199
0.0460222065448761 0.025582142174243927 0.1899999976158142 255 230 222
0.04671354591846466 0.025716785341501236 0.19099999964237213 255 223 218
0.04740958660840988 0.025851428508758545 0.19200000166893005 255 223 218
0.04811033234000206 0.025986071676015854 0.19300000369548798 250 207 209
0.0488157793879509 0.026120714843273163 0.1940000057220459 246 203 205
0.04952592775225639 0.026255356147885323 0.19499999284744263 243 191 198
0.05024078115820885 0.02638999931514263 0.19599999487400055 240 188 195
0.05096033588051796 0.02652464248239994 0.19699999690055847 246 191 199
0.051423560827970505 0.02652464248239994 0.19699999690055847 255 208 216
0.052150171250104904 0.02665928564965725 0.1979999989271164 255 205 218
0.05288148298859596 0.02679392881691456 0.19900000095367432 255 202 215
0.05361749604344368 0.026928571984171867 0.20000000298023224 255 182 199
0.054358214139938354 0.027063213288784027 0.20100000500679016 241 166 183
0.005479585845023394 0.02657688409090042 0.1940000057220459 255 255 177
0.006358978804200888 0.026439890265464783 0.19300000369548798 255 255 188
0.006777498405426741 0.026302896440029144 0.19200000166893005 255 255 188
0.007191315293312073 0.026165902614593506 0.19099999964237213 255 255 202
0.007640431635081768 0.026165902614593506 0.19099999964237213 255 255 203
0.008047194220125675 0.026028906926512718 0.1899999976158142 253 255 231
0.008449253626167774 0.02589191310107708 0.1889999955892563 255 255 233
0.008893667720258236 0.02589191310107708 0.1889999955892563 254 255 245
0.009288673289120197 0.02575491927564144 0.18799999356269836 254 255 245
0.00973073486238718 0.02575491927564144 0.18799999356269836 254 255 249
0.010172797366976738 0.02575491927564144 0.18799999356269836 254 255 249
0.010558397509157658 0.025617925450205803 0.18700000643730164 254 255 249
0.010998107492923737 0.025617925450205803 0.18700000643730164 254 255 249
0.01143781840801239 0.025617925450205803 0.18700000643730164 254 255 251
0.011877529323101044 0.025617925450205803 0.18700000643730164 254 255 251
0.012251372449100018 0.025480929762125015 0.1860000044107437 254 255 251
0.012688731774687767 0.025480929762125015 0.1860000044107437 254 255 251
0.013126091100275517 0.025480929762125015 0.1860000044107437 254 255 251
0.01436054427176714 0.025343935936689377 0.1850000023841858 254 255 251
0.014795552007853985 0.025343935936689377 0.1850000023841858 254 255 251
0.015065905638039112 0.0250699482858181 0.18299999833106995 254 255 251
0.01549621019512415 0.0250699482858181 0.18299999833106995 254 255 251
0.01592651568353176 0.0250699482858181 0.18299999833106995 254 255 251
0.0162674393504858 0.024932952597737312 0.18199999630451202 254 255 249
0.01669539324939251 0.024932952597737312 0.18199999630451202 254 255 249
0.017123347148299217 0.024932952597737312 0.18199999630451202 254 255 247
0.01745486445724964 0.024795958772301674 0.1809999942779541 254 255 247
0.01788046769797802 0.024795958772301674 0.1809999942779541 254 255 247
0.01830606907606125 0.024795958772301674 0.1809999942779541 254 255 247
0.018731672316789627 0.024795958772301674 0.1809999942779541 254 255 249
0.019157273694872856 0.024795958772301674 0.1809999942779541 254 255 249
0.019582876935601234 0.024795958772301674 0.1809999942779541 254 255 249
0.020008478313684464 0.024795958772301674 0.1809999942779541 254 255 249
0.020321184769272804 0.024658964946866035 0.18000000715255737 254 255 249
0.020744435489177704 0.024658964946866035 0.18000000715255737 254 255 249
0.021167688071727753 0.024658964946866035 0.18000000715255737 254 255 247
0.021590938791632652 0.024658964946866035 0.18000000715255737 254 255 247
0.022014189511537552 0.024658964946866035 0.18000000715255737 255 255 241
0.02243744023144245 0.024658964946866035 0.18000000715255737 238 240 224
0.02286069095134735 0.024658964946866035 0.18000000715255737 252 254 241
0.02328394167125225 0.024658964946866035 0.18000000715255737 254 255 243
0.02357548661530018 0.024521971121430397 0.17900000512599945 254 255 245
0.02399638667702675 0.024521971121430397 0.17900000512599945 254 255 245
0.02441728487610817 0.024521971121430397 0.17900000512599945 254 255 247
0.02483818493783474 0.024521971121430397 0.17900000512599945 254 255 247
0.02525908499956131 0.024521971121430397 0.17900000512599945 254 255 245
0.02567998319864273 0.024521971121430397 0.17900000512599945 253 255 244
0.0261008832603693 0.024521971121430397 0.17900000512599945 252 255 237
0.02652178332209587 0.024521971121430397 0.17900000512599945 253 255 238
0.027093200013041496 0.024658964946866035 0.18000000715255737 254 252 231
0.027516450732946396 0.024658964946866035 0.18000000715255737 237 235 214
0.027939701452851295 0.024658964946866035 0.18000000715255737 241 236 214
0.028362954035401344 0.024658964946866035 0.18000000715255737 255 251 229
0.028786204755306244 0.024658964946866035 0.18000000715255737 254 255 232
0.029209455475211143 0.024658964946866035 0.18000000715255737 255 255 233
0.029632706195116043 0.024658964946866035 0.18000000715255737 254 255 243
0.030055956915020943 0.024658964946866035 0.18000000715255737 254 255 243
0.03064853698015213 0.024795958772301674 0.1809999942779541 254 255 249
0.03107413835823536 0.024795958772301674 0.1809999942779541 254 255 249
0.03149973973631859 0.024795958772301674 0.1809999942779541 254 255 249
0.03192534297704697 0.024795958772301674 0.1809999942779541 254 255 249
0.032350946217775345 0.024795958772301674 0.1809999942779541 253 255 244
0.03277654945850372 0.024795958772301674 0.1809999942779541 253 255 244
0.0332021489739418 0.024795958772301674 0.1809999942779541 240 243 220
0.03362775221467018 0.024795958772301674 0.1809999942779541 247 250 227
0.03405335545539856 0.024795958772301674 0.1809999942779541 254 255 236
0.03447895869612694 0.024795958772301674 0.1809999942779541 255 255 237
0.03490455821156502 0.024795958772301674 0.1809999942779541 254 255 243
0.035330161452293396 0.024795958772301674 0.1809999942779541 254 255 243
0.035755764693021774 0.024795958772301674 0.1809999942779541 254 255 249
0.03618136793375015 0.024795958772301674 0.1809999942779541 254 255 249
0.03680921718478203 0.024932952597737312 0.18199999630451202 254 255 249
0.037237171083688736 0.024932952597737312 0.18199999630451202 254 255 249
0.037665124982595444 0.024932952597737312 0.18199999630451202 254 255 245
0.038302380591630936 0.0250699482858181 0.18299999833106995 252 254 243
0.03873268514871597 0.0250699482858181 0.18299999833106995 255 252 241
0.03937699645757675 0.02520694211125374 0.18400000035762787 235 222 211
0.04002600908279419 0.025343935936689377 0.1850000023841858 223 208 196
0.040679726749658585 0.025480929762125015 0.1860000044107437 255 250 238
0.04111708700656891 0.025480929762125015 0.1860000044107437 255 254 241
0.04177785664796829 0.025617925450205803 0.18700000643730164 255 254 241
0.042217567563056946 0.025617925450205803 0.18700000643730164 254 255 245
0.0426572784781456 0.025617925450205803 0.18700000643730164 254 255 245
0.0433274544775486 0.02575491927564144 0.18799999356269836 254 255 245
0.04376951605081558 0.02575491927564144 0.18799999356269836 253 255 244
0.044211577624082565 0.02575491927564144 0.18799999356269836 255 252 241
0.04489115998148918 0.02589191310107708 0.1889999955892563 243 230 219
0.04557544365525246 0.026028906926512718 0.1899999976158142 243 209 201
0.0460222065448761 0.026028906926512718 0.1899999976158142 254 220 212
0.04671354591846466 0.026165902614593506 0.19099999964237213 253 217 209
0.04740958660840988 0.026302896440029144 0.19200000166893005 255 226 218
0.04811033234000206 0.026439890265464783 0.19300000369548798 255 211 216
0.0488157793879509 0.02657688409090042 0.1940000057220459 251 206 211
0.04952592775225639 0.02671387791633606 0.19499999284744263 243 186 195
0.05024078115820885 0.026850873604416847 0.19599999487400055 238 181 190
0.05096033588051796 0.026987867429852486 0.19699999690055847 245 183 193
0.051423560827970505 0.026987867429852486 0.19699999690055847 255 201 211
0.052150171250104904 0.027124861255288124 0.1979999989271164 255 204 216
0.05288148298859596 0.027261855080723763 0.19900000095367432 255 204 216
0.05334940925240517 0.027261855080723763 0.19900000095367432 255 191 208
0.05408777669072151 0.02739885076880455 0.20000000298023224 253 177 194
0.006358978804200888 0.02689370885491371 0.19300000369548798 255 252 179
0.006777498405426741 0.026754364371299744 0.19200000166893005 255 255 182
0.007191315293312073 0.026615018025040627 0.19099999964237213 255 254 204
0.007640431635081768 0.026615018025040627 0.19099999964237213 255 255 205
0.008047194220125675 0.02647567167878151 0.1899999976158142 254 255 232
0.008449253626167774 0.02633632719516754 0.1889999955892563 255 255 233
0.008893667720258236 0.02633632719516754 0.1889999955892563 254 255 245
0.009288673289120197 0.026196980848908424 0.18799999356269836 254 255 245
0.00973073486238718 0.026196980848908424 0.18799999356269836 254 255 249
0.010118686594069004 0.026057634502649307 0.18700000643730164 254 255 249
0.010558397509157658 0.026057634502649307 0.18700000643730164 254 255 249
0.010998107492923737 0.026057634502649307 0.18700000643730164 254 255 249
0.011376653797924519 0.02591829001903534 0.1860000044107437 254 255 251
0.011814013123512268 0.02591829001903534 0.1860000044107437 254 255 251
0.012251372449100018 0.02591829001903534 0.1860000044107437 254 255 251
0.012688731774687767 0.02591829001903534 0.1860000044107437 254 255 251
0.013126091100275517 0.02591829001903534 0.1860000044107437 254 255 251
0.01436054427176714 0.025778943672776222 0.1850000023841858 254 255 251
0.01471557654440403 0.025639599189162254 0.18400000035762787 254 255 251
0.015065905638039112 0.025500252842903137 0.18299999833106995 254 255 251
0.01549621019512415 0.025500252842903137 0.18299999833106995 254 255 251
0.01592651568353176 0.025500252842903137 0.18299999833106995 254 255 251
0.0162674393504858 0.02536090649664402 0.18199999630451202 254 255 247
0.01669539324939251 0.02536090649664402 0.18199999630451202 254 255 247
0.017123347148299217 0.02536090649664402 0.18199999630451202 251 254 238
0.017551301047205925 0.02536090649664402 0.18199999630451202 251 254 238
0.01788046769797802 0.025221562013030052 0.1809999942779541 253 255 240
0.01830606907606125 0.025221562013030052 0.1809999942779541 254 255 241
0.018731672316789627 0.025221562013030052 0.1809999942779541 254 255 245
0.019157273694872856 0.025221562013030052 0.1809999942779541 254 255 245
0.019582876935601234 0.025221562013030052 0.1809999942779541 254 255 249
0.020008478313684464 0.025221562013030052 0.1809999942779541 254 255 249
0.020321184769272804 0.025082215666770935 0.18000000715255737 254 255 249
0.020744435489177704 0.025082215666770935 0.18000000715255737 254 255 249
0.021167688071727753 0.025082215666770935 0.18000000715255737 254 255 247
0.021590938791632652 0.025082215666770935 0.18000000715255737 254 255 247
0.022014189511537552 0.025082215666770935 0.18000000715255737 255 255 239
0.02243744023144245 0.025082215666770935 0.18000000715255737 229 228 211
0.02286069095134735 0.025082215666770935 0.18000000715255737 250 252 234
0.02328394167125225 0.025082215666770935 0.18000000715255737 255 255 239
0.02357548661530018 0.024942871183156967 0.17900000512599945 254 255 243
0.02399638667702675 0.024942871183156967 0.17900000512599945 254 255 243
0.02441728487610817 0.024942871183156967 0.17900000512599945 254 255 247
0.02483818493783474 0.024942871183156967 0.17900000512599945 254 255 247
0.02525908499956131 0.024942871183156967 0.17900000512599945 253 255 242
0.02567998319864273 0.024942871183156967 0.17900000512599945 253 255 242
0.0261008832603693 0.024942871183156967 0.17900000512599945 252 255 235
0.02652178332209587 0.024942871183156967 0.17900000512599945 253 255 236
0.027093200013041496 0.025082215666770935 0.18000000715255737 251 245 221
0.027516450732946396 0.025082215666770935 0.18000000715255737 231 225 201
0.027939701452851295 0.025082215666770935 0.18000000715255737 234 223 198
0.028362954035401344 0.025082215666770935 0.18000000715255737 254 243 218
0.028786204755306244 0.025082215666770935 0.18000000715255737 255 255 228
0.029209455475211143 0.025082215666770935 0.18000000715255737 255 255 229
0.029632706195116043 0.025082215666770935 0.18000000715255737 254 255 239
0.030055956915020943 0.025082215666770935 0.18000000715255737 254 255 239
0.030479207634925842 0.025082215666770935 0.18000000715255737 254 255 247
0.030902458354830742 0.025082215666770935 0.18000000715255737 254 255 247
0.03149973973631859 0.025221562013030052 0.1809999942779541 254 255 247
0.03192534297704697 0.025221562013030052 0.1809999942779541 254 255 247
0.032350946217775345 0.025221562013030052 0.1809999942779541 252 255 239
0.03277654945850372 0.025221562013030052 0.1809999942779541 254 255 241
0.0332021489739418 0.025221562013030052 0.1809999942779541 238 234 207
0.03362775221467018 0.025221562013030052 0.1809999942779541 231 227 200
0.03405335545539856 0.025221562013030052 0.1809999942779541 255 255 230
0.03447895869612694 0.025221562013030052 0.1809999942779541 255 255 231
0.03490455821156502 0.025221562013030052 0.1809999942779541 254 255 241
0.035330161452293396 0.025221562013030052 0.1809999942779541 254 255 241
0.035755764693021774 0.025221562013030052 0.1809999942779541 254 255 247
0.03618136793375015 0.025221562013030052 0.1809999942779541 254 255 247
0.03680921718478203 0.02536090649664402 0.18199999630451202 254 255 249
0.037237171083688736 0.02536090649664402 0.18199999630451202 254 255 249
0.037665124982595444 0.02536090649664402 0.18199999630451202 255 255 245
0.038302380591630936 0.025500252842903137 0.18299999833106995 252 253 242
0.03873268514871597 0.025500252842903137 0.18299999833106995 255 243 236
0.03937699645757675 0.025639599189162254 0.18400000035762787 235 219 212
0.04002600908279419 0.025778943672776222 0.1850000023841858 222 202 194
0.040461018681526184 0.025778943672776222 0.1850000023841858 254 234 226
0.04111708700656891 0.02591829001903534 0.1860000044107437 255 252 240
0.04177785664796829 0.026057634502649307 0.18700000643730164 255 253 241
0.042217567563056946 0.026057634502649307 0.18700000643730164 255 255 243
0.0426572784781456 0.026057634502649307 0.18700000643730164 255 255 243
0.0433274544775486 0.026196980848908424 0.18799999356269836 255 255 247
0.04376951605081558 0.026196980848908424 0.18799999356269836 255 255 247
0.044211577624082565 0.026196980848908424 0.18799999356269836 255 245 240
0.04489115998148918 0.02633632719516754 0.1889999955892563 248 227 222
0.045335572212934494 0.02633632719516754 0.1889999955892563 240 203 198
0.0460222065448761 0.02647567167878151 0.1899999976158142 250 213 208
0.04671354591846466 0.026615018025040627 0.19099999964237213 252 213 209
0.04740958660840988 0.026754364371299744 0.19200000166893005 255 218 214
0.04811033234000206 0.02689370885491371 0.19300000369548798 255 223 226
0.0488157793879509 0.02703305520117283 0.1940000057220459 249 204 207
0.04952592775225639 0.027172399684786797 0.19499999284744263 246 189 198
0.05024078115820885 0.027311746031045914 0.19599999487400055 229 172 181
0.05096033588051796 0.02745109237730503 0.19699999690055847 246 177 188
0.051423560827970505 0.02745109237730503 0.19699999690055847 254 185 196
0.052150171250104904 0.027590436860919 0.1979999989271164 255 186 199
0.05261574685573578 0.027590436860919 0.1979999989271164 255 193 206
0.05334940925240517 0.027729783207178116 0.19900000095367432 255 189 205
0.05408777669072151 0.027869129553437233 0.20000000298023224 254 175 191
0.006358978804200888 0.02734752744436264 0.19300000369548798 255 245 177
0.006777498405426741 0.027205830439925194 0.19200000166893005 255 248 180
0.007191315293312073 0.027064133435487747 0.19099999964237213 230 210 159
0.007640431635081768 0.027064133435487747 0.19099999964237213 236 216 165
0.008047194220125675 0.0269224364310503 0.1899999976158142 255 255 227
0.008449253626167774 0.026780739426612854 0.1889999955892563 255 255 229
0.008893667720258236 0.026780739426612854 0.1889999955892563 254 255 243
0.009288673289120197 0.026639042422175407 0.18799999356269836 254 255 243
0.00973073486238718 0.026639042422175407 0.18799999356269836 254 255 249
0.010118686594069004 0.02649734541773796 0.18700000643730164 254 255 249
0.010558397509157658 0.02649734541773796 0.18700000643730164 254 255 249
0.010998107492923737 0.02649734541773796 0.18700000643730164 254 255 249
0.011376653797924519 0.026355648413300514 0.1860000044107437 254 255 251
0.011814013123512268 0.026355648413300514 0.1860000044107437 254 255 251
0.012251372449100018 0.026355648413300514 0.1860000044107437 254 255 249
0.012688731774687767 0.026355648413300514 0.1860000044107437 254 255 249
0.013126091100275517 0.026355648413300514 0.1860000044107437 254 255 249
0.013925536535680294 0.026213951408863068 0.1850000023841858 254 255 249
0.014282919466495514 0.02607225440442562 0.18400000035762787 254 255 249
0.01471557654440403 0.02607225440442562 0.18400000035762787 254 255 249
0.015065905638039112 0.025930557399988174 0.18299999833106995 254 255 249
0.01549621019512415 0.025930557399988174 0.18299999833106995 254 255 249
0.01592651568353176 0.025930557399988174 0.18299999833106995 254 255 249
0.0162674393504858 0.025788860395550728 0.18199999630451202 254 255 245
0.01669539324939251 0.025788860395550728 0.18199999630451202 252 254 243
0.017123347148299217 0.025788860395550728 0.18199999630451202 254 255 234
0.017551301047205925 0.025788860395550728 0.18199999630451202 250 253 230
0.017979254946112633 0.025788860395550728 0.18199999630451202 254 255 239
0.01830606907606125 0.02564716339111328 0.1809999942779541 254 255 239
0.018731672316789627 0.02564716339111328 0.1809999942779541 254 255 245
0.019157273694872856 0.02564716339111328 0.1809999942779541 254 255 245
0.019582876935601234 0.02564716339111328 0.1809999942779541 254 255 249
0.020008478313684464 0.02564716339111328 0.1809999942779541 254 255 249
0.020321184769272804 0.025505466386675835 0.18000000715255737 254 255 249
0.020744435489177704 0.025505466386675835 0.18000000715255737 254 255 249
0.021167688071727753 0.025505466386675835 0.18000000715255737 253 255 242
0.021590938791632652 0.025505466386675835 0.18000000715255737 254 255 243
0.022014189511537552 0.025505466386675835 0.18000000715255737 255 252 231
0.02243744023144245 0.025505466386675835 0.18000000715255737 208 201 180
0.02286069095134735 0.025505466386675835 0.18000000715255737 232 233 206
0.02328394167125225 0.025505466386675835 0.18000000715255737 255 255 231
0.02370719239115715 0.025505466386675835 0.18000000715255737 254 255 237
0.02399638667702675 0.025363769382238388 0.17900000512599945 254 255 237
0.02441728487610817 0.025363769382238388 0.17900000512599945 254 255 243
0.02483818493783474 0.025363769382238388 0.17900000512599945 254 255 243
0.02525908499956131 0.025363769382238388 0.17900000512599945 254 255 243
0.02567998319864273 0.025363769382238388 0.17900000512599945 253 255 242
0.0261008832603693 0.025363769382238388 0.17900000512599945 254 255 236
0.02652178332209587 0.025363769382238388 0.17900000512599945 254 255 236
0.027093200013041496 0.025505466386675835 0.18000000715255737 238 231 202
0.027516450732946396 0.025505466386675835 0.18000000715255737 235 228 199
0.027939701452851295 0.025505466386675835 0.18000000715255737 235 219 185
0.028362954035401344 0.025505466386675835 0.18000000715255737 243 227 193
0.028786204755306244 0.025505466386675835 0.18000000715255737 255 255 222
0.029209455475211143 0.025505466386675835 0.18000000715255737 255 255 222
0.029632706195116043 0.025505466386675835 0.18000000715255737 254 255 235
0.030055956915020943 0.025505466386675835 0.18000000715255737 254 255 235
0.030479207634925842 0.025505466386675835 0.18000000715255737 254 255 245
0.030902458354830742 0.025505466386675835 0.18000000715255737 254 255 245
0.03149973973631859 0.02564716339111328 0.1809999942779541 254 255 243
0.03192534297704697 0.02564716339111328 0.1809999942779541 254 255 243
0.032350946217775345 0.02564716339111328 0.1809999942779541 247 245 224
0.03277654945850372 0.02564716339111328 0.1809999942779541 253 251 230
0.0332021489739418 0.02564716339111328 0.1809999942779541 242 232 202
0.03362775221467018 0.02564716339111328 0.1809999942779541 212 202 172
0.03405335545539856 0.02564716339111328 0.1809999942779541 255 250 218
0.03447895869612694 0.02564716339111328 0.1809999942779541 255 255 223
0.03490455821156502 0.02564716339111328 0.1809999942779541 255 255 235
0.035330161452293396 0.02564716339111328 0.1809999942779541 255 255 235
0.035755764693021774 0.02564716339111328 0.1809999942779541 254 255 245
0.03618136793375015 0.02564716339111328 0.1809999942779541 254 255 245
0.03680921718478203 0.025788860395550728 0.18199999630451202 254 255 247
0.037237171083688736 0.025788860395550728 0.18199999630451202 254 255 247
0.037665124982595444 0.025788860395550728 0.18199999630451202 255 255 247
0.038302380591630936 0.025930557399988174 0.18299999833106995 246 247 238
0.03873268514871597 0.025930557399988174 0.18299999833106995 248 225 222
0.03937699645757675 0.02607225440442562 0.18400000035762787 230 207 204
0.04002600908279419 0.026213951408863068 0.1850000023841858 225 195 190
0.040461018681526184 0.026213951408863068 0.1850000023841858 243 213 208
0.04111708700656891 0.026355648413300514 0.1860000044107437 255 250 240
0.041554443538188934 0.026355648413300514 0.1860000044107437 255 251 241
0.042217567563056946 0.02649734541773796 0.18700000643730164 255 255 240
0.0426572784781456 0.02649734541773796 0.18700000643730164 255 255 241
0.0433274544775486 0.026639042422175407 0.18799999356269836 255 254 247
0.04376951605081558 0.026639042422175407 0.18799999356269836 248 244 237
0.044211577624082565 0.026639042422175407 0.18799999356269836 252 224 223
0.04489115998148918 0.026780739426612854 0.1889999955892563 251 223 222
0.045335572212934494 0.026780739426612854 0.1889999955892563 237 198 194
0.0460222065448761 0.0269224364310503 0.1899999976158142 243 204 200
0.04646897315979004 0.0269224364310503 0.1899999976158142 255 217 211
0.04716266319155693 0.027064133435487747 0.19099999964237213 255 215 209
0.04786105453968048 0.027205830439925194 0.19200000166893005 255 218 217
0.04856415092945099 0.02734752744436264 0.19300000369548798 244 197 196
0.049271948635578156 0.027489224448800087 0.1940000057220459 252 192 200
0.04998445138335228 0.027630923315882683 0.19499999284744263 235 175 183
0.05070165544748306 0.02777262032032013 0.19599999487400055 248 174 182
0.051423560827970505 0.027914317324757576 0.19699999690055847 253 179 187
0.05188678577542305 0.027914317324757576 0.19699999690055847 249 174 184
0.05261574685573578 0.028056014329195023 0.1979999989271164 255 184 194
0.05334940925240517 0.02819771133363247 0.19900000095367432 255 181 194
0.05408777669072151 0.028339408338069916 0.20000000298023224 255 178 191
0.008047194220125675 0.027369201183319092 0.1899999976158142 255 248 215
0.008449253626167774 0.027225153520703316 0.1889999955892563 255 255 222
0.008893667720258236 0.027225153520703316 0.1889999955892563 254 255 241
0.009288673289120197 0.02708110585808754 0.18799999356269836 254 255 241
0.00973073486238718 0.02708110585808754 0.18799999356269836 254 255 249
0.010118686594069004 0.026937056332826614 0.18700000643730164 254 255 249
0.010558397509157658 0.026937056332826614 0.18700000643730164 254 255 249
0.010939294472336769 0.02679300867021084 0.1860000044107437 254 255 249
0.011376653797924519 0.02679300867021084 0.1860000044107437 254 255 247
0.011814013123512268 0.02679300867021084 0.1860000044107437 254 255 247
0.012251372449100018 0.02679300867021084 0.1860000044107437 255 255 239
0.012688731774687767 0.02679300867021084 0.1860000044107437 250 252 234
0.013055521063506603 0.026648959144949913 0.1850000023841858 252 254 238
0.013490528799593449 0.026648959144949913 0.1850000023841858 255 255 241
0.013925536535680294 0.026648959144949913 0.1850000023841858 254 255 247
0.014282919466495514 0.026504911482334137 0.18400000035762787 254 255 247
0.01471557654440403 0.026504911482334137 0.18400000035762787 254 255 249
0.015148232690989971 0.026504911482334137 0.18400000035762787 254 255 249
0.01549621019512415 0.02636086381971836 0.18299999833106995 254 255 249
0.01592651568353176 0.02636086381971836 0.18299999833106995 254 255 249
0.0163568202406168 0.02636086381971836 0.18299999833106995 253 255 240
0.01669539324939251 0.026216814294457436 0.18199999630451202 253 255 240
0.017123347148299217 0.026216814294457436 0.18199999630451202 254 249 220
0.017551301047205925 0.026216814294457436 0.18199999630451202 206 201 172
0.017979254946112633 0.026216814294457436 0.18199999630451202 252 255 230
0.01840720698237419 0.026216814294457436 0.18199999630451202 255 255 233
0.018731672316789627 0.02607276663184166 0.1809999942779541 254 255 239
0.019157273694872856 0.02607276663184166 0.1809999942779541 254 255 239
0.019582876935601234 0.02607276663184166 0.1809999942779541 254 255 245
0.020008478313684464 0.02607276663184166 0.1809999942779541 254 255 245
0.020434081554412842 0.02607276663184166 0.1809999942779541 254 255 245
0.020744435489177704 0.025928717106580734 0.18000000715255737 254 255 245
0.021167688071727753 0.025928717106580734 0.18000000715255737 255 254 240
0.021590938791632652 0.025928717106580734 0.18000000715255737 255 255 241
0.022014189511537552 0.025928717106580734 0.18000000715255737 253 235 215
0.02243744023144245 0.025928717106580734 0.18000000715255737 196 178 158
0.02286069095134735 0.025928717106580734 0.18000000715255737 215 204 170
0.02328394167125225 0.025928717106580734 0.18000000715255737 255 255 221
0.02370719239115715 0.025928717106580734 0.18000000715255737 255 255 226
0.02413044311106205 0.025928717106580734 0.18000000715255737 255 255 227
0.02455369383096695 0.025928717106580734 0.18000000715255737 255 255 235
0.02483818493783474 0.025784669443964958 0.17900000512599945 255 255 235
0.02525908499956131 0.025784669443964958 0.17900000512599945 254 255 234
0.02567998319864273 0.025784669443964958 0.17900000512599945 245 248 225
0.0261008832603693 0.025784669443964958 0.17900000512599945 255 254 228
0.026669949293136597 0.025928717106580734 0.18000000715255737 255 255 229
0.027093200013041496 0.025928717106580734 0.18000000715255737 255 244 215
0.027516450732946396 0.025928717106580734 0.18000000715255737 234 215 186
0.027939701452851295 0.025928717106580734 0.18000000715255737 226 199 162
0.028362954035401344 0.025928717106580734 0.18000000715255737 240 213 176
0.028786204755306244 0.025928717106580734 0.18000000715255737 255 253 215
0.029209455475211143 0.025928717106580734 0.18000000715255737 255 253 215
0.029632706195116043 0.025928717106580734 0.18000000715255737 255 255 228
0.030055956915020943 0.025928717106580734 0.18000000715255737 255 255 229
0.030479207634925842 0.025928717106580734 0.18000000715255737 255 255 237
0.030902458354830742 0.025928717106580734 0.18000000715255737 255 255 237
0.03149973973631859 0.02607276663184166 0.1809999942779541 255 255 239
0.03192534297704697 0.02607276663184166 0.1809999942779541 255 255 239
0.032350946217775345 0.02607276663184166 0.1809999942779541 255 245 228
0.03277654945850372 0.02607276663184166 0.1809999942779541 252 238 221
0.0332021489739418 0.02607276663184166 0.1809999942779541 243 219 192
0.03362775221467018 0.02607276663184166 0.1809999942779541 210 186 159
0.03405335545539856 0.02607276663184166 0.1809999942779541 244 222 185
0.03447895869612694 0.02607276663184166 0.1809999942779541 255 252 215
0.03490455821156502 0.02607276663184166 0.1809999942779541 255 255 225
0.035330161452293396 0.02607276663184166 0.1809999942779541 255 255 225
0.035755764693021774 0.02607276663184166 0.1809999942779541 255 255 237
0.03618136793375015 0.02607276663184166 0.1809999942779541 255 255 237
0.03680921718478203 0.026216814294457436 0.18199999630451202 254 255 243
0.037237171083688736 0.026216814294457436 0.18199999630451202 254 255 243
0.037665124982595444 0.026216814294457436 0.18199999630451202 255 253 245
0.038302380591630936 0.02636086381971836 0.18299999833106995 248 241 233
0.03873268514871597 0.02636086381971836 0.18299999833106995 249 216 219
0.03937699645757675 0.026504911482334137 0.18400000035762787 230 197 200
0.03980965539813042 0.026504911482334137 0.18400000035762787 225 186 184
0.040461018681526184 0.026648959144949913 0.1850000023841858 238 199 197
0.04111708700656891 0.02679300867021084 0.1860000044107437 255 237 225
0.041554443538188934 0.02679300867021084 0.1860000044107437 255 247 235
0.042217567563056946 0.026937056332826614 0.18700000643730164 250 244 229
0.0426572784781456 0.026937056332826614 0.18700000643730164 255 254 239
0.04309698939323425 0.026937056332826614 0.18700000643730164 255 247 241
0.043536700308322906 0.026937056332826614 0.18700000643730164 244 230 224
0.044211577624082565 0.02708110585808754 0.18799999356269836 253 222 220
0.04465363919734955 0.02708110585808754 0.18799999356269836 255 224 222
0.045335572212934494 0.027225153520703316 0.1889999955892563 235 189 185
0.0460222065448761 0.027369201183319092 0.1899999976158142 233 187 183
0.04646897315979004 0.027369201183319092 0.1899999976158142 255 206 201
0.04716266319155693 0.027513250708580017 0.19099999964237213 255 206 201
0.04786105453968048 0.027657298371195793 0.19200000166893005 255 214 210
0.04856415092945099 0.02780134789645672 0.19300000369548798 255 205 201
0.049271948635578156 0.027945395559072495 0.1940000057220459 251 189 190
0.04998445138335228 0.02808944508433342 0.19499999284744263 236 174 175
0.05070165544748306 0.028233492746949196 0.19599999487400055 243 164 167
0.051423560827970505 0.028377540409564972 0.19699999690055847 249 170 173
0.008047194220125675 0.027815967798233032 0.1899999976158142 226 199 164
0.008449253626167774 0.027669567614793777 0.1889999955892563 255 250 215
0.008893667720258236 0.027669567614793777 0.1889999955892563 255 255 239
0.009288673289120197 0.027523167431354523 0.18799999356269836 255 255 239
0.00973073486238718 0.027523167431354523 0.18799999356269836 254 255 245
0.010118686594069004 0.027376767247915268 0.18700000643730164 254 255 245
0.01050193514674902 0.027230367064476013 0.1860000044107437 254 255 243
0.010939294472336769 0.027230367064476013 0.1860000044107437 254 255 243
0.011376653797924519 0.027230367064476013 0.1860000044107437 254 255 232
0.011814013123512268 0.027230367064476013 0.1860000044107437 254 255 232
0.012185504660010338 0.027083968743681908 0.1850000023841858 243 240 197
0.012620512396097183 0.027083968743681908 0.1850000023841858 230 227 184
0.013055521063506603 0.027083968743681908 0.1850000023841858 222 222 187
0.013490528799593449 0.027083968743681908 0.1850000023841858 249 249 214
0.013850263319909573 0.026937568560242653 0.18400000035762787 254 255 235
0.014282919466495514 0.026937568560242653 0.18400000035762787 254 255 235
0.01471557654440403 0.026937568560242653 0.18400000035762787 250 255 241
0.015148232690989971 0.026937568560242653 0.18400000035762787 250 255 241
0.01549621019512415 0.026791168376803398 0.18299999833106995 252 255 241
0.01592651568353176 0.026791168376803398 0.18299999833106995 252 255 241
0.0163568202406168 0.026791168376803398 0.18299999833106995 255 255 226
0.016787126660346985 0.026791168376803398 0.18299999833106995 255 255 226
0.017123347148299217 0.026644768193364143 0.18199999630451202 251 236 199
0.017551301047205925 0.026644768193364143 0.18199999630451202 196 181 144
0.017979254946112633 0.026644768193364143 0.18199999630451202 253 250 216
0.01840720698237419 0.026644768193364143 0.18199999630451202 255 255 223
0.0188351608812809 0.026644768193364143 0.18199999630451202 254 255 229
0.019157273694872856 0.02649836800992489 0.1809999942779541 254 255 229
0.019582876935601234 0.02649836800992489 0.1809999942779541 254 255 237
0.020008478313684464 0.02649836800992489 0.1809999942779541 254 255 237
0.020434081554412842 0.02649836800992489 0.1809999942779541 255 255 237
0.02085968293249607 0.02649836800992489 0.1809999942779541 255 255 237
0.02128528617322445 0.02649836800992489 0.1809999942779541 255 251 229
0.021590938791632652 0.026351967826485634 0.18000000715255737 255 249 227
0.022014189511537552 0.026351967826485634 0.18000000715255737 254 223 196
0.02286069095134735 0.026351967826485634 0.18000000715255737 195 169 127
0.02328394167125225 0.026351967826485634 0.18000000715255737 255 251 209
0.02370719239115715 0.026351967826485634 0.18000000715255737 255 255 211
0.02413044311106205 0.026351967826485634 0.18000000715255737 255 255 211
0.02455369383096695 0.026351967826485634 0.18000000715255737 255 255 223
0.024976946413517 0.026351967826485634 0.18000000715255737 251 251 218
0.025400197133421898 0.026351967826485634 0.18000000715255737 255 255 226
0.025823447853326797 0.026351967826485634 0.18000000715255737 251 244 215
0.026246698573231697 0.026351967826485634 0.18000000715255737 255 250 221
0.026669949293136597 0.026351967826485634 0.18000000715255737 255 237 208
0.027093200013041496 0.026351967826485634 0.18000000715255737 255 219 193
0.027516450732946396 0.026351967826485634 0.18000000715255737 228 188 162
0.028786204755306244 0.026351967826485634 0.18000000715255737 255 232 200
0.029209455475211143 0.026351967826485634 0.18000000715255737 255 247 215
0.029632706195116043 0.026351967826485634 0.18000000715255737 255 254 223
0.030055956915020943 0.026351967826485634 0.18000000715255737 255 254 223
0.030479207634925842 0.026351967826485634 0.18000000715255737 255 254 230
0.03107413835823536 0.02649836800992489 0.1809999942779541 255 250 226
0.03149973973631859 0.02649836800992489 0.1809999942779541 246 235 212
0.03192534297704697 0.02649836800992489 0.1809999942779541 255 246 223
0.032350946217775345 0.02649836800992489 0.1809999942779541 255 238 219
0.03277654945850372 0.02649836800992489 0.1809999942779541 255 234 215
0.0332021489739418 0.02649836800992489 0.1809999942779541 226 183 158
0.03362775221467018 0.02649836800992489 0.1809999942779541 215 172 147
0.03405335545539856 0.02649836800992489 0.1809999942779541 236 201 157
0.03447895869612694 0.02649836800992489 0.1809999942779541 255 240 196
0.03490455821156502 0.02649836800992489 0.1809999942779541 255 254 211
0.035330161452293396 0.02649836800992489 0.1809999942779541 255 255 212
0.035755764693021774 0.02649836800992489 0.1809999942779541 255 255 221
0.03638126328587532 0.026644768193364143 0.18199999630451202 255 255 222
0.03680921718478203 0.026644768193364143 0.18199999630451202 255 255 235
0.037237171083688736 0.026644768193364143 0.18199999630451202 251 249 228
0.037665124982595444 0.026644768193364143 0.18199999630451202 255 243 234
0.038302380591630936 0.026791168376803398 0.18299999833106995 242 224 215
0.03873268514871597 0.026791168376803398 0.18299999833106995 255 223 225
0.03937699645757675 0.026937568560242653 0.18400000035762787 232 189 191
0.03980965539813042 0.026937568560242653 0.18400000035762787 231 177 178
0.040461018681526184 0.027083968743681908 0.1850000023841858 251 197 198
0.04089602455496788 0.027083968743681908 0.1850000023841858 245 202 195
0.041554443538188934 0.027230367064476013 0.1860000044107437 255 224 217
0.04199180379509926 0.027230367064476013 0.1860000044107437 255 237 223
0.0426572784781456 0.027376767247915268 0.18700000643730164 255 248 234
0.04309698939323425 0.027376767247915268 0.18700000643730164 255 238 229
0.043536700308322906 0.027376767247915268 0.18700000643730164 255 236 227
0.044211577624082565 0.027523167431354523 0.18799999356269836 255 223 222
0.04465363919734955 0.027523167431354523 0.18799999356269836 255 214 213
0.045335572212934494 0.027669567614793777 0.1889999955892563 238 178 176
0.045779984444379807 0.027669567614793777 0.1889999955892563 244 184 182
0.04646897315979004 0.027815967798233032 0.1899999976158142 255 189 183
0.04716266319155693 0.027962366119027138 0.19099999964237213 255 205 199
0.04786105453968048 0.028108766302466393 0.19200000166893005 255 212 208
0.04856415092945099 0.028255166485905647 0.19300000369548798 255 203 199
0.049271948635578156 0.028401566669344902 0.1940000057220459 255 193 192
0.04998445138335228 0.028547966852784157 0.19499999284744263 242 166 165
0.008449253626167774 0.02811397984623909 0.1889999955892563 255 240 199
0.00884661078453064 0.027965229004621506 0.18799999356269836 255 254 229
0.009288673289120197 0.027965229004621506 0.18799999356269836 255 254 229
0.00967897567898035 0.02781647816300392 0.18700000643730164 255 255 237
0.010118686594069004 0.02781647816300392 0.18700000643730164 255 255 237
0.01050193514674902 0.027667727321386337 0.1860000044107437 255 254 226
0.010939294472336769 0.027667727321386337 0.1860000044107437 255 254 226
0.011376653797924519 0.027667727321386337 0.1860000044107437 255 254 211
0.011750496923923492 0.027518976479768753 0.1850000023841858 255 254 211
0.012185504660010338 0.027518976479768753 0.1850000023841858 255 236 177
0.013055521063506603 0.027518976479768753 0.1850000023841858 255 236 185
0.013490528799593449 0.027518976479768753 0.1850000023841858 255 254 203
0.013850263319909573 0.02737022377550602 0.18400000035762787 255 255 215
0.014282919466495514 0.02737022377550602 0.18400000035762787 255 255 215
0.01471557654440403 0.02737022377550602 0.18400000035762787 255 255 227
0.015148232690989971 0.02737022377550602 0.18400000035762787 255 255 227
0.01549621019512415 0.027221472933888435 0.18299999833106995 255 255 223
0.01592651568353176 0.027221472933888435 0.18299999833106995 255 255 223
0.0163568202406168 0.027221472933888435 0.18299999833106995 255 253 210
0.016787126660346985 0.027221472933888435 0.18299999833106995 255 254 211
0.017979254946112633 0.02707272209227085 0.18199999630451202 243 211 166
0.01840720698237419 0.02707272209227085 0.18199999630451202 255 250 205
0.0188351608812809 0.02707272209227085 0.18199999630451202 255 255 213
0.019157273694872856 0.026923971250653267 0.1809999942779541 255 255 213
0.019582876935601234 0.026923971250653267 0.1809999942779541 255 255 221
0.020008478313684464 0.026923971250653267 0.1809999942779541 255 255 220
0.020434081554412842 0.026923971250653267 0.1809999942779541 255 252 223
0.02085968293249607 0.026923971250653267 0.1809999942779541 255 250 221
0.02128528617322445 0.026923971250653267 0.1809999942779541 255 231 205
0.021710887551307678 0.026923971250653267 0.1809999942779541 255 225 199
0.022136490792036057 0.026923971250653267 0.1809999942779541 255 211 180
0.02328394167125225 0.026775220409035683 0.18000000715255737 255 237 192
0.02370719239115715 0.026775220409035683 0.18000000715255737 255 251 203
0.02413044311106205 0.026775220409035683 0.18000000715255737 255 250 202
0.02455369383096695 0.026775220409035683 0.18000000715255737 255 249 209
0.024976946413517 0.026775220409035683 0.18000000715255737 255 237 197
0.025400197133421898 0.026775220409035683 0.18000000715255737 255 241 212
0.025823447853326797 0.026775220409035683 0.18000000715255737 255 234 205
0.026246698573231697 0.026775220409035683 0.18000000715255737 255 221 197
0.026669949293136597 0.026775220409035683 0.18000000715255737 255 215 191
0.027093200013041496 0.026775220409035683 0.18000000715255737 255 211 194
0.029371729120612144 0.026923971250653267 0.1809999942779541 255 219 193
0.029797332361340523 0.026923971250653267 0.1809999942779541 255 235 205
0.030222933739423752 0.026923971250653267 0.1809999942779541 255 234 204
0.03064853698015213 0.026923971250653267 0.1809999942779541 255 242 214
0.03107413835823536 0.026923971250653267 0.1809999942779541 255 239 211
0.03149973973631859 0.026923971250653267 0.1809999942779541 255 220 199
0.03192534297704697 0.026923971250653267 0.1809999942779541 255 222 201
0.032350946217775345 0.026923971250653267 0.1809999942779541 255 214 195
0.03295763581991196 0.02707272209227085 0.18199999630451202 255 212 193
0.03447895869612694 0.026923971250653267 0.1809999942779541 255 216 176
0.03490455821156502 0.026923971250653267 0.1809999942779541 255 237 193
0.035525355488061905 0.02707272209227085 0.18199999630451202 255 247 203
0.03595330938696861 0.02707272209227085 0.18199999630451202 255 249 209
0.03638126328587532 0.02707272209227085 0.18199999630451202 255 250 210
0.03680921718478203 0.02707272209227085 0.18199999630451202 255 248 223
0.037237171083688736 0.02707272209227085 0.18199999630451202 255 248 223
0.0378720760345459 0.027221472933888435 0.18299999833106995 255 239 231
0.038302380591630936 0.027221472933888435 0.18299999833106995 255 226 218
0.03873268514871597 0.027221472933888435 0.18299999833106995 255 206 211
0.03937699645757675 0.02737022377550602 0.18400000035762787 255 182 187
0.03980965539813042 0.02737022377550602 0.18400000035762787 248 172 171
0.040461018681526184 0.027518976479768753 0.1850000023841858 255 189 188
0.04089602455496788 0.027518976479768753 0.1850000023841858 255 214 210
0.041554443538188934 0.027667727321386337 0.1860000044107437 255 222 218
0.04199180379509926 0.027667727321386337 0.1860000044107437 255 230 217
0.04242916405200958 0.027667727321386337 0.1860000044107437 255 236 223
0.04309698939323425 0.02781647816300392 0.18700000643730164 255 234 229
0.043536700308322906 0.02781647816300392 0.18700000643730164 255 233 228
0.04397641122341156 0.02781647816300392 0.18700000643730164 255 217 218
0.04465363919734955 0.027965229004621506 0.18799999356269836 255 200 201
0.04509570077061653 0.027965229004621506 0.18799999356269836 255 183 185
0.045779984444379807 0.02811397984623909 0.1889999955892563 255 177 179
0.04716266319155693 0.028411483392119408 0.19099999964237213 255 182 183
0.04786105453968048 0.028560234233736992 0.19200000166893005 255 191 193
0.04856415092945099 0.028708985075354576 0.19300000369548798 255 185 187
0.00884661078453064 0.02840729057788849 0.18799999356269836 227 196 157
0.009288673289120197 0.02840729057788849 0.18799999356269836 255 243 204
0.00967897567898035 0.028256189078092575 0.18700000643730164 255 242 211
0.010118686594069004 0.028256189078092575 0.18700000643730164 254 228 197
0.01050193514674902 0.028105085715651512 0.1860000044107437 255 217 179
0.013417607173323631 0.027802880853414536 0.18400000035762787 255 234 179
0.013850263319909573 0.027802880853414536 0.18400000035762787 255 239 185
0.014282919466495514 0.027802880853414536 0.18400000035762787 255 240 186
0.01471557654440403 0.027802880853414536 0.18400000035762787 255 240 193
0.015148232690989971 0.027802880853414536 0.18400000035762787 255 240 193
0.01549621019512415 0.027651777490973473 0.18299999833106995 255 240 194
0.01592651568353176 0.027651777490973473 0.18299999833106995 255 240 194
0.0163568202406168 0.027651777490973473 0.18299999833106995 255 233 181
0.01840720698237419 0.02750067599117756 0.18199999630451202 255 231 180
0.0188351608812809 0.02750067599117756 0.18199999630451202 255 239 183
0.019157273694872856 0.027349572628736496 0.1809999942779541 255 239 183
0.019582876935601234 0.027349572628736496 0.1809999942779541 255 237 193
0.020008478313684464 0.027349572628736496 0.1809999942779541 255 232 188
0.020434081554412842 0.027349572628736496 0.1809999942779541 255 228 193
0.02085968293249607 0.027349572628736496 0.1809999942779541 255 217 182
0.02128528617322445 0.027349572628736496 0.1809999942779541 255 217 183
0.021590938791632652 0.027198471128940582 0.18000000715255737 255 215 181
0.02370719239115715 0.027198471128940582 0.18000000715255737 255 230 183
0.02413044311106205 0.027198471128940582 0.18000000715255737 255 229 182
0.02455369383096695 0.027198471128940582 0.18000000715255737 255 229 186
0.024976946413517 0.027198471128940582 0.18000000715255737 255 223 180
0.025400197133421898 0.027198471128940582 0.18000000715255737 255 209 182
0.029797332361340523 0.027349572628736496 0.1809999942779541 255 203 176
0.030222933739423752 0.027349572628736496 0.1809999942779541 255 213 186
0.03064853698015213 0.027349572628736496 0.1809999942779541 255 210 181
0.03107413835823536 0.027349572628736496 0.1809999942779541 255 214 185
0.03149973973631859 0.027349572628736496 0.1809999942779541 255 211 186
0.03192534297704697 0.027349572628736496 0.1809999942779541 255 207 182
0.03595330938696861 0.02750067599117756 0.18199999630451202 255 216 177
