-0.009105045348405838 0.006047477014362812 0.14900000393390656 202 214 206
-0.009455402381718159 0.00639783451333642 0.14900000393390656 223 225 231
-0.009739950299263 0.006702902726829052 0.14800000190734863 242 249 243
-0.010087956674396992 0.007050908636301756 0.14800000190734863 241 250 243
-0.010435963049530983 0.007050908636301756 0.14800000190734863 154 163 156
-0.010711104609072208 0.007003267761319876 0.1469999998807907 146 155 146
-0.011056759394705296 0.007003267761319876 0.1469999998807907 211 220 211
-0.011402414180338383 0.006657612510025501 0.1469999998807907 194 219 200
-0.01174806896597147 0.006657612510025501 0.1469999998807907 184 209 190
-0.01201145350933075 0.006612322758883238 0.1459999978542328 195 217 199
-0.013041364029049873 0.006612322758883238 0.1459999978542328 215 230 216
-0.013384668156504631 0.006612322758883238 0.1459999978542328 217 230 225
-0.013727971352636814 0.006612322758883238 0.1459999978542328 216 229 224
-0.014071275480091572 0.006955626420676708 0.1459999978542328 225 233 232
-0.014315848238766193 0.006907985080033541 0.14499999582767487 220 228 227
-0.014656800776720047 0.006907985080033541 0.14499999582767487 219 224 242
-0.0149977533146739 0.007248937152326107 0.14499999582767487 249 255 255
-0.01533870492130518 0.007589889224618673 0.14499999582767487 241 249 246
-0.015679657459259033 0.00793084129691124 0.14499999582767487 184 194 180
-0.01591012254357338 0.007876145653426647 0.14399999380111694 211 212 201
-0.01624872349202633 0.007876145653426647 0.14399999380111694 230 231 220
-0.01658732444047928 0.007876145653426647 0.14399999380111694 232 234 223
-0.016925925388932228 0.008214746601879597 0.14399999380111694 251 255 244
-0.01714463345706463 0.008157700300216675 0.14300000667572021 248 255 248
-0.0174808818846941 0.008157700300216675 0.14300000667572021 247 255 247
-0.01781713217496872 0.008157700300216675 0.14300000667572021 242 255 254
-0.01815338060259819 0.008493948727846146 0.14300000667572021 245 255 253
-0.01848963089287281 0.008493948727846146 0.14300000667572021 244 255 255
-0.01882587932050228 0.008493948727846146 0.14300000667572021 241 255 255
-0.0191621296107769 0.008493948727846146 0.14300000667572021 226 243 248
-0.019498378038406372 0.008830198086798191 0.14300000667572021 246 255 255
-0.019834628328680992 0.009166447445750237 0.14300000667572021 249 255 255
-0.020170876756310463 0.009166447445750237 0.14300000667572021 218 224 224
-0.020507127046585083 0.009166447445750237 0.14300000667572021 220 223 222
-0.020843375474214554 0.009166447445750237 0.14300000667572021 252 255 254
-0.021179625764489174 0.008830198086798191 0.14300000667572021 245 248 247
-0.021515874192118645 0.008830198086798191 0.14300000667572021 249 252 251
-0.021852124482393265 0.008830198086798191 0.14300000667572021 244 255 255
-0.022188372910022736 0.008830198086798191 0.14300000667572021 239 250 250
-0.022524623200297356 0.009166447445750237 0.14300000667572021 246 255 255
-0.022860871627926826 0.009166447445750237 0.14300000667572021 247 255 255
-0.023197121918201447 0.009166447445750237 0.14300000667572021 247 255 255
-0.023533370345830917 0.009166447445750237 0.14300000667572021 244 255 255
-0.023702699691057205 0.009436245076358318 0.1420000046491623 249 255 255
-0.024036597460508347 0.009436245076358318 0.1420000046491623 249 255 255
-0.024370495229959488 0.009436245076358318 0.1420000046491623 250 253 255
-0.02470439299941063 0.00977014284580946 0.1420000046491623 250 255 255
-0.02503829076886177 0.00977014284580946 0.1420000046491623 249 255 255
-0.02555086649954319 0.009838946163654327 0.14300000667572021 159 167 166
-0.02588711678981781 0.009838946163654327 0.14300000667572021 199 202 203
-0.02622336521744728 0.009838946163654327 0.14300000667572021 247 250 251
-0.02655961364507675 0.009838946163654327 0.14300000667572021 247 255 255
-0.026895863935351372 0.009838946163654327 0.14300000667572021 247 255 255
-0.027232112362980843 0.009838946163654327 0.14300000667572021 241 255 255
-0.027568362653255463 0.009838946163654327 0.14300000667572021 239 255 255
-0.027904611080884933 0.009838946163654327 0.14300000667572021 239 255 255
-0.028240861371159554 0.010175195522606373 0.14300000667572021 246 255 255
-0.028776951134204865 0.01024635136127472 0.14399999380111694 249 255 255
-0.03034059889614582 0.010999410413205624 0.14499999582767487 254 253 255
-0.030469954013824463 0.011262153275310993 0.14399999380111694 187 190 191
-0.030808554962277412 0.011600754223763943 0.14399999380111694 251 252 246
-0.031147155910730362 0.011600754223763943 0.14399999380111694 253 254 248
-0.03148575499653816 0.011600754223763943 0.14399999380111694 253 255 246
-0.03182435780763626 0.011600754223763943 0.14399999380111694 253 255 246
-0.032386310398578644 0.011340362951159477 0.14499999582767487 236 237 224
-0.03272726386785507 0.011340362951159477 0.14499999582767487 245 246 233
-0.03272726386785507 0.011340362951159477 0.14499999582767487 245 246 233
-0.032386310398578644 0.011340362951159477 0.14499999582767487 236 237 224
-0.03182435780763626 0.011600754223763943 0.14399999380111694 253 255 246
-0.03148575499653816 0.011600754223763943 0.14399999380111694 253 255 246
-0.031147155910730362 0.011600754223763943 0.14399999380111694 253 254 248
-0.030808554962277412 0.011600754223763943 0.14399999380111694 251 252 246
-0.030469954013824463 0.011262153275310993 0.14399999380111694 187 190 191
-0.030131353065371513 0.011262153275310993 0.14399999380111694 251 254 255
-0.029792752116918564 0.010923552326858044 0.14399999380111694 252 255 255
-0.029454151168465614 0.010584952309727669 0.14399999380111694 252 255 255
-0.028776951134204865 0.01024635136127472 0.14399999380111694 249 255 255
-0.028240861371159554 0.010175195522606373 0.14300000667572021 246 255 255
-0.027904611080884933 0.009838946163654327 0.14300000667572021 239 255 255
-0.027568362653255463 0.009838946163654327 0.14300000667572021 239 255 255
-0.027232112362980843 0.009838946163654327 0.14300000667572021 241 255 255
-0.026895863935351372 0.009838946163654327 0.14300000667572021 247 255 255
-0.02655961364507675 0.009838946163654327 0.14300000667572021 247 255 255
-0.02622336521744728 0.009838946163654327 0.14300000667572021 247 250 251
-0.02588711678981781 0.009838946163654327 0.14300000667572021 199 202 203
-0.02555086649954319 0.009838946163654327 0.14300000667572021 159 167 166
-0.02503829076886177 0.00977014284580946 0.1420000046491623 249 255 255
-0.02470439299941063 0.00977014284580946 0.1420000046491623 250 255 255
-0.024370495229959488 0.00977014284580946 0.1420000046491623 250 255 255
-0.024036597460508347 0.009436245076358318 0.1420000046491623 249 255 255
-0.023702699691057205 0.009436245076358318 0.1420000046491623 249 255 255
-0.023533370345830917 0.009166447445750237 0.14300000667572021 244 255 255
-0.023197121918201447 0.009166447445750237 0.14300000667572021 247 255 255
-0.022860871627926826 0.009166447445750237 0.14300000667572021 247 255 255
-0.022524623200297356 0.009166447445750237 0.14300000667572021 246 255 255
-0.022188372910022736 0.008830198086798191 0.14300000667572021 239 250 250
-0.021852124482393265 0.008830198086798191 0.14300000667572021 244 255 255
-0.021515874192118645 0.008830198086798191 0.14300000667572021 249 252 251
-0.021179625764489174 0.008830198086798191 0.14300000667572021 245 248 247
-0.020843375474214554 0.009166447445750237 0.14300000667572021 252 255 254
-0.020507127046585083 0.009166447445750237 0.14300000667572021 220 223 222
-0.020170876756310463 0.009166447445750237 0.14300000667572021 218 224 224
-0.019834628328680992 0.009166447445750237 0.14300000667572021 249 255 255
-0.019498378038406372 0.009166447445750237 0.14300000667572021 250 255 255
-0.0191621296107769 0.008830198086798191 0.14300000667572021 247 255 255
-0.01882587932050228 0.008493948727846146 0.14300000667572021 241 255 255
-0.01848963089287281 0.008493948727846146 0.14300000667572021 244 255 255
-0.01815338060259819 0.008493948727846146 0.14300000667572021 245 255 253
-0.01781713217496872 0.008157700300216675 0.14300000667572021 242 255 254
-0.0174808818846941 0.008157700300216675 0.14300000667572021 247 255 247
-0.01714463345706463 0.008157700300216675 0.14300000667572021 248 255 248
-0.016925925388932228 0.008214746601879597 0.14399999380111694 251 255 244
-0.01658732444047928 0.007876145653426647 0.14399999380111694 232 234 223
-0.01624872349202633 0.007876145653426647 0.14399999380111694 230 231 220
-0.01591012254357338 0.007876145653426647 0.14399999380111694 211 212 201
-0.015679657459259033 0.00793084129691124 0.14499999582767487 184 194 180
-0.01533870492130518 0.00793084129691124 0.14499999582767487 242 252 238
-0.0149977533146739 0.007589889224618673 0.14499999582767487 247 255 251
-0.014656800776720047 0.007248937152326107 0.14499999582767487 249 255 255
-0.014315848238766193 0.006907985080033541 0.14499999582767487 220 228 227
-0.014071275480091572 0.006955626420676708 0.1459999978542328 225 233 232
-0.013727971352636814 0.006612322758883238 0.1459999978542328 216 229 224
-0.013384668156504631 0.006612322758883238 0.1459999978542328 217 230 225
-0.013041364029049873 0.006612322758883238 0.1459999978542328 215 230 216
-0.01201145350933075 0.006612322758883238 0.1459999978542328 195 217 199
-0.01174806896597147 0.006657612510025501 0.1469999998807907 184 209 190
-0.011402414180338383 0.007003267761319876 0.1469999998807907 211 233 213
-0.011056759394705296 0.007003267761319876 0.1469999998807907 211 220 211
-0.010711104609072208 0.007003267761319876 0.1469999998807907 146 155 146
-0.010435963049530983 0.007050908636301756 0.14800000190734863 154 163 156
-0.010087956674396992 0.007398915011435747 0.14800000190734863 251 255 248
-0.009739950299263 0.007050908636301756 0.14800000190734863 249 255 251
-0.009455402381718159 0.006748192477971315 0.14900000393390656 247 254 248
-0.009105045348405838 0.00639783451333642 0.14900000393390656 216 226 212
-0.008754687383770943 0.006047477014362812 0.14900000393390656 207 219 211
