-0.0061752935871481895 0.0014627696946263313 0.1459999978542328 199 214 198
-0.00686190091073513 0.0018060732400044799 0.1459999978542328 201 206 196
-0.007205204572528601 0.0021493767853826284 0.1459999978542328 196 207 203
-0.007496805861592293 0.0024756072089076042 0.14499999582767487 241 248 242
-0.007837758399546146 0.0028165592812001705 0.14499999582767487 243 255 253
-0.008178710006177425 0.0028165592812001705 0.14499999582767487 197 212 207
-0.008519662544131279 0.0028165592812001705 0.14499999582767487 115 135 130
-0.008860614150762558 0.0028165592812001705 0.14499999582767487 179 199 194
-0.009201566688716412 0.0028165592812001705 0.14499999582767487 189 209 194
-0.00954251829534769 0.0024756072089076042 0.14499999582767487 188 206 202
-0.009883470833301544 0.0024756072089076042 0.14499999582767487 198 218 203
-0.010153909213840961 0.0021199332550168037 0.14399999380111694 191 211 206
-0.010492510162293911 0.0021199332550168037 0.14399999380111694 185 211 196
-0.01083111111074686 0.0021199332550168037 0.14399999380111694 180 206 191
-0.01116971205919981 0.0024585339706391096 0.14399999380111694 210 230 215
-0.01150831300765276 0.0024585339706391096 0.14399999380111694 199 219 204
-0.011846913024783134 0.0024585339706391096 0.14399999380111694 197 208 206
-0.012100892141461372 0.002777710324153304 0.14300000667572021 217 224 218
-0.012437141500413418 0.002777710324153304 0.14300000667572021 238 241 242
-0.012773390859365463 0.002777710324153304 0.14300000667572021 237 240 241
-0.013109640218317509 0.0031139596831053495 0.14300000667572021 244 254 255
-0.013445889577269554 0.003450209042057395 0.14300000667572021 217 227 232
-0.0137821389362216 0.0037864584010094404 0.14300000667572021 199 216 217
-0.014019658789038658 0.0037599795032292604 0.1420000046491623 221 238 239
-0.0143535565584898 0.0037599795032292604 0.1420000046491623 228 239 235
-0.01468745432794094 0.0037599795032292604 0.1420000046491623 233 244 240
-0.015021352097392082 0.0037599795032292604 0.1420000046491623 238 242 235
-0.015355250798165798 0.0037599795032292604 0.1420000046491623 234 238 231
-0.015689147636294365 0.0040938775055110455 0.1420000046491623 249 255 249
-0.015910208225250244 0.004065047483891249 0.14100000262260437 248 255 248
-0.016241755336523056 0.004065047483891249 0.14100000262260437 241 255 251
-0.01657330058515072 0.004396594129502773 0.14100000262260437 244 255 254
-0.01690484769642353 0.004396594129502773 0.14100000262260437 247 255 254
-0.017114149406552315 0.0043654125183820724 0.14000000059604645 244 255 251
-0.017443345859646797 0.004694607574492693 0.14000000059604645 241 255 255
-0.01777254045009613 0.004694607574492693 0.14000000059604645 237 255 254
-0.018101735040545464 0.004694607574492693 0.14000000059604645 167 189 190
-0.018430931493639946 0.004694607574492693 0.14000000059604645 161 183 184
-0.01876012608408928 0.004694607574492693 0.14000000059604645 242 253 251
-0.019089320674538612 0.004694607574492693 0.14000000059604645 247 255 255
-0.019418517127633095 0.004694607574492693 0.14000000059604645 252 255 251
-0.019747711718082428 0.004694607574492693 0.14000000059604645 251 255 250
-0.02007690630853176 0.004694607574492693 0.14000000059604645 249 255 255
-0.020406102761626244 0.004694607574492693 0.14000000059604645 248 254 254
-0.020735297352075577 0.004694607574492693 0.14000000059604645 234 247 246
-0.02106449194252491 0.0050238026306033134 0.14000000059604645 248 255 255
-0.021393688395619392 0.0050238026306033134 0.14000000059604645 246 255 255
-0.021722882986068726 0.0050238026306033134 0.14000000059604645 246 255 255
-0.02205207757651806 0.005352998152375221 0.14000000059604645 249 255 253
-0.022381272166967392 0.005352998152375221 0.14000000059604645 250 255 254
-0.0228726863861084 0.00539123360067606 0.14100000262260437 248 255 255
-0.02320423163473606 0.005722780246287584 0.14100000262260437 249 255 255
-0.023535778746008873 0.005722780246287584 0.14100000262260437 214 219 224
-0.023867325857281685 0.005722780246287584 0.14100000262260437 216 221 226
-0.024198872968554497 0.005722780246287584 0.14100000262260437 250 253 254
-0.02453041821718216 0.005722780246287584 0.14100000262260437 251 254 255
-0.02486196532845497 0.005722780246287584 0.14100000262260437 252 255 254
-0.025193512439727783 0.00539123360067606 0.14100000262260437 248 245 242
-0.025706086307764053 0.005763367284089327 0.1420000046491623 251 254 253
-0.026039985939860344 0.005763367284089327 0.1420000046491623 250 253 252
-0.026373883709311485 0.005763367284089327 0.1420000046491623 246 255 255
-0.026707781478762627 0.005763367284089327 0.1420000046491623 247 255 255
-0.027041679248213768 0.006097265053540468 0.1420000046491623 247 255 255
-0.02737557701766491 0.006097265053540468 0.1420000046491623 247 255 255
-0.02770947478711605 0.006097265053540468 0.1420000046491623 248 254 255
-0.028043372556567192 0.006431163288652897 0.1420000046491623 246 255 255
-0.028711168095469475 0.007098959293216467 0.1420000046491623 182 190 189
-0.029045065864920616 0.007432857062667608 0.1420000046491623 248 255 250
-0.029585858806967735 0.007485201116651297 0.14300000667572021 247 255 249
-0.03148575499653816 0.007198944687843323 0.14399999380111694 254 255 247
-0.03216295689344406 0.007198944687843323 0.14399999380111694 248 252 245
-0.03216295689344406 0.007537545170634985 0.14399999380111694 252 255 249
-0.03182435780763626 0.007198944687843323 0.14399999380111694 254 255 247
-0.03148575499653816 0.007198944687843323 0.14399999380111694 254 255 247
-0.029585858806967735 0.007485201116651297 0.14300000667572021 247 255 249
-0.029045065864920616 0.007432857062667608 0.1420000046491623 248 255 250
-0.028711168095469475 0.007098959293216467 0.1420000046491623 182 190 189
-0.028377270326018333 0.007432857062667608 0.1420000046491623 249 255 253
-0.028377270326018333 0.007098959293216467 0.1420000046491623 246 254 253
-0.028043372556567192 0.006765061058104038 0.1420000046491623 250 255 255
-0.02770947478711605 0.006431163288652897 0.1420000046491623 247 255 255
-0.02737557701766491 0.006097265053540468 0.1420000046491623 247 255 255
-0.027041679248213768 0.006097265053540468 0.1420000046491623 247 255 255
-0.026707781478762627 0.005763367284089327 0.1420000046491623 247 255 255
-0.026373883709311485 0.005763367284089327 0.1420000046491623 246 255 255
-0.026039985939860344 0.005763367284089327 0.1420000046491623 250 253 252
-0.025706086307764053 0.005763367284089327 0.1420000046491623 251 254 253
-0.025193512439727783 0.00539123360067606 0.14100000262260437 248 245 242
-0.02486196532845497 0.005722780246287584 0.14100000262260437 252 255 254
-0.02453041821718216 0.005722780246287584 0.14100000262260437 251 254 255
-0.024198872968554497 0.005722780246287584 0.14100000262260437 250 253 254
-0.023867325857281685 0.005722780246287584 0.14100000262260437 216 221 226
-0.023535778746008873 0.005722780246287584 0.14100000262260437 214 219 224
-0.02320423163473606 0.005722780246287584 0.14100000262260437 249 255 255
-0.0228726863861084 0.005722780246287584 0.14100000262260437 249 255 255
-0.022381272166967392 0.005352998152375221 0.14000000059604645 250 255 254
-0.02205207757651806 0.005352998152375221 0.14000000059604645 249 255 253
-0.021722882986068726 0.0050238026306033134 0.14000000059604645 246 255 255
-0.021393688395619392 0.0050238026306033134 0.14000000059604645 246 255 255
-0.02106449194252491 0.0050238026306033134 0.14000000059604645 248 255 255
-0.020735297352075577 0.004694607574492693 0.14000000059604645 234 247 246
-0.020406102761626244 0.004694607574492693 0.14000000059604645 248 254 254
-0.02007690630853176 0.004694607574492693 0.14000000059604645 249 255 255
-0.019747711718082428 0.004694607574492693 0.14000000059604645 251 255 250
-0.019418517127633095 0.004694607574492693 0.14000000059604645 252 255 251
-0.019089320674538612 0.004694607574492693 0.14000000059604645 247 255 255
-0.01876012608408928 0.004694607574492693 0.14000000059604645 242 253 251
-0.018430931493639946 0.004694607574492693 0.14000000059604645 161 183 184
-0.018101735040545464 0.004694607574492693 0.14000000059604645 167 189 190
-0.01777254045009613 0.004694607574492693 0.14000000059604645 237 255 254
-0.017443345859646797 0.004694607574492693 0.14000000059604645 241 255 255
-0.017114149406552315 0.004694607574492693 0.14000000059604645 248 255 253
-0.01690484769642353 0.004396594129502773 0.14100000262260437 247 255 254
-0.01657330058515072 0.004396594129502773 0.14100000262260437 244 255 254
-0.016241755336523056 0.004065047483891249 0.14100000262260437 241 255 251
-0.015910208225250244 0.004065047483891249 0.14100000262260437 248 255 248
-0.015689147636294365 0.0040938775055110455 0.1420000046491623 249 255 249
-0.015355250798165798 0.0037599795032292604 0.1420000046491623 234 238 231
-0.015021352097392082 0.0037599795032292604 0.1420000046491623 238 242 235
-0.01468745432794094 0.0037599795032292604 0.1420000046491623 233 244 240
-0.0143535565584898 0.0037599795032292604 0.1420000046491623 228 239 235
-0.014019658789038658 0.0037599795032292604 0.1420000046491623 221 238 239
-0.0137821389362216 0.0037864584010094404 0.14300000667572021 199 216 217
-0.013445889577269554 0.0037864584010094404 0.14300000667572021 215 228 227
-0.013109640218317509 0.003450209042057395 0.14300000667572021 247 255 255
-0.012773390859365463 0.0031139596831053495 0.14300000667572021 254 255 251
-0.012437141500413418 0.002777710324153304 0.14300000667572021 238 241 242
-0.012100892141461372 0.002777710324153304 0.14300000667572021 217 224 218
-0.011846913024783134 0.0024585339706391096 0.14399999380111694 197 208 206
-0.01150831300765276 0.0024585339706391096 0.14399999380111694 199 219 204
-0.01116971205919981 0.0024585339706391096 0.14399999380111694 210 230 215
-0.01083111111074686 0.0021199332550168037 0.14399999380111694 180 206 191
-0.010492510162293911 0.0021199332550168037 0.14399999380111694 185 211 196
-0.010153909213840961 0.0021199332550168037 0.14399999380111694 191 211 206
-0.009883470833301544 0.0024756072089076042 0.14499999582767487 198 218 203
-0.00954251829534769 0.0028165592812001705 0.14499999582767487 192 212 197
-0.009201566688716412 0.003157511353492737 0.14499999582767487 215 233 212
-0.008860614150762558 0.0028165592812001705 0.14499999582767487 179 199 194
-0.008519662544131279 0.0028165592812001705 0.14499999582767487 115 135 130
-0.008178710006177425 0.0028165592812001705 0.14499999582767487 197 212 207
-0.007837758399546146 0.003157511353492737 0.14499999582767487 246 255 250
-0.007496805861592293 0.0028165592812001705 0.14499999582767487 249 255 251
-0.007205204572528601 0.002492680447176099 0.1459999978542328 243 250 244
-0.00686190091073513 0.0021493767853826284 0.1459999978542328 222 224 213
-0.00651859724894166 0.0018060732400044799 0.1459999978542328 205 210 200
-0.0061752935871481895 0.0014627696946263313 0.1459999978542328 199 214 198
-0.0055262804962694645 0.0014727887464687228 0.1469999998807907 192 205 190
-0.005180625710636377 0.0014727887464687228 0.1469999998807907 179 192 177
-0.004834970459342003 0.0018184436485171318 0.1469999998807907 186 189 173
-0.004489315673708916 0.0021640986669808626 0.1469999998807907 179 186 164
-0.004171848762780428 0.002178820315748453 0.14800000190734863 183 185 167
-0.004171848762780428 0.002178820315748453 0.14800000190734863 183 185 167
-0.004834970459342003 0.0014727887464687228 0.1469999998807907 175 177 166
-0.005180625710636377 0.0014727887464687228 0.1469999998807907 179 192 177
-0.0055262804962694645 0.0014727887464687228 0.1469999998807907 192 205 190
