-0.024827294051647186 0.013617637567222118 0.11999999731779099 254 236 214
-0.024545127525925636 0.013617637567222118 0.11999999731779099 255 237 215
-0.024262959137558937 0.013617637567222118 0.11999999731779099 255 240 220
-0.023980792611837387 0.013617637567222118 0.11999999731779099 244 226 206
-0.023698624223470688 0.013617637567222118 0.11999999731779099 231 206 186
-0.023416457697749138 0.013899804092943668 0.11999999731779099 253 241 223
-0.023134291172027588 0.013899804092943668 0.11999999731779099 251 224 202
-0.02285212278366089 0.014181971549987793 0.11999999731779099 247 235 215
-0.022381871938705444 0.014343604445457458 0.11900000274181366 255 246 225
-0.022102056071162224 0.014343604445457458 0.11900000274181366 247 238 217
-0.021822240203619003 0.014343604445457458 0.11900000274181366 231 207 180
-0.021542424336075783 0.014343604445457458 0.11900000274181366 221 197 170
-0.021262608468532562 0.014343604445457458 0.11900000274181366 215 186 161
-0.020982792600989342 0.014343604445457458 0.11900000274181366 223 194 169
-0.02070297673344612 0.014343604445457458 0.11900000274181366 238 213 193
-0.0204231608659029 0.014343604445457458 0.11900000274181366 251 226 206
-0.02014334499835968 0.014343604445457458 0.11900000274181366 255 236 216
-0.01986352913081646 0.014343604445457458 0.11900000274181366 255 236 216
-0.01958371326327324 0.014343604445457458 0.11900000274181366 255 235 216
-0.01930389739573002 0.014343604445457458 0.11900000274181366 239 216 197
-0.018864216282963753 0.014500534161925316 0.11800000071525574 255 250 231
-0.01858675107359886 0.014500534161925316 0.11800000071525574 255 243 224
-0.01830928772687912 0.014500534161925316 0.11800000071525574 254 225 202
-0.01803182251751423 0.014777999371290207 0.11800000071525574 255 249 230
-0.01760389655828476 0.01465276163071394 0.11699999868869781 255 240 216
-0.017328783869743347 0.014927875250577927 0.11699999868869781 255 254 234
-0.017053671181201935 0.014927875250577927 0.11699999868869781 255 244 219
-0.016778558492660522 0.015202987939119339 0.11699999868869781 255 253 231
-0.01650344394147396 0.015478100627660751 0.11699999868869781 255 255 229
-0.01622833125293255 0.015478100627660751 0.11699999868869781 249 241 215
-0.015953218564391136 0.015478100627660751 0.11699999868869781 242 223 196
-0.015678105875849724 0.015478100627660751 0.11699999868869781 237 218 191
-0.015402992255985737 0.015478100627660751 0.11699999868869781 233 209 184
-0.015127879567444324 0.015478100627660751 0.11699999868869781 243 219 194
-0.014852765947580338 0.015478100627660751 0.11699999868869781 245 221 196
-0.014577653259038925 0.015478100627660751 0.11699999868869781 240 216 191
-0.014302539639174938 0.015478100627660751 0.11699999868869781 233 204 179
-0.014027426950633526 0.015753213316202164 0.11699999868869781 253 245 221
-0.013869854621589184 0.015887856483459473 0.11800000071525574 255 237 212
-0.013592390343546867 0.015887856483459473 0.11800000071525574 253 234 209
-0.013314926065504551 0.015887856483459473 0.11800000071525574 247 219 191
-0.01220506802201271 0.016165321692824364 0.11800000071525574 249 228 195
-0.011927603743970394 0.016442786902189255 0.11800000071525574 255 255 233
-0.011650138534605503 0.016442786902189255 0.11800000071525574 255 246 218
-0.011372674256563187 0.016720250248908997 0.11800000071525574 255 254 235
-0.01109520997852087 0.016720250248908997 0.11800000071525574 237 230 199
-0.010817745700478554 0.016720250248908997 0.11800000071525574 227 220 189
-0.010540280491113663 0.016720250248908997 0.11800000071525574 220 208 179
-0.010262816213071346 0.016720250248908997 0.11800000071525574 215 203 174
-0.00998535193502903 0.016720250248908997 0.11800000071525574 215 205 175
-0.009707887656986713 0.016720250248908997 0.11800000071525574 227 217 187
-0.009430422447621822 0.016720250248908997 0.11800000071525574 225 213 184
-0.009152958169579506 0.016720250248908997 0.11800000071525574 225 213 184
-0.00895071029663086 0.016861947253346443 0.11900000274181366 237 221 189
-0.008670894429087639 0.016861947253346443 0.11900000274181366 219 203 171
-0.008391078561544418 0.016861947253346443 0.11900000274181366 225 205 169
-0.008111262694001198 0.016861947253346443 0.11900000274181366 218 198 162
-0.007831445895135403 0.016861947253346443 0.11900000274181366 222 201 168
-0.0075516304932534695 0.016861947253346443 0.11900000274181366 214 193 160
-0.007271814625710249 0.016861947253346443 0.11900000274181366 204 182 156
-0.006991998758167028 0.016861947253346443 0.11900000274181366 206 184 158
-0.006712182890623808 0.016861947253346443 0.11900000274181366 212 185 163
-0.006432367023080587 0.016861947253346443 0.11900000274181366 195 168 146
-0.006152551155537367 0.016582131385803223 0.11900000274181366 181 145 124
-0.005872735287994146 0.016582131385803223 0.11900000274181366 195 159 138
-0.005545919761061668 0.016720250248908997 0.11800000071525574 218 197 164
-0.005268455483019352 0.016442786902189255 0.11800000071525574 219 185 161
-0.004990990739315748 0.016165321692824364 0.11800000071525574 213 177 154
-0.004713526461273432 0.016165321692824364 0.11800000071525574 227 191 168
-0.004436061717569828 0.015887856483459473 0.11800000071525574 209 173 154
-0.004193839617073536 0.01602249965071678 0.11900000274181366 213 177 158
-0.003914023749530315 0.01574268378317356 0.11900000274181366 194 162 140
-0.003634207881987095 0.01574268378317356 0.11900000274181366 190 158 136
-0.0033543920144438744 0.01574268378317356 0.11900000274181366 185 153 129
-0.003074576146900654 0.01574268378317356 0.11900000274181366 190 158 134
-0.0028182456735521555 0.01587497629225254 0.11999999731779099 183 156 130
-0.0025360784493386745 0.01587497629225254 0.11999999731779099 183 156 130
-0.00225391099229455 0.01587497629225254 0.11999999731779099 180 153 127
-0.001971743768081069 0.01587497629225254 0.11999999731779099 181 154 128
-0.0014074092032387853 0.01615714281797409 0.11999999731779099 186 162 135
-0.0011252419790253043 0.01643930934369564 0.11999999731779099 193 171 143
-0.0008501003030687571 0.016576305031776428 0.12099999934434891 173 151 123
-0.0005655816057696939 0.016576305031776428 0.12099999934434891 172 148 125
-0.00028106290847063065 0.016576305031776428 0.12099999934434891 178 154 131
3.455762680459884e-06 0.016860822215676308 0.12099999934434891 219 196 166
0.0002879744570236653 0.016860822215676308 0.12099999934434891 215 192 162
0.0005772244767285883 0.016713298857212067 0.12200000137090683 213 182 153
0.000864094530697912 0.016713298857212067 0.12200000137090683 212 181 152
0.0011509646428748965 0.01642642915248871 0.12200000137090683 200 168 144
0.0011509646428748965 0.0161395575851202 0.12200000137090683 173 139 115
0.000864094530697912 0.01642642915248871 0.12200000137090683 199 163 140
0.0005772244767285883 0.016713298857212067 0.12200000137090683 213 182 153
0.0002879744570236653 0.016860822215676308 0.12099999934434891 215 192 162
3.455762680459884e-06 0.016860822215676308 0.12099999934434891 219 196 166
-0.00028106290847063065 0.016576305031776428 0.12099999934434891 178 154 131
-0.0005655816057696939 0.016576305031776428 0.12099999934434891 172 148 125
-0.0008501003030687571 0.016576305031776428 0.12099999934434891 173 151 123
-0.0011252419790253043 0.01615714281797409 0.11999999731779099 184 157 133
-0.0014074092032387853 0.01587497629225254 0.11999999731779099 171 144 118
-0.001971743768081069 0.01587497629225254 0.11999999731779099 181 154 128
-0.00225391099229455 0.01587497629225254 0.11999999731779099 180 153 127
-0.0025360784493386745 0.01587497629225254 0.11999999731779099 183 156 130
-0.0028182456735521555 0.01587497629225254 0.11999999731779099 183 156 130
-0.003074576146900654 0.01574268378317356 0.11900000274181366 190 158 134
-0.0033543920144438744 0.01574268378317356 0.11900000274181366 185 153 129
-0.003634207881987095 0.01574268378317356 0.11900000274181366 190 158 136
-0.003914023749530315 0.01574268378317356 0.11900000274181366 194 162 140
-0.004193839617073536 0.01602249965071678 0.11900000274181366 213 177 158
-0.004436061717569828 0.015887856483459473 0.11800000071525574 209 173 154
-0.004713526461273432 0.015887856483459473 0.11800000071525574 211 167 151
-0.004990990739315748 0.016165321692824364 0.11800000071525574 213 177 154
-0.005268455483019352 0.016165321692824364 0.11800000071525574 200 154 134
-0.005545919761061668 0.016442786902189255 0.11800000071525574 217 183 159
-0.005872735287994146 0.016582131385803223 0.11900000274181366 195 159 138
-0.006152551155537367 0.016582131385803223 0.11900000274181366 181 145 124
-0.006432367023080587 0.016861947253346443 0.11900000274181366 195 168 146
-0.006712182890623808 0.016861947253346443 0.11900000274181366 212 185 163
-0.006991998758167028 0.016861947253346443 0.11900000274181366 206 184 158
-0.007271814625710249 0.016861947253346443 0.11900000274181366 204 182 156
-0.0075516304932534695 0.016861947253346443 0.11900000274181366 214 193 160
-0.007831445895135403 0.016861947253346443 0.11900000274181366 222 201 168
-0.008111262694001198 0.016861947253346443 0.11900000274181366 218 198 162
-0.008391078561544418 0.016861947253346443 0.11900000274181366 225 205 169
-0.008670894429087639 0.016861947253346443 0.11900000274181366 219 203 171
-0.00895071029663086 0.016861947253346443 0.11900000274181366 237 221 189
-0.009152958169579506 0.016720250248908997 0.11800000071525574 225 213 184
-0.009430422447621822 0.016720250248908997 0.11800000071525574 225 213 184
-0.009707887656986713 0.016720250248908997 0.11800000071525574 227 217 187
-0.00998535193502903 0.016720250248908997 0.11800000071525574 215 205 175
-0.010262816213071346 0.016720250248908997 0.11800000071525574 215 203 174
-0.010540280491113663 0.016720250248908997 0.11800000071525574 220 208 179
-0.010817745700478554 0.016720250248908997 0.11800000071525574 227 220 189
-0.01109520997852087 0.016720250248908997 0.11800000071525574 237 230 199
-0.011372674256563187 0.016442786902189255 0.11800000071525574 234 219 191
-0.011650138534605503 0.016442786902189255 0.11800000071525574 255 246 218
-0.011927603743970394 0.016165321692824364 0.11800000071525574 236 215 182
-0.01220506802201271 0.016165321692824364 0.11800000071525574 249 228 195
-0.013314926065504551 0.015887856483459473 0.11800000071525574 247 219 191
-0.013592390343546867 0.015887856483459473 0.11800000071525574 253 234 209
-0.013869854621589184 0.015887856483459473 0.11800000071525574 255 237 212
-0.014027426950633526 0.015753213316202164 0.11699999868869781 253 245 221
-0.014302539639174938 0.015478100627660751 0.11699999868869781 233 204 179
-0.014577653259038925 0.015478100627660751 0.11699999868869781 240 216 191
-0.014852765947580338 0.015478100627660751 0.11699999868869781 245 221 196
-0.015127879567444324 0.015478100627660751 0.11699999868869781 243 219 194
-0.015402992255985737 0.015478100627660751 0.11699999868869781 233 209 184
-0.015678105875849724 0.015478100627660751 0.11699999868869781 237 218 191
-0.015953218564391136 0.015478100627660751 0.11699999868869781 242 223 196
-0.01622833125293255 0.015478100627660751 0.11699999868869781 249 241 215
-0.01650344394147396 0.015202987939119339 0.11699999868869781 255 237 208
-0.016778558492660522 0.014927875250577927 0.11699999868869781 252 233 208
-0.017053671181201935 0.014927875250577927 0.11699999868869781 255 244 219
-0.017328783869743347 0.01465276163071394 0.11699999868869781 243 221 197
-0.01760389655828476 0.01465276163071394 0.11699999868869781 255 240 216
-0.01803182251751423 0.014777999371290207 0.11800000071525574 255 249 230
-0.01830928772687912 0.014500534161925316 0.11800000071525574 254 225 202
-0.01858675107359886 0.014500534161925316 0.11800000071525574 255 243 224
-0.018864216282963753 0.014500534161925316 0.11800000071525574 255 250 231
-0.01930389739573002 0.014343604445457458 0.11900000274181366 239 216 197
-0.01958371326327324 0.014343604445457458 0.11900000274181366 255 235 216
-0.01986352913081646 0.014343604445457458 0.11900000274181366 255 236 216
-0.02014334499835968 0.014343604445457458 0.11900000274181366 255 236 216
-0.0204231608659029 0.014343604445457458 0.11900000274181366 251 226 206
-0.02070297673344612 0.014343604445457458 0.11900000274181366 238 213 193
-0.020982792600989342 0.014343604445457458 0.11900000274181366 223 194 169
-0.021262608468532562 0.014343604445457458 0.11900000274181366 215 186 161
-0.021542424336075783 0.014343604445457458 0.11900000274181366 221 197 170
-0.021822240203619003 0.014343604445457458 0.11900000274181366 231 207 180
-0.022102056071162224 0.014343604445457458 0.11900000274181366 247 238 217
-0.02256995625793934 0.014181971549987793 0.11999999731779099 242 215 191
-0.02285212278366089 0.013899804092943668 0.11999999731779099 244 217 195
-0.023134291172027588 0.013899804092943668 0.11999999731779099 251 224 202
-0.023416457697749138 0.013617637567222118 0.11999999731779099 238 213 193
-0.023698624223470688 0.013617637567222118 0.11999999731779099 231 206 186
-0.023980792611837387 0.013617637567222118 0.11999999731779099 244 226 206
-0.024262959137558937 0.013617637567222118 0.11999999731779099 255 240 220
-0.024545127525925636 0.013617637567222118 0.11999999731779099 255 237 215
-0.024827294051647186 0.013617637567222118 0.11999999731779099 254 236 214
