0.05309585854411125 0.022668765857815742 0.21299999952316284 234 155 158
0.053596705198287964 0.022668765857815742 0.21299999952316284 242 163 166
0.05234802886843681 0.02284327894449234 0.20999999344348907 222 143 150
0.05284182354807854 0.02284327894449234 0.20999999344348907 231 152 159
0.05333561450242996 0.02284327894449234 0.20999999344348907 216 139 141
0.05408573895692825 0.022952057421207428 0.210999995470047 201 124 126
0.05607031285762787 0.022952057421207428 0.210999995470047 255 182 177
0.05656645819544792 0.022952057421207428 0.210999995470047 255 180 185
0.05087129771709442 0.02311481349170208 0.20800000429153442 252 174 174
0.05160731077194214 0.023225942626595497 0.20900000631809235 254 176 176
0.05209875479340553 0.023225942626595497 0.20900000631809235 236 158 167
0.05259019508957863 0.023225942626595497 0.20900000631809235 203 125 134
0.053081635385751724 0.023225942626595497 0.20900000631809235 190 113 115
0.05357307568192482 0.023225942626595497 0.20900000631809235 193 116 118
0.055047400295734406 0.023225942626595497 0.20900000631809235 255 186 187
0.0555388443171978 0.023225942626595497 0.20900000631809235 255 192 193
0.056030284613370895 0.023225942626595497 0.20900000631809235 255 186 196
0.056792162358760834 0.023337071761488914 0.20999999344348907 255 181 191
0.049173504114151 0.023263463750481606 0.20499999821186066 255 186 182
0.04965554177761078 0.023263463750481606 0.20499999821186066 249 176 172
0.05013757571578026 0.023263463750481606 0.20499999821186066 255 177 187
0.05576219782233238 0.023603904992341995 0.20800000429153442 237 162 170
0.05625128746032715 0.023603904992341995 0.20800000429153442 255 183 191
0.05701316520571709 0.023717384785413742 0.20900000631809235 245 169 182
0.05777974799275398 0.02383086457848549 0.20999999344348907 244 168 181
0.00624172342941165 0.02362966723740101 0.20399999618530273 255 228 176
0.009119829162955284 0.02362966723740101 0.20399999618530273 255 212 176
0.010070078074932098 0.024787984788417816 0.21400000154972076 255 217 189
0.010721500031650066 0.025135479867458344 0.21699999272823334 255 223 195
0.011852863244712353 0.026525460183620453 0.2290000021457672 255 231 210
0.012391332536935806 0.026525460183620453 0.2290000021457672 255 240 219
0.013155650347471237 0.026988787576556206 0.2329999953508377 255 240 230
0.013938778080046177 0.02745211310684681 0.2370000034570694 255 235 225
0.014618388377130032 0.02768377773463726 0.23899999260902405 255 215 205
0.046093035489320755 0.023166339844465256 0.20000000298023224 215 142 143
0.04679613187909126 0.02328217215836048 0.20100000500679016 255 182 183
0.047268759459257126 0.02328217215836048 0.20100000500679016 255 188 189
0.04774139076471329 0.02328217215836048 0.20100000500679016 255 189 190
0.04845389351248741 0.023398004472255707 0.20200000703334808 248 181 180
0.0489288754761219 0.023398004472255707 0.20200000703334808 236 169 168
0.049648430198431015 0.023513834923505783 0.2029999941587448 234 157 163
0.050125762820243835 0.023513834923505783 0.2029999941587448 230 153 159
0.05425724759697914 0.02386133000254631 0.20600000023841858 232 155 159
0.05474163591861725 0.02386133000254631 0.20600000023841858 235 158 162
0.05549410730600357 0.023977162316441536 0.2070000022649765 229 156 161
0.05598084628582001 0.023977162316441536 0.2070000022649765 244 171 176
0.056467585265636444 0.023977162316441536 0.2070000022649765 235 164 173
0.05750460922718048 0.024208825081586838 0.20900000631809235 246 175 184
0.0061193364672362804 0.02363661862909794 0.20000000298023224 255 249 190
0.006589615251868963 0.02363661862909794 0.20000000298023224 255 250 202
0.007059894036501646 0.02363661862909794 0.20000000298023224 255 244 196
0.0076807765290141106 0.024109352380037308 0.20399999618530273 243 202 167
0.008160460740327835 0.024109352380037308 0.20399999618530273 255 220 185
0.008428377099335194 0.023518435657024384 0.19900000095367432 242 200 168
0.008896304294466972 0.023518435657024384 0.19900000095367432 255 214 182
0.014000809751451015 0.02198205702006817 0.1860000044107437 255 223 227
0.014438169077038765 0.02198205702006817 0.1860000044107437 255 228 232
0.037011466920375824 0.021627506241202354 0.18299999833106995 203 140 144
0.03744177147746086 0.021627506241202354 0.18299999833106995 186 123 127
0.044710300862789154 0.02316388674080372 0.19599999487400055 255 202 197
0.045401640236377716 0.023282069712877274 0.19699999690055847 255 210 212
0.04586486518383026 0.023282069712877274 0.19699999690055847 255 192 194
0.046328090131282806 0.023282069712877274 0.19699999690055847 255 196 196
0.047028832137584686 0.02340025268495083 0.1979999989271164 252 187 187
0.047734279185533524 0.023518435657024384 0.19900000095367432 255 197 197
0.048202209174633026 0.023518435657024384 0.19900000095367432 255 194 194
0.04891470819711685 0.02363661862909794 0.20000000298023224 243 165 165
0.049631912261247635 0.023754803463816643 0.20100000500679016 219 141 141
0.05277111008763313 0.024109352380037308 0.20399999618530273 221 142 149
0.05325079336762428 0.024109352380037308 0.20399999618530273 231 152 159
0.05399386212229729 0.024227535352110863 0.20499999821186066 250 173 179
0.054475899785757065 0.024227535352110863 0.20499999821186066 255 187 193
0.054957933723926544 0.024227535352110863 0.20499999821186066 255 186 191
0.055710408836603165 0.024345718324184418 0.20600000023841858 247 173 178
0.05619479715824127 0.024345718324184418 0.20600000023841858 235 164 171
0.05695432424545288 0.024463901296257973 0.2070000022649765 245 174 181
0.05799604952335358 0.024700267240405083 0.20900000631809235 248 173 183
0.05876733362674713 0.024818450212478638 0.20999999344348907 224 149 159
0.005564321763813496 0.02374529466032982 0.19699999690055847 255 244 179
0.006027546711266041 0.02374529466032982 0.19699999690055847 255 250 185
0.006523719057440758 0.023865830153226852 0.1979999989271164 255 253 205
0.00698929512873292 0.023865830153226852 0.1979999989271164 255 248 200
0.007417220156639814 0.02374529466032982 0.19699999690055847 234 206 176
0.007880444638431072 0.02374529466032982 0.19699999690055847 240 212 182
0.008216608315706253 0.023383691906929016 0.1940000057220459 245 214 187
0.008628074079751968 0.023263156414031982 0.19300000369548798 255 226 199
0.008987780660390854 0.023022087290883064 0.19099999964237213 255 251 234
0.009387488476932049 0.02290155366063118 0.1899999976158142 255 252 235
0.00978249404579401 0.022781018167734146 0.1889999955892563 255 255 243
0.010172797366976738 0.02266048453748226 0.18799999356269836 255 255 243
0.010614858940243721 0.02266048453748226 0.18799999356269836 255 255 247
0.010998107492923737 0.022539949044585228 0.18700000643730164 255 255 247
0.01143781840801239 0.022539949044585228 0.18700000643730164 255 255 243
0.011877529323101044 0.022539949044585228 0.18700000643730164 255 255 243
0.01319666113704443 0.022539949044585228 0.18700000643730164 204 174 167
0.013563450425863266 0.022419415414333344 0.1860000044107437 255 235 228
0.014000809751451015 0.022419415414333344 0.1860000044107437 255 248 245
0.014438169077038765 0.022419415414333344 0.1860000044107437 255 248 245
0.014875528402626514 0.022419415414333344 0.1860000044107437 255 251 243
0.01523055974394083 0.02229888178408146 0.1850000023841858 255 251 243
0.01566556841135025 0.02229888178408146 0.1850000023841858 255 251 233
0.016100576147437096 0.02229888178408146 0.1850000023841858 255 253 235
0.016787126660346985 0.02205781266093254 0.18299999833106995 255 240 218
0.029106050729751587 0.021937277168035507 0.18199999630451202 245 190 185
0.029534004628658295 0.021937277168035507 0.18199999630451202 255 213 208
0.030126584693789482 0.02205781266093254 0.18299999833106995 255 226 218
0.03055688925087452 0.02205781266093254 0.18299999833106995 255 232 224
0.030987193807959557 0.02205781266093254 0.18299999833106995 255 235 220
0.03141750022768974 0.02205781266093254 0.18299999833106995 255 235 220
0.03184780478477478 0.02205781266093254 0.18299999833106995 255 232 222
0.03227810934185982 0.02205781266093254 0.18299999833106995 255 228 218
0.032708413898944855 0.02205781266093254 0.18299999833106995 255 196 189
0.03313871845602989 0.02205781266093254 0.18299999833106995 172 108 101
0.03615085408091545 0.02205781266093254 0.18299999833106995 255 216 205
0.03658116236329079 0.02205781266093254 0.18299999833106995 255 238 227
0.037011466920375824 0.02205781266093254 0.18299999833106995 255 249 241
0.03744177147746086 0.02205781266093254 0.18299999833106995 255 249 241
0.0378720760345459 0.02205781266093254 0.18299999833106995 255 234 230
0.03851168230175972 0.022178346291184425 0.18400000035762787 226 180 176
0.04379790276288986 0.023383691906929016 0.1940000057220459 255 202 192
0.044710300862789154 0.023624761030077934 0.19599999487400055 255 211 201
0.04494071006774902 0.0235042255371809 0.19499999284744263 255 207 207
0.04539922997355461 0.0235042255371809 0.19499999284744263 255 199 199
0.0458577536046505 0.0235042255371809 0.19499999284744263 255 193 192
0.046316273510456085 0.0235042255371809 0.19499999284744263 243 181 180
0.047014668583869934 0.023624761030077934 0.19599999487400055 242 178 173
0.04771776124835014 0.02374529466032982 0.19699999690055847 250 186 181
0.04842556267976761 0.023865830153226852 0.1979999989271164 246 177 172
0.049138061702251434 0.023986363783478737 0.19900000095367432 229 160 155
0.04985526576638222 0.02410689741373062 0.20000000298023224 212 139 137
0.05057717114686966 0.024227432906627655 0.20100000500679016 213 140 138
0.05104980245232582 0.024227432906627655 0.20100000500679016 227 159 165
0.05177876353263855 0.02434796653687954 0.20200000703334808 255 189 195
0.05225374549627304 0.02434796653687954 0.20200000703334808 255 191 202
0.05298975855112076 0.024468502029776573 0.2029999941587448 246 182 193
0.05346709117293358 0.024468502029776573 0.2029999941587448 241 166 181
0.05421016365289688 0.024589035660028458 0.20399999618530273 243 168 183
0.05468984693288803 0.024589035660028458 0.20399999618530273 255 180 191
0.05543997138738632 0.02470957115292549 0.20499999821186066 255 180 191
0.0559220053255558 0.02470957115292549 0.20499999821186066 225 150 163
0.05667918175458908 0.024830104783177376 0.20600000023841858 233 158 171
0.05744106322526932 0.02495064027607441 0.2070000022649765 239 164 172
0.05848748981952667 0.025191709399223328 0.20900000631809235 233 158 166
0.0059969499707221985 0.024085633456707 0.19599999487400055 255 253 185
0.006457822863012552 0.024085633456707 0.19599999487400055 255 255 209
0.00688339676707983 0.023962747305631638 0.19499999284744263 255 255 210
0.007341918535530567 0.023962747305631638 0.19499999284744263 255 248 218
0.00776043813675642 0.023839861154556274 0.1940000057220459 222 212 182
0.00817425549030304 0.02371697500348091 0.19300000369548798 232 221 198
0.008583368733525276 0.023594090715050697 0.19200000166893005 255 249 226
0.008987780660390854 0.023471204563975334 0.19099999964237213 255 254 245
0.009338080883026123 0.023225432261824608 0.1889999955892563 255 254 245
0.00978249404579401 0.023225432261824608 0.1889999955892563 254 255 249
0.010172797366976738 0.023102546110749245 0.18799999356269836 254 255 249
0.010614858940243721 0.023102546110749245 0.18799999356269836 254 255 249
0.010998107492923737 0.02297965995967388 0.18700000643730164 254 255 249
0.01143781840801239 0.02297965995967388 0.18700000643730164 254 255 249
0.011877529323101044 0.02297965995967388 0.18700000643730164 254 255 249
0.012317240238189697 0.02297965995967388 0.18700000643730164 255 255 249
0.01275695115327835 0.02297965995967388 0.18700000643730164 255 255 249
0.01319666113704443 0.02297965995967388 0.18700000643730164 255 251 244
0.013636372052133083 0.02297965995967388 0.18700000643730164 255 253 246
0.014000809751451015 0.02285677380859852 0.1860000044107437 255 254 249
0.014438169077038765 0.02285677380859852 0.1860000044107437 255 254 249
0.014875528402626514 0.02285677380859852 0.1860000044107437 255 255 247
0.01523055974394083 0.022733889520168304 0.1850000023841858 255 255 247
0.01566556841135025 0.022733889520168304 0.1850000023841858 255 255 247
0.01601354591548443 0.02261100336909294 0.18400000035762787 255 255 247
0.016446202993392944 0.02261100336909294 0.18400000035762787 255 254 243
0.016787126660346985 0.022488117218017578 0.18299999833106995 255 254 243
0.017217431217432022 0.022488117218017578 0.18299999833106995 255 248 231
0.01840720698237419 0.022365231066942215 0.18199999630451202 255 244 218
0.0188351608812809 0.022365231066942215 0.18199999630451202 255 248 217
0.019263114780187607 0.022365231066942215 0.18199999630451202 255 249 218
0.019582876935601234 0.022242344915866852 0.1809999942779541 255 249 218
0.020008478313684464 0.022242344915866852 0.1809999942779541 255 248 217
0.020434081554412842 0.022242344915866852 0.1809999942779541 255 247 216
0.02085968293249607 0.022242344915866852 0.1809999942779541 255 245 214
0.02128528617322445 0.022242344915866852 0.1809999942779541 255 241 213
0.021710887551307678 0.022242344915866852 0.1809999942779541 255 232 204
0.02455369383096695 0.02211945876479149 0.18000000715255737 160 100 89
0.024976946413517 0.02211945876479149 0.18000000715255737 161 101 90
0.025400197133421898 0.02211945876479149 0.18000000715255737 167 96 103
0.025823447853326797 0.02211945876479149 0.18000000715255737 167 96 103
0.02867809683084488 0.022365231066942215 0.18199999630451202 255 234 222
0.029106050729751587 0.022365231066942215 0.18199999630451202 255 251 235
0.029534004628658295 0.022365231066942215 0.18199999630451202 255 251 235
0.029961958527565002 0.022365231066942215 0.18199999630451202 255 253 241
0.03055688925087452 0.022488117218017578 0.18299999833106995 255 253 241
0.030987193807959557 0.022488117218017578 0.18299999833106995 255 253 241
0.03141750022768974 0.022488117218017578 0.18299999833106995 255 251 239
0.03184780478477478 0.022488117218017578 0.18299999833106995 255 252 243
0.03227810934185982 0.022488117218017578 0.18299999833106995 255 252 243
0.032708413898944855 0.022488117218017578 0.18299999833106995 255 246 234
0.03313871845602989 0.022488117218017578 0.18299999833106995 254 225 213
0.03529024496674538 0.022488117218017578 0.18299999833106995 240 187 181
0.035720549523830414 0.022488117218017578 0.18299999833106995 255 231 225
0.03615085408091545 0.022488117218017578 0.18299999833106995 255 251 241
0.03658116236329079 0.022488117218017578 0.18299999833106995 255 251 241
0.037011466920375824 0.022488117218017578 0.18299999833106995 255 254 245
0.03744177147746086 0.022488117218017578 0.18299999833106995 255 254 245
0.0378720760345459 0.022488117218017578 0.18299999833106995 255 249 245
0.03851168230175972 0.02261100336909294 0.18400000035762787 255 242 238
0.038944341242313385 0.02261100336909294 0.18400000035762787 247 179 185
0.03959100320935249 0.022733889520168304 0.1850000023841858 127 59 65
0.04266909137368202 0.023225432261824608 0.1889999955892563 255 212 196
0.04334161803126335 0.02334831841289997 0.1899999976158142 255 210 194
0.04401884973049164 0.023471204563975334 0.19099999964237213 239 193 189
0.04539922997355461 0.023962747305631638 0.19499999284744263 226 180 176
0.04538741707801819 0.02371697500348091 0.19300000369548798 233 173 173
0.04584123566746712 0.02371697500348091 0.19300000369548798 231 171 171
0.04653492569923401 0.023839861154556274 0.1940000057220459 240 183 174
0.04723331704735756 0.023962747305631638 0.19499999284744263 255 201 192
0.04793641343712807 0.024085633456707 0.19599999487400055 255 205 195
0.048644211143255234 0.024208519607782364 0.19699999690055847 249 195 185
0.04935671389102936 0.024331405758857727 0.1979999989271164 255 205 203
0.05007391795516014 0.02445429190993309 0.19900000095367432 255 218 216
0.05079582333564758 0.024577176198363304 0.20000000298023224 255 220 227
0.051266103982925415 0.024577176198363304 0.20000000298023224 255 234 241
0.051995061337947845 0.024700062349438667 0.20100000500679016 255 230 237
0.05272872745990753 0.02482294850051403 0.20200000703334808 255 224 231
0.05320370942354202 0.02482294850051403 0.20200000703334808 255 190 206
0.0539444275200367 0.024945834651589394 0.2029999941587448 232 167 183
0.05442176014184952 0.024945834651589394 0.2029999941587448 251 172 190
0.05516953021287918 0.025068720802664757 0.20399999618530273 255 181 199
0.05564921349287033 0.025068720802664757 0.20399999618530273 244 165 181
0.05640404298901558 0.02519160695374012 0.20499999821186066 218 139 155
0.005507831461727619 0.024421269074082375 0.19499999284744263 255 252 185
0.005966353230178356 0.024421269074082375 0.19499999284744263 255 252 185
0.006424874998629093 0.024421269074082375 0.19499999284744263 255 255 213
0.006848097313195467 0.024296032264828682 0.1940000057220459 255 255 214
0.00726661691442132 0.02417079545557499 0.19300000369548798 255 255 233
0.007680433802306652 0.024045556783676147 0.19200000166893005 249 247 224
0.008089547976851463 0.023920319974422455 0.19099999964237213 244 241 227
0.008538664318621159 0.023920319974422455 0.19099999964237213 255 254 240
0.008940723724663258 0.023795083165168762 0.1899999976158142 255 255 247
0.009338080883026123 0.02366984635591507 0.1889999955892563 255 255 247
0.00978249404579401 0.02366984635591507 0.1889999955892563 254 255 249
0.010172797366976738 0.023544607684016228 0.18799999356269836 254 255 249
0.010614858940243721 0.023544607684016228 0.18799999356269836 254 255 251
0.010998107492923737 0.023419370874762535 0.18700000643730164 254 255 251
0.01143781840801239 0.023419370874762535 0.18700000643730164 254 255 251
0.011877529323101044 0.023419370874762535 0.18700000643730164 254 255 251
0.012317240238189697 0.023419370874762535 0.18700000643730164 254 255 249
0.01275695115327835 0.023419370874762535 0.18700000643730164 253 254 248
0.01319666113704443 0.023419370874762535 0.18700000643730164 253 254 248
0.013636372052133083 0.023419370874762535 0.18700000643730164 254 255 249
0.014000809751451015 0.023294134065508842 0.1860000044107437 254 255 251
0.014438169077038765 0.023294134065508842 0.1860000044107437 254 255 251
0.014875528402626514 0.023294134065508842 0.1860000044107437 255 255 251
0.01523055974394083 0.02316889725625515 0.1850000023841858 255 255 251
0.01566556841135025 0.02316889725625515 0.1850000023841858 255 255 251
0.01601354591548443 0.023043658584356308 0.18400000035762787 255 255 251
0.016446202993392944 0.023043658584356308 0.18400000035762787 255 255 249
0.016787126660346985 0.022918421775102615 0.18299999833106995 255 255 249
0.017217431217432022 0.022918421775102615 0.18299999833106995 255 255 245
0.01764773577451706 0.022918421775102615 0.18299999833106995 255 255 245
0.017979254946112633 0.022793184965848923 0.18199999630451202 255 255 239
0.01840720698237419 0.022793184965848923 0.18199999630451202 255 255 239
0.0188351608812809 0.022793184965848923 0.18199999630451202 255 255 237
0.019263114780187607 0.022793184965848923 0.18199999630451202 255 255 237
0.019582876935601234 0.02266794815659523 0.1809999942779541 255 255 237
0.020008478313684464 0.02266794815659523 0.1809999942779541 255 255 237
0.020434081554412842 0.02266794815659523 0.1809999942779541 255 255 237
0.02085968293249607 0.02266794815659523 0.1809999942779541 255 255 237
0.02128528617322445 0.02266794815659523 0.1809999942779541 255 255 235
0.021710887551307678 0.02266794815659523 0.1809999942779541 255 255 235
0.022014189511537552 0.022542709484696388 0.18000000715255737 255 241 220
0.02243744023144245 0.022542709484696388 0.18000000715255737 205 164 143
0.02286069095134735 0.022542709484696388 0.18000000715255737 209 152 131
0.02328394167125225 0.022542709484696388 0.18000000715255737 255 217 196
0.02370719239115715 0.022542709484696388 0.18000000715255737 255 239 213
0.02413044311106205 0.022542709484696388 0.18000000715255737 255 247 221
0.02455369383096695 0.022542709484696388 0.18000000715255737 255 251 233
0.024976946413517 0.022542709484696388 0.18000000715255737 255 251 233
0.025400197133421898 0.022542709484696388 0.18000000715255737 255 250 239
0.025823447853326797 0.022542709484696388 0.18000000715255737 255 250 239
0.026392513886094093 0.02266794815659523 0.1809999942779541 255 248 236
0.026818115264177322 0.02266794815659523 0.1809999942779541 255 244 232
0.0272437185049057 0.02266794815659523 0.1809999942779541 255 223 204
0.02766931988298893 0.02266794815659523 0.1809999942779541 238 202 183
0.02825014293193817 0.022793184965848923 0.18199999630451202 255 249 227
0.02867809683084488 0.022793184965848923 0.18199999630451202 255 251 229
0.029106050729751587 0.022793184965848923 0.18199999630451202 255 255 241
0.029534004628658295 0.022793184965848923 0.18199999630451202 255 255 241
0.029961958527565002 0.022793184965848923 0.18199999630451202 255 255 247
0.03038991242647171 0.022793184965848923 0.18199999630451202 255 255 247
0.030987193807959557 0.022918421775102615 0.18299999833106995 255 255 247
0.03141750022768974 0.022918421775102615 0.18299999833106995 255 255 247
0.03184780478477478 0.022918421775102615 0.18299999833106995 255 254 249
0.03227810934185982 0.022918421775102615 0.18299999833106995 255 254 249
0.032708413898944855 0.022918421775102615 0.18299999833106995 255 254 237
0.03295763581991196 0.022793184965848923 0.18199999630451202 255 252 235
0.033385589718818665 0.022793184965848923 0.18199999630451202 229 190 168
0.033813539892435074 0.022793184965848923 0.18199999630451202 141 102 80
0.03424149379134178 0.022793184965848923 0.18199999630451202 218 165 148
0.03466944769024849 0.022793184965848923 0.18199999630451202 255 214 197
0.0350974015891552 0.022793184965848923 0.18199999630451202 255 249 238
0.035525355488061905 0.022793184965848923 0.18199999630451202 255 250 239
0.03595330938696861 0.022793184965848923 0.18199999630451202 255 255 245
0.03658116236329079 0.022918421775102615 0.18299999833106995 255 255 245
0.037011466920375824 0.022918421775102615 0.18299999833106995 255 255 249
0.03744177147746086 0.022918421775102615 0.18299999833106995 255 255 249
0.0378720760345459 0.022918421775102615 0.18299999833106995 255 254 245
0.03851168230175972 0.023043658584356308 0.18400000035762787 255 254 245
0.038944341242313385 0.023043658584356308 0.18400000035762787 255 235 228
0.03959100320935249 0.02316889725625515 0.1850000023841858 218 180 173
0.04002600908279419 0.02316889725625515 0.1850000023841858 216 157 139
0.040679726749658585 0.023294134065508842 0.1860000044107437 255 205 187
0.04133814573287964 0.023419370874762535 0.18700000643730164 254 211 186
0.04177785664796829 0.023419370874762535 0.18700000643730164 255 240 215
0.042443327605724335 0.023544607684016228 0.18799999356269836 255 250 233
0.043113503605127335 0.02366984635591507 0.1889999955892563 255 250 233
0.043557919561862946 0.02366984635591507 0.1889999955892563 255 248 240
0.04446796700358391 0.023920319974422455 0.19099999964237213 254 232 224
0.04491708055138588 0.023920319974422455 0.19099999964237213 244 198 194
0.04536619782447815 0.023920319974422455 0.19099999964237213 229 183 179
0.04605518653988838 0.024045556783676147 0.19200000166893005 255 216 210
0.046748872846364975 0.02417079545557499 0.19300000369548798 255 222 216
0.047447267919778824 0.024296032264828682 0.1940000057220459 255 221 214
0.04815036430954933 0.024421269074082375 0.19499999284744263 255 216 209
0.0488581620156765 0.024546505883336067 0.19599999487400055 244 192 197
0.049570661038160324 0.02467174455523491 0.19699999690055847 255 208 213
0.05028786510229111 0.0247969813644886 0.1979999989271164 255 238 246
0.05100977048277855 0.024922218173742294 0.19900000095367432 255 238 246
0.05173638090491295 0.025047456845641136 0.20000000298023224 255 240 246
0.05220666155219078 0.025047456845641136 0.20000000298023224 254 220 226
0.05294032394886017 0.02517269365489483 0.20100000500679016 255 217 236
0.053678691387176514 0.02529793046414852 0.20200000703334808 230 173 192
0.054153669625520706 0.02529793046414852 0.20200000703334808 235 158 178
0.05489909276366234 0.025423167273402214 0.2029999941587448 245 168 188
0.005507831461727619 0.02487979084253311 0.19499999284744263 255 255 190
0.005966353230178356 0.02487979084253311 0.19499999284744263 255 254 187
0.006391926668584347 0.02475220337510109 0.1940000057220459 255 255 217
0.006812797859311104 0.024624614045023918 0.19300000369548798 255 255 219
0.00726661691442132 0.024624614045023918 0.19300000369548798 255 255 237
0.007640431635081768 0.024369437247514725 0.19099999964237213 255 255 237
0.008089547976851463 0.024369437247514725 0.19099999964237213 253 255 244
0.008493958972394466 0.024241847917437553 0.1899999976158142 254 255 245
0.008893667720258236 0.024114258587360382 0.1889999955892563 254 255 249
0.009338080883026123 0.024114258587360382 0.1889999955892563 254 255 249
0.00973073486238718 0.02398667111992836 0.18799999356269836 254 255 249
0.010172797366976738 0.02398667111992836 0.18799999356269836 254 255 249
0.010614858940243721 0.02398667111992836 0.18799999356269836 254 255 249
0.010998107492923737 0.02385908178985119 0.18700000643730164 254 255 249
0.01143781840801239 0.02385908178985119 0.18700000643730164 254 255 249
0.011877529323101044 0.02385908178985119 0.18700000643730164 254 255 249
0.012317240238189697 0.02385908178985119 0.18700000643730164 254 255 249
0.01275695115327835 0.02385908178985119 0.18700000643730164 254 255 249
0.01319666113704443 0.02385908178985119 0.18700000643730164 254 255 249
0.013636372052133083 0.02385908178985119 0.18700000643730164 254 255 249
0.014076082967221737 0.02385908178985119 0.18700000643730164 254 255 249
0.014438169077038765 0.023731492459774017 0.1860000044107437 254 255 249
0.014875528402626514 0.023731492459774017 0.1860000044107437 254 255 249
0.01523055974394083 0.023603904992341995 0.1850000023841858 254 255 249
0.01566556841135025 0.023603904992341995 0.1850000023841858 254 255 249
0.01601354591548443 0.023476315662264824 0.18400000035762787 254 255 249
0.016446202993392944 0.023476315662264824 0.18400000035762787 254 255 249
0.016787126660346985 0.023348728194832802 0.18299999833106995 254 255 249
0.017217431217432022 0.023348728194832802 0.18299999833106995 254 255 249
0.01764773577451706 0.023348728194832802 0.18299999833106995 254 255 249
0.017979254946112633 0.02322113886475563 0.18199999630451202 254 255 249
0.01840720698237419 0.02322113886475563 0.18199999630451202 254 255 249
0.0188351608812809 0.02322113886475563 0.18199999630451202 254 255 247
0.019263114780187607 0.02322113886475563 0.18199999630451202 254 255 247
0.019582876935601234 0.02309354953467846 0.1809999942779541 254 255 247
0.020008478313684464 0.02309354953467846 0.1809999942779541 254 255 247
0.020434081554412842 0.02309354953467846 0.1809999942779541 254 255 247
0.02085968293249607 0.02309354953467846 0.1809999942779541 254 255 247
0.02128528617322445 0.02309354953467846 0.1809999942779541 254 255 245
0.021710887551307678 0.02309354953467846 0.1809999942779541 254 255 245
0.022014189511537552 0.022965962067246437 0.18000000715255737 255 252 233
0.02243744023144245 0.022965962067246437 0.18000000715255737 227 213 194
0.02286069095134735 0.022965962067246437 0.18000000715255737 255 245 220
0.02328394167125225 0.022965962067246437 0.18000000715255737 255 252 227
0.02370719239115715 0.022965962067246437 0.18000000715255737 255 255 230
0.02413044311106205 0.022965962067246437 0.18000000715255737 255 254 229
0.02455369383096695 0.022965962067246437 0.18000000715255737 255 255 236
0.024976946413517 0.022965962067246437 0.18000000715255737 255 255 236
0.025400197133421898 0.022965962067246437 0.18000000715255737 255 255 239
0.025823447853326797 0.022965962067246437 0.18000000715255737 255 255 239
0.026392513886094093 0.02309354953467846 0.1809999942779541 255 254 240
0.026818115264177322 0.02309354953467846 0.1809999942779541 255 254 240
0.0272437185049057 0.02309354953467846 0.1809999942779541 255 255 235
0.02766931988298893 0.02309354953467846 0.1809999942779541 255 255 235
0.028094923123717308 0.02309354953467846 0.1809999942779541 255 255 243
0.02867809683084488 0.02322113886475563 0.18199999630451202 255 255 243
0.029106050729751587 0.02322113886475563 0.18199999630451202 254 255 247
0.029534004628658295 0.02322113886475563 0.18199999630451202 254 255 247
0.029961958527565002 0.02322113886475563 0.18199999630451202 254 255 249
0.03038991242647171 0.02322113886475563 0.18199999630451202 254 255 249
0.030817866325378418 0.02322113886475563 0.18199999630451202 254 255 251
0.031245820224285126 0.02322113886475563 0.18199999630451202 254 255 251
0.03184780478477478 0.023348728194832802 0.18299999833106995 254 255 251
0.03227810934185982 0.023348728194832802 0.18299999833106995 254 255 251
0.03252968192100525 0.02322113886475563 0.18199999630451202 255 255 243
0.03295763581991196 0.02322113886475563 0.18199999630451202 255 255 243
0.033385589718818665 0.02322113886475563 0.18199999630451202 255 243 219
0.033813539892435074 0.02322113886475563 0.18199999630451202 204 191 167
0.03424149379134178 0.02322113886475563 0.18199999630451202 255 242 220
0.03466944769024849 0.02322113886475563 0.18199999630451202 255 251 229
0.0350974015891552 0.02322113886475563 0.18199999630451202 255 255 243
0.035525355488061905 0.02322113886475563 0.18199999630451202 255 255 243
0.03595330938696861 0.02322113886475563 0.18199999630451202 254 255 249
0.03638126328587532 0.02322113886475563 0.18199999630451202 254 255 249
0.037011466920375824 0.023348728194832802 0.18299999833106995 254 255 249
0.03744177147746086 0.023348728194832802 0.18299999833106995 254 255 249
0.0378720760345459 0.023348728194832802 0.18299999833106995 255 255 247
0.03851168230175972 0.023476315662264824 0.18400000035762787 255 255 247
0.038944341242313385 0.023476315662264824 0.18400000035762787 255 248 238
0.03937699645757675 0.023476315662264824 0.18400000035762787 247 227 217
0.04002600908279419 0.023603904992341995 0.1850000023841858 255 226 202
0.040679726749658585 0.023731492459774017 0.1860000044107437 255 223 199
0.04111708700656891 0.023731492459774017 0.1860000044107437 247 228 201
0.04177785664796829 0.02385908178985119 0.18700000643730164 255 250 223
0.042443327605724335 0.02398667111992836 0.18799999356269836 255 254 237
0.043113503605127335 0.024114258587360382 0.1889999955892563 255 254 237
0.043557919561862946 0.024114258587360382 0.1889999955892563 255 253 245
0.04446796700358391 0.024369437247514725 0.19099999964237213 255 253 245
0.04491708055138588 0.024369437247514725 0.19099999964237213 255 239 234
0.04536619782447815 0.024369437247514725 0.19099999964237213 225 195 190
0.04605518653988838 0.024497024714946747 0.19200000166893005 255 238 234
0.046748872846364975 0.024624614045023918 0.19300000369548798 255 242 238
0.047447267919778824 0.02475220337510109 0.1940000057220459 255 243 235
0.04815036430954933 0.02487979084253311 0.19499999284744263 255 234 226
0.04860888421535492 0.02487979084253311 0.19499999284744263 247 202 205
0.049319032579660416 0.025007380172610283 0.19599999487400055 238 193 196
0.05003388598561287 0.025134969502687454 0.19699999690055847 255 223 232
0.05075344070792198 0.025262556970119476 0.1979999989271164 255 240 249
0.05147770047187805 0.025390146300196648 0.19900000095367432 255 240 252
0.051945626735687256 0.025390146300196648 0.19900000095367432 255 223 235
0.052676938474178314 0.02551773563027382 0.20000000298023224 255 222 238
0.05341295525431633 0.02564532309770584 0.20100000500679016 241 194 210
0.05388558283448219 0.02564532309770584 0.20100000500679016 229 153 173
0.0546286515891552 0.025772912427783012 0.20200000703334808 232 156 176
0.005507831461727619 0.02533831261098385 0.19499999284744263 255 255 189
0.005935756489634514 0.025208372622728348 0.1940000057220459 255 255 188
0.006391926668584347 0.025208372622728348 0.1940000057220459 255 255 219
0.006812797859311104 0.025078432634472847 0.19300000369548798 255 255 221
0.007228965871036053 0.024948492646217346 0.19200000166893005 255 255 239
0.007640431635081768 0.024818552657961845 0.19099999964237213 255 255 239
0.008089547976851463 0.024818552657961845 0.19099999964237213 254 255 247
0.008493958972394466 0.024688612669706345 0.1899999976158142 254 255 247
0.008893667720258236 0.024558672681450844 0.1889999955892563 254 255 249
0.009338080883026123 0.024558672681450844 0.1889999955892563 254 255 249
0.00973073486238718 0.024428732693195343 0.18799999356269836 254 255 251
0.010172797366976738 0.024428732693195343 0.18799999356269836 254 255 251
0.010558397509157658 0.024298792704939842 0.18700000643730164 254 255 251
0.010998107492923737 0.024298792704939842 0.18700000643730164 254 255 251
0.01143781840801239 0.024298792704939842 0.18700000643730164 254 255 251
0.011877529323101044 0.024298792704939842 0.18700000643730164 254 255 251
0.012317240238189697 0.024298792704939842 0.18700000643730164 254 255 251
0.01275695115327835 0.024298792704939842 0.18700000643730164 254 255 251
0.01319666113704443 0.024298792704939842 0.18700000643730164 254 255 251
0.013636372052133083 0.024298792704939842 0.18700000643730164 254 255 251
0.014076082967221737 0.024298792704939842 0.18700000643730164 254 255 251
0.014438169077038765 0.02416885271668434 0.1860000044107437 254 255 251
0.014875528402626514 0.02416885271668434 0.1860000044107437 254 255 251
0.01523055974394083 0.02403891272842884 0.1850000023841858 254 255 251
0.01566556841135025 0.02403891272842884 0.1850000023841858 254 255 251
0.01601354591548443 0.02390897274017334 0.18400000035762787 254 255 251
0.016446202993392944 0.02390897274017334 0.18400000035762787 254 255 251
0.016787126660346985 0.02377903275191784 0.18299999833106995 254 255 251
0.017217431217432022 0.02377903275191784 0.18299999833106995 254 255 251
0.01764773577451706 0.02377903275191784 0.18299999833106995 254 255 251
0.017979254946112633 0.023649092763662338 0.18199999630451202 254 255 251
0.01840720698237419 0.023649092763662338 0.18199999630451202 254 255 251
0.0188351608812809 0.023649092763662338 0.18199999630451202 254 255 251
0.019263114780187607 0.023649092763662338 0.18199999630451202 254 255 251
0.019582876935601234 0.023519152775406837 0.1809999942779541 254 255 251
0.020008478313684464 0.023519152775406837 0.1809999942779541 254 255 251
0.020434081554412842 0.023519152775406837 0.1809999942779541 254 255 251
0.02085968293249607 0.023519152775406837 0.1809999942779541 254 255 251
0.02128528617322445 0.023519152775406837 0.1809999942779541 254 255 249
0.021710887551307678 0.023519152775406837 0.1809999942779541 254 255 249
0.022014189511537552 0.023389212787151337 0.18000000715255737 255 255 241
0.02243744023144245 0.023389212787151337 0.18000000715255737 250 252 236
0.02286069095134735 0.023389212787151337 0.18000000715255737 255 255 236
0.02328394167125225 0.023389212787151337 0.18000000715255737 255 255 237
0.02370719239115715 0.023389212787151337 0.18000000715255737 255 255 243
0.02413044311106205 0.023389212787151337 0.18000000715255737 255 255 243
0.02455369383096695 0.023389212787151337 0.18000000715255737 255 255 247
0.024976946413517 0.023389212787151337 0.18000000715255737 255 255 247
0.025400197133421898 0.023389212787151337 0.18000000715255737 255 255 249
0.025823447853326797 0.023389212787151337 0.18000000715255737 255 255 249
0.026246698573231697 0.023389212787151337 0.18000000715255737 255 255 249
0.026818115264177322 0.023519152775406837 0.1809999942779541 255 255 249
0.0272437185049057 0.023519152775406837 0.1809999942779541 255 255 245
0.02766931988298893 0.023519152775406837 0.1809999942779541 255 255 245
0.028094923123717308 0.023519152775406837 0.1809999942779541 255 255 245
0.02867809683084488 0.023649092763662338 0.18199999630451202 255 255 245
0.029106050729751587 0.023649092763662338 0.18199999630451202 254 255 247
0.029534004628658295 0.023649092763662338 0.18199999630451202 254 255 247
0.029961958527565002 0.023649092763662338 0.18199999630451202 254 255 249
0.03038991242647171 0.023649092763662338 0.18199999630451202 254 255 249
0.030817866325378418 0.023649092763662338 0.18199999630451202 254 255 249
0.031245820224285126 0.023649092763662338 0.18199999630451202 254 255 249
0.031673774123191833 0.023649092763662338 0.18199999630451202 254 255 249
0.03210172802209854 0.023649092763662338 0.18199999630451202 254 255 249
0.03252968192100525 0.023649092763662338 0.18199999630451202 254 255 247
0.03295763581991196 0.023649092763662338 0.18199999630451202 254 255 247
0.033385589718818665 0.023649092763662338 0.18199999630451202 255 255 235
0.033813539892435074 0.023649092763662338 0.18199999630451202 255 255 234
0.03424149379134178 0.023649092763662338 0.18199999630451202 255 255 237
0.03466944769024849 0.023649092763662338 0.18199999630451202 255 255 237
0.0350974015891552 0.023649092763662338 0.18199999630451202 254 255 247
0.035525355488061905 0.023649092763662338 0.18199999630451202 254 255 247
0.03595330938696861 0.023649092763662338 0.18199999630451202 254 255 249
0.03638126328587532 0.023649092763662338 0.18199999630451202 254 255 249
0.03680921718478203 0.023649092763662338 0.18199999630451202 254 255 249
0.03744177147746086 0.02377903275191784 0.18299999833106995 254 255 249
0.0378720760345459 0.02377903275191784 0.18299999833106995 255 255 249
0.038302380591630936 0.02377903275191784 0.18299999833106995 255 255 249
0.038944341242313385 0.02390897274017334 0.18400000035762787 255 249 240
0.03937699645757675 0.02390897274017334 0.18400000035762787 239 228 219
0.04002600908279419 0.02403891272842884 0.1850000023841858 255 249 232
0.040461018681526184 0.02403891272842884 0.1850000023841858 255 248 231
0.04111708700656891 0.02416885271668434 0.1860000044107437 255 254 230
0.041554443538188934 0.02416885271668434 0.1860000044107437 255 255 231
0.042217567563056946 0.024298792704939842 0.18700000643730164 255 255 243
0.042885392904281616 0.024428732693195343 0.18799999356269836 255 255 243
0.0433274544775486 0.024428732693195343 0.18799999356269836 255 255 249
0.04400233179330826 0.024558672681450844 0.1889999955892563 255 255 249
0.04444674402475357 0.024558672681450844 0.1889999955892563 255 245 242
0.045128677040338516 0.024688612669706345 0.1899999976158142 229 208 205
0.04557544365525246 0.024688612669706345 0.1899999976158142 247 211 213
0.04626442864537239 0.024818552657961845 0.19099999964237213 255 240 242
0.0472026951611042 0.025078432634472847 0.19300000369548798 255 239 241
0.04790343716740608 0.025208372622728348 0.1940000057220459 251 215 217
0.04860888421535492 0.02533831261098385 0.19499999284744263 243 203 206
0.049319032579660416 0.02546825259923935 0.19599999487400055 245 205 208
0.05003388598561287 0.02559819258749485 0.19699999690055847 242 202 207
0.05075344070792198 0.02572813257575035 0.1979999989271164 255 233 238
0.05147770047187805 0.025858072564005852 0.19900000095367432 255 232 246
0.051945626735687256 0.025858072564005852 0.19900000095367432 255 224 238
0.052676938474178314 0.025988014414906502 0.20000000298023224 255 225 241
0.05341295525431633 0.026117954403162003 0.20100000500679016 255 219 235
0.05388558283448219 0.026117954403162003 0.20100000500679016 240 170 188
0.0546286515891552 0.026247894391417503 0.20200000703334808 219 149 167
0.005479585845023394 0.025664543733000755 0.1940000057220459 255 254 182
0.005935756489634514 0.025664543733000755 0.1940000057220459 255 255 184
0.006358978804200888 0.025532251223921776 0.19300000369548798 255 255 213
0.006812797859311104 0.025532251223921776 0.19300000369548798 255 255 215
0.007228965871036053 0.025399960577487946 0.19200000166893005 255 255 235
0.007640431635081768 0.025267669931054115 0.19099999964237213 255 255 235
0.008047194220125675 0.025135377421975136 0.1899999976158142 254 255 245
0.008493958972394466 0.025135377421975136 0.1899999976158142 254 255 245
0.008893667720258236 0.025003086775541306 0.1889999955892563 254 255 249
0.009288673289120197 0.024870794266462326 0.18799999356269836 254 255 249
0.00973073486238718 0.024870794266462326 0.18799999356269836 254 255 249
0.010172797366976738 0.024870794266462326 0.18799999356269836 254 255 249
0.010558397509157658 0.024738503620028496 0.18700000643730164 254 255 251
0.010998107492923737 0.024738503620028496 0.18700000643730164 254 255 251
0.01143781840801239 0.024738503620028496 0.18700000643730164 254 255 251
0.011877529323101044 0.024738503620028496 0.18700000643730164 254 255 251
0.012317240238189697 0.024738503620028496 0.18700000643730164 254 255 251
0.01275695115327835 0.024738503620028496 0.18700000643730164 254 255 251
0.01319666113704443 0.024738503620028496 0.18700000643730164 254 255 251
0.013636372052133083 0.024738503620028496 0.18700000643730164 254 255 251
0.014076082967221737 0.024738503620028496 0.18700000643730164 254 255 251
0.014438169077038765 0.024606211110949516 0.1860000044107437 254 255 251
0.014875528402626514 0.024606211110949516 0.1860000044107437 254 255 251
0.01523055974394083 0.024473920464515686 0.1850000023841858 254 255 251
0.01566556841135025 0.024473920464515686 0.1850000023841858 254 255 251
0.01601354591548443 0.024341629818081856 0.18400000035762787 254 255 251
0.016446202993392944 0.024341629818081856 0.18400000035762787 254 255 251
0.016787126660346985 0.024209337309002876 0.18299999833106995 254 255 251
0.017217431217432022 0.024209337309002876 0.18299999833106995 254 255 251
0.01764773577451706 0.024209337309002876 0.18299999833106995 254 255 251
0.017979254946112633 0.024077046662569046 0.18199999630451202 254 255 251
0.01840720698237419 0.024077046662569046 0.18199999630451202 254 255 251
0.0188351608812809 0.024077046662569046 0.18199999630451202 254 255 251
0.019263114780187607 0.024077046662569046 0.18199999630451202 254 255 251
0.019582876935601234 0.023944754153490067 0.1809999942779541 254 255 251
0.020008478313684464 0.023944754153490067 0.1809999942779541 254 255 251
0.020434081554412842 0.023944754153490067 0.1809999942779541 254 255 251
0.02085968293249607 0.023944754153490067 0.1809999942779541 254 255 251
0.02128528617322445 0.023944754153490067 0.1809999942779541 254 255 249
0.021710887551307678 0.023944754153490067 0.1809999942779541 254 255 249
0.022014189511537552 0.023812463507056236 0.18000000715255737 254 255 245
0.02243744023144245 0.023812463507056236 0.18000000715255737 250 252 241
0.02286069095134735 0.023812463507056236 0.18000000715255737 253 255 240
0.02328394167125225 0.023812463507056236 0.18000000715255737 254 255 241
0.02370719239115715 0.023812463507056236 0.18000000715255737 254 255 245
0.02413044311106205 0.023812463507056236 0.18000000715255737 254 255 245
0.02455369383096695 0.023812463507056236 0.18000000715255737 254 255 249
0.024976946413517 0.023812463507056236 0.18000000715255737 254 255 249
0.025400197133421898 0.023812463507056236 0.18000000715255737 254 255 249
0.025823447853326797 0.023812463507056236 0.18000000715255737 254 255 249
0.026246698573231697 0.023812463507056236 0.18000000715255737 254 255 247
0.026818115264177322 0.023944754153490067 0.1809999942779541 254 255 247
0.0272437185049057 0.023944754153490067 0.1809999942779541 254 255 245
0.02766931988298893 0.023944754153490067 0.1809999942779541 252 254 243
0.028094923123717308 0.023944754153490067 0.1809999942779541 254 255 243
0.028520524501800537 0.023944754153490067 0.1809999942779541 254 255 243
0.028946127742528915 0.023944754153490067 0.1809999942779541 254 255 245
0.029371729120612144 0.023944754153490067 0.1809999942779541 254 255 245
0.029961958527565002 0.024077046662569046 0.18199999630451202 254 255 249
0.03038991242647171 0.024077046662569046 0.18199999630451202 254 255 249
0.030817866325378418 0.024077046662569046 0.18199999630451202 254 255 249
0.031245820224285126 0.024077046662569046 0.18199999630451202 254 255 249
0.031673774123191833 0.024077046662569046 0.18199999630451202 254 255 249
0.03210172802209854 0.024077046662569046 0.18199999630451202 254 255 249
0.03252968192100525 0.024077046662569046 0.18199999630451202 254 255 247
0.03295763581991196 0.024077046662569046 0.18199999630451202 254 255 247
0.033385589718818665 0.024077046662569046 0.18199999630451202 250 254 233
0.033813539892435074 0.024077046662569046 0.18199999630451202 246 250 229
0.03424149379134178 0.024077046662569046 0.18199999630451202 254 255 237
0.03466944769024849 0.024077046662569046 0.18199999630451202 254 255 237
0.0350974015891552 0.024077046662569046 0.18199999630451202 254 255 247
0.035525355488061905 0.024077046662569046 0.18199999630451202 254 255 247
0.03595330938696861 0.024077046662569046 0.18199999630451202 254 255 249
0.03638126328587532 0.024077046662569046 0.18199999630451202 254 255 249
0.03680921718478203 0.024077046662569046 0.18199999630451202 254 255 251
0.03744177147746086 0.024209337309002876 0.18299999833106995 254 255 251
0.0378720760345459 0.024209337309002876 0.18299999833106995 254 255 249
0.038302380591630936 0.024209337309002876 0.18299999833106995 253 254 248
0.038944341242313385 0.024341629818081856 0.18400000035762787 255 250 243
0.03937699645757675 0.024341629818081856 0.18400000035762787 240 231 224
0.03980965539813042 0.024341629818081856 0.18400000035762787 250 235 223
0.040461018681526184 0.024473920464515686 0.1850000023841858 255 247 235
0.04089602455496788 0.024473920464515686 0.1850000023841858 255 254 238
0.041331034153699875 0.024473920464515686 0.1850000023841858 255 255 239
0.04199180379509926 0.024606211110949516 0.1860000044107437 254 255 247
0.04242916405200958 0.024606211110949516 0.1860000044107437 254 255 247
0.04309698939323425 0.024738503620028496 0.18700000643730164 254 255 249
0.043536700308322906 0.024738503620028496 0.18700000643730164 254 255 249
0.04397641122341156 0.024738503620028496 0.18700000643730164 255 249 243
0.04465363919734955 0.024870794266462326 0.18799999356269836 233 219 213
0.045335572212934494 0.025003086775541306 0.1889999955892563 238 205 206
0.0460222065448761 0.025135377421975136 0.1899999976158142 255 226 227
0.04671354591846466 0.025267669931054115 0.19099999964237213 255 221 227
0.04740958660840988 0.025399960577487946 0.19200000166893005 254 220 226
0.04811033234000206 0.025532251223921776 0.19300000369548798 255 221 225
0.049067407846450806 0.025796834379434586 0.19499999284744263 254 218 222
0.04977990686893463 0.025929126888513565 0.19599999487400055 240 201 208
0.050497110933065414 0.026061417534947395 0.19699999690055847 251 212 219
0.051219016313552856 0.026193710044026375 0.1979999989271164 255 229 249
0.051945626735687256 0.026326000690460205 0.19900000095367432 255 223 243
0.05241355299949646 0.026326000690460205 0.19900000095367432 246 203 226
0.053147219121456146 0.026458293199539185 0.20000000298023224 255 223 246
0.05388558283448219 0.026590583845973015 0.20100000500679016 255 200 219
0.054358214139938354 0.026590583845973015 0.20100000500679016 228 160 179
0.005479585845023394 0.026120714843273163 0.1940000057220459 255 255 176
0.005935756489634514 0.026120714843273163 0.1940000057220459 255 255 179
0.006358978804200888 0.025986071676015854 0.19300000369548798 255 255 202
0.006812797859311104 0.025986071676015854 0.19300000369548798 255 255 203
0.007228965871036053 0.025851428508758545 0.19200000166893005 255 255 223
0.007640431635081768 0.025716785341501236 0.19099999964237213 255 255 224
0.008047194220125675 0.025582142174243927 0.1899999976158142 254 255 241
0.008493958972394466 0.025582142174243927 0.1899999976158142 254 255 241
0.008893667720258236 0.025447499006986618 0.1889999955892563 254 255 247
0.009288673289120197 0.02531285770237446 0.18799999356269836 254 255 247
0.00973073486238718 0.02531285770237446 0.18799999356269836 254 255 249
0.010172797366976738 0.02531285770237446 0.18799999356269836 254 255 249
0.010558397509157658 0.02517821453511715 0.18700000643730164 254 255 249
0.010998107492923737 0.02517821453511715 0.18700000643730164 254 255 249
0.01143781840801239 0.02517821453511715 0.18700000643730164 254 255 251
0.011877529323101044 0.02517821453511715 0.18700000643730164 254 255 251
0.012317240238189697 0.02517821453511715 0.18700000643730164 254 255 251
0.01275695115327835 0.02517821453511715 0.18700000643730164 254 255 251
0.01319666113704443 0.02517821453511715 0.18700000643730164 254 255 251
0.013636372052133083 0.02517821453511715 0.18700000643730164 254 255 251
0.014076082967221737 0.02517821453511715 0.18700000643730164 254 255 251
0.014438169077038765 0.02504357136785984 0.1860000044107437 254 255 251
0.014875528402626514 0.02504357136785984 0.1860000044107437 254 255 251
0.01523055974394083 0.02490892820060253 0.1850000023841858 254 255 251
0.01566556841135025 0.02490892820060253 0.1850000023841858 254 255 251
0.01601354591548443 0.024774285033345222 0.18400000035762787 254 255 251
0.016446202993392944 0.024774285033345222 0.18400000035762787 254 255 251
0.016787126660346985 0.024639641866087914 0.18299999833106995 254 255 251
0.017217431217432022 0.024639641866087914 0.18299999833106995 254 255 251
0.01764773577451706 0.024639641866087914 0.18299999833106995 254 255 251
0.017979254946112633 0.024505000561475754 0.18199999630451202 254 255 251
0.01840720698237419 0.024505000561475754 0.18199999630451202 254 255 251
0.0188351608812809 0.024505000561475754 0.18199999630451202 254 255 251
0.019263114780187607 0.024505000561475754 0.18199999630451202 254 255 251
0.019582876935601234 0.024370357394218445 0.1809999942779541 254 255 251
0.020008478313684464 0.024370357394218445 0.1809999942779541 254 255 251
0.020434081554412842 0.024370357394218445 0.1809999942779541 254 255 251
0.02085968293249607 0.024370357394218445 0.1809999942779541 254 255 251
0.02128528617322445 0.024370357394218445 0.1809999942779541 254 255 249
0.021590938791632652 0.024235714226961136 0.18000000715255737 254 255 249
0.022014189511537552 0.024235714226961136 0.18000000715255737 254 255 243
0.02243744023144245 0.024235714226961136 0.18000000715255737 246 248 235
0.02286069095134735 0.024235714226961136 0.18000000715255737 252 254 241
0.02328394167125225 0.024235714226961136 0.18000000715255737 254 255 243
0.02370719239115715 0.024235714226961136 0.18000000715255737 254 255 247
0.02413044311106205 0.024235714226961136 0.18000000715255737 254 255 247
0.02455369383096695 0.024235714226961136 0.18000000715255737 254 255 249
0.024976946413517 0.024235714226961136 0.18000000715255737 254 255 249
0.025400197133421898 0.024235714226961136 0.18000000715255737 254 255 249
0.025823447853326797 0.024235714226961136 0.18000000715255737 254 255 249
0.026246698573231697 0.024235714226961136 0.18000000715255737 254 255 247
0.026669949293136597 0.024235714226961136 0.18000000715255737 253 255 246
0.0272437185049057 0.024370357394218445 0.1809999942779541 253 255 240
0.02766931988298893 0.024370357394218445 0.1809999942779541 252 255 239
0.028094923123717308 0.024370357394218445 0.1809999942779541 251 254 236
0.028520524501800537 0.024370357394218445 0.1809999942779541 253 255 238
0.028946127742528915 0.024370357394218445 0.1809999942779541 254 255 241
0.029371729120612144 0.024370357394218445 0.1809999942779541 254 255 241
0.029961958527565002 0.024505000561475754 0.18199999630451202 254 255 247
0.03038991242647171 0.024505000561475754 0.18199999630451202 254 255 247
0.030817866325378418 0.024505000561475754 0.18199999630451202 254 255 249
0.031245820224285126 0.024505000561475754 0.18199999630451202 254 255 249
0.031673774123191833 0.024505000561475754 0.18199999630451202 254 255 249
0.03210172802209854 0.024505000561475754 0.18199999630451202 254 255 249
0.03252968192100525 0.024505000561475754 0.18199999630451202 254 255 247
0.03295763581991196 0.024505000561475754 0.18199999630451202 253 255 246
0.033385589718818665 0.024505000561475754 0.18199999630451202 251 253 235
0.033813539892435074 0.024505000561475754 0.18199999630451202 246 248 230
0.03424149379134178 0.024505000561475754 0.18199999630451202 254 255 239
0.03447895869612694 0.024370357394218445 0.1809999942779541 254 255 239
0.03490455821156502 0.024370357394218445 0.1809999942779541 254 255 247
0.035330161452293396 0.024370357394218445 0.1809999942779541 254 255 247
0.03595330938696861 0.024505000561475754 0.18199999630451202 254 255 249
0.03638126328587532 0.024505000561475754 0.18199999630451202 254 255 249
0.03680921718478203 0.024505000561475754 0.18199999630451202 254 255 251
0.037237171083688736 0.024505000561475754 0.18199999630451202 254 255 251
0.0378720760345459 0.024639641866087914 0.18299999833106995 254 255 251
0.038302380591630936 0.024639641866087914 0.18299999833106995 252 253 249
0.038944341242313385 0.024774285033345222 0.18400000035762787 255 250 243
0.03937699645757675 0.024774285033345222 0.18400000035762787 245 234 227
0.03980965539813042 0.024774285033345222 0.18400000035762787 242 229 218
0.040461018681526184 0.02490892820060253 0.1850000023841858 255 244 233
0.04089602455496788 0.02490892820060253 0.1850000023841858 255 255 241
0.041331034153699875 0.02490892820060253 0.1850000023841858 255 255 241
0.04176604375243187 0.02490892820060253 0.1850000023841858 254 255 247
0.04242916405200958 0.02504357136785984 0.1860000044107437 254 255 247
0.04286652430891991 0.02504357136785984 0.1860000044107437 254 255 249
0.043536700308322906 0.02517821453511715 0.18700000643730164 254 255 249
0.04397641122341156 0.02517821453511715 0.18700000643730164 255 250 245
0.04465363919734955 0.02531285770237446 0.18799999356269836 234 223 218
0.04509570077061653 0.02531285770237446 0.18799999356269836 240 207 210
0.045779984444379807 0.025447499006986618 0.1889999955892563 255 230 233
0.04646897315979004 0.025582142174243927 0.1899999976158142 255 233 237
0.04716266319155693 0.025716785341501236 0.19099999964237213 255 220 224
0.04811033234000206 0.025986071676015854 0.19300000369548798 253 216 223
0.0488157793879509 0.026120714843273163 0.1940000057220459 253 216 223
0.04952592775225639 0.026255356147885323 0.19499999284744263 235 194 204
0.05024078115820885 0.02638999931514263 0.19599999487400055 248 207 217
0.05096033588051796 0.02652464248239994 0.19699999690055847 255 229 248
0.05168459191918373 0.02665928564965725 0.1979999989271164 255 225 244
0.05241355299949646 0.02679392881691456 0.19900000095367432 245 197 224
0.053147219121456146 0.026928571984171867 0.20000000298023224 254 206 233
0.05361749604344368 0.026928571984171867 0.20000000298023224 255 194 215
0.054358214139938354 0.027063213288784027 0.20100000500679016 239 175 196
0.054830845445394516 0.027063213288784027 0.20100000500679016 221 143 152
0.05557861551642418 0.027197856456041336 0.20200000703334808 233 155 164
0.006358978804200888 0.026439890265464783 0.19300000369548798 255 255 193
0.006777498405426741 0.026302896440029144 0.19200000166893005 255 255 193
0.007228965871036053 0.026302896440029144 0.19200000166893005 254 255 209
0.007640431635081768 0.026165902614593506 0.19099999964237213 255 255 210
0.008047194220125675 0.026028906926512718 0.1899999976158142 253 255 233
0.008493958972394466 0.026028906926512718 0.1899999976158142 255 255 235
0.008893667720258236 0.02589191310107708 0.1889999955892563 254 255 245
0.009288673289120197 0.02575491927564144 0.18799999356269836 254 255 245
0.00973073486238718 0.02575491927564144 0.18799999356269836 254 255 249
0.010172797366976738 0.02575491927564144 0.18799999356269836 254 255 249
0.010558397509157658 0.025617925450205803 0.18700000643730164 254 255 249
0.010998107492923737 0.025617925450205803 0.18700000643730164 254 255 249
0.01143781840801239 0.025617925450205803 0.18700000643730164 254 255 251
0.011877529323101044 0.025617925450205803 0.18700000643730164 254 255 251
0.012317240238189697 0.025617925450205803 0.18700000643730164 254 255 251
0.01275695115327835 0.025617925450205803 0.18700000643730164 254 255 251
0.01319666113704443 0.025617925450205803 0.18700000643730164 254 255 251
0.013636372052133083 0.025617925450205803 0.18700000643730164 254 255 251
0.014076082967221737 0.025617925450205803 0.18700000643730164 254 255 251
0.014438169077038765 0.025480929762125015 0.1860000044107437 254 255 251
0.014875528402626514 0.025480929762125015 0.1860000044107437 254 255 251
0.01523055974394083 0.025343935936689377 0.1850000023841858 254 255 251
0.015580888837575912 0.02520694211125374 0.18400000035762787 254 255 251
0.01601354591548443 0.02520694211125374 0.18400000035762787 254 255 251
0.016446202993392944 0.02520694211125374 0.18400000035762787 254 255 251
0.016787126660346985 0.0250699482858181 0.18299999833106995 254 255 251
0.017217431217432022 0.0250699482858181 0.18299999833106995 254 255 251
0.01764773577451706 0.0250699482858181 0.18299999833106995 254 255 251
0.018078040331602097 0.0250699482858181 0.18299999833106995 254 255 251
0.01840720698237419 0.024932952597737312 0.18199999630451202 254 255 251
0.0188351608812809 0.024932952597737312 0.18199999630451202 254 255 251
0.019263114780187607 0.024932952597737312 0.18199999630451202 254 255 251
0.019582876935601234 0.024795958772301674 0.1809999942779541 254 255 251
0.020008478313684464 0.024795958772301674 0.1809999942779541 254 255 251
0.020434081554412842 0.024795958772301674 0.1809999942779541 254 255 251
0.02085968293249607 0.024795958772301674 0.1809999942779541 254 255 251
0.02128528617322445 0.024795958772301674 0.1809999942779541 254 255 249
0.021590938791632652 0.024658964946866035 0.18000000715255737 254 255 249
0.022014189511537552 0.024658964946866035 0.18000000715255737 254 255 243
0.02243744023144245 0.024658964946866035 0.18000000715255737 238 240 227
0.02286069095134735 0.024658964946866035 0.18000000715255737 252 254 241
0.02328394167125225 0.024658964946866035 0.18000000715255737 254 255 243
0.02370719239115715 0.024658964946866035 0.18000000715255737 254 255 245
0.02413044311106205 0.024658964946866035 0.18000000715255737 254 255 245
0.02455369383096695 0.024658964946866035 0.18000000715255737 254 255 249
0.024976946413517 0.024658964946866035 0.18000000715255737 254 255 249
0.025400197133421898 0.024658964946866035 0.18000000715255737 254 255 247
0.025823447853326797 0.024658964946866035 0.18000000715255737 254 255 247
0.026246698573231697 0.024658964946866035 0.18000000715255737 254 255 243
0.026669949293136597 0.024658964946866035 0.18000000715255737 253 255 242
0.0272437185049057 0.024795958772301674 0.1809999942779541 252 255 233
0.02766931988298893 0.024795958772301674 0.1809999942779541 250 254 231
0.028094923123717308 0.024795958772301674 0.1809999942779541 245 249 221
0.028520524501800537 0.024795958772301674 0.1809999942779541 252 255 228
0.028946127742528915 0.024795958772301674 0.1809999942779541 254 255 237
0.029371729120612144 0.024795958772301674 0.1809999942779541 254 255 237
0.029797332361340523 0.024795958772301674 0.1809999942779541 254 255 247
0.030222933739423752 0.024795958772301674 0.1809999942779541 254 255 247
0.030817866325378418 0.024932952597737312 0.18199999630451202 254 255 249
0.031245820224285126 0.024932952597737312 0.18199999630451202 254 255 249
0.031673774123191833 0.024932952597737312 0.18199999630451202 254 255 247
0.03210172802209854 0.024932952597737312 0.18199999630451202 254 255 247
0.03252968192100525 0.024932952597737312 0.18199999630451202 254 255 245
0.03295763581991196 0.024932952597737312 0.18199999630451202 252 254 243
0.033385589718818665 0.024932952597737312 0.18199999630451202 249 249 227
0.033813539892435074 0.024932952597737312 0.18199999630451202 245 245 223
0.03405335545539856 0.024795958772301674 0.1809999942779541 255 255 237
0.03447895869612694 0.024795958772301674 0.1809999942779541 255 255 237
0.03490455821156502 0.024795958772301674 0.1809999942779541 254 255 245
0.035330161452293396 0.024795958772301674 0.1809999942779541 254 255 245
0.035755764693021774 0.024795958772301674 0.1809999942779541 254 255 249
0.03638126328587532 0.024932952597737312 0.18199999630451202 254 255 249
0.03680921718478203 0.024932952597737312 0.18199999630451202 254 255 249
0.037237171083688736 0.024932952597737312 0.18199999630451202 254 255 249
0.0378720760345459 0.0250699482858181 0.18299999833106995 254 255 249
0.038302380591630936 0.0250699482858181 0.18299999833106995 252 253 247
0.03873268514871597 0.0250699482858181 0.18299999833106995 252 243 238
0.03937699645757675 0.02520694211125374 0.18400000035762787 238 229 224
0.03980965539813042 0.02520694211125374 0.18400000035762787 242 229 218
0.040242310613393784 0.02520694211125374 0.18400000035762787 255 244 233
0.04089602455496788 0.025343935936689377 0.1850000023841858 255 255 241
0.041331034153699875 0.025343935936689377 0.1850000023841858 255 255 241
0.04176604375243187 0.025343935936689377 0.1850000023841858 254 255 247
0.04242916405200958 0.025480929762125015 0.1860000044107437 254 255 247
0.04286652430891991 0.025480929762125015 0.1860000044107437 254 255 249
0.043536700308322906 0.025617925450205803 0.18700000643730164 254 255 249
0.04397641122341156 0.025617925450205803 0.18700000643730164 255 251 246
0.044416118413209915 0.025617925450205803 0.18700000643730164 237 226 221
0.04509570077061653 0.02575491927564144 0.18799999356269836 236 203 204
0.045779984444379807 0.02589191310107708 0.1889999955892563 243 210 211
0.04646897315979004 0.026028906926512718 0.1899999976158142 255 224 228
0.04716266319155693 0.026165902614593506 0.19099999964237213 255 222 226
0.04786105453968048 0.026302896440029144 0.19200000166893005 250 213 220
0.04856415092945099 0.026439890265464783 0.19300000369548798 246 209 216
0.04952592775225639 0.02671387791633606 0.19499999284744263 237 188 201
0.05024078115820885 0.026850873604416847 0.19599999487400055 230 181 194
0.05096033588051796 0.026987867429852486 0.19699999690055847 247 193 215
0.05168459191918373 0.027124861255288124 0.1979999989271164 255 206 228
0.05241355299949646 0.027261855080723763 0.19900000095367432 255 204 228
0.05288148298859596 0.027261855080723763 0.19900000095367432 255 204 228
0.05361749604344368 0.02739885076880455 0.20000000298023224 255 208 229
0.05408777669072151 0.02739885076880455 0.20000000298023224 255 192 213
0.054830845445394516 0.02753584459424019 0.20100000500679016 220 144 157
0.05557861551642418 0.027672838419675827 0.20200000703334808 220 144 157
0.006358978804200888 0.02689370885491371 0.19300000369548798 255 255 188
0.006777498405426741 0.026754364371299744 0.19200000166893005 255 255 191
0.007228965871036053 0.026754364371299744 0.19200000166893005 251 249 199
0.007640431635081768 0.026615018025040627 0.19099999964237213 250 248 198
0.008047194220125675 0.02647567167878151 0.1899999976158142 254 255 232
0.008493958972394466 0.02647567167878151 0.1899999976158142 255 255 233
0.008893667720258236 0.02633632719516754 0.1889999955892563 254 255 245
0.009288673289120197 0.026196980848908424 0.18799999356269836 254 255 245
0.00973073486238718 0.026196980848908424 0.18799999356269836 254 255 249
0.010172797366976738 0.026196980848908424 0.18799999356269836 254 255 249
0.010558397509157658 0.026057634502649307 0.18700000643730164 254 255 249
0.010998107492923737 0.026057634502649307 0.18700000643730164 254 255 249
0.01143781840801239 0.026057634502649307 0.18700000643730164 254 255 251
0.011877529323101044 0.026057634502649307 0.18700000643730164 254 255 251
0.012317240238189697 0.026057634502649307 0.18700000643730164 254 255 251
0.01275695115327835 0.026057634502649307 0.18700000643730164 254 255 251
0.01319666113704443 0.026057634502649307 0.18700000643730164 254 255 251
0.013636372052133083 0.026057634502649307 0.18700000643730164 254 255 251
0.014000809751451015 0.02591829001903534 0.1860000044107437 254 255 251
0.014438169077038765 0.02591829001903534 0.1860000044107437 254 255 251
0.014795552007853985 0.025778943672776222 0.1850000023841858 254 255 251
0.01523055974394083 0.025778943672776222 0.1850000023841858 254 255 251
0.015580888837575912 0.025639599189162254 0.18400000035762787 254 255 251
0.01601354591548443 0.025639599189162254 0.18400000035762787 254 255 251
0.0163568202406168 0.025500252842903137 0.18299999833106995 254 255 251
0.016787126660346985 0.025500252842903137 0.18299999833106995 254 255 251
0.017217431217432022 0.025500252842903137 0.18299999833106995 254 255 251
0.01764773577451706 0.025500252842903137 0.18299999833106995 254 255 251
0.018078040331602097 0.025500252842903137 0.18299999833106995 254 255 251
0.018508346751332283 0.025500252842903137 0.18299999833106995 254 255 251
0.0188351608812809 0.02536090649664402 0.18199999630451202 254 255 251
0.019263114780187607 0.02536090649664402 0.18199999630451202 254 255 251
0.019691068679094315 0.02536090649664402 0.18199999630451202 254 255 251
0.020008478313684464 0.025221562013030052 0.1809999942779541 254 255 251
0.020434081554412842 0.025221562013030052 0.1809999942779541 254 255 251
0.02085968293249607 0.025221562013030052 0.1809999942779541 254 255 251
0.02128528617322445 0.025221562013030052 0.1809999942779541 254 255 249
0.021710887551307678 0.025221562013030052 0.1809999942779541 254 255 249
0.022014189511537552 0.025082215666770935 0.18000000715255737 255 255 239
0.02243744023144245 0.025082215666770935 0.18000000715255737 225 227 209
0.02286069095134735 0.025082215666770935 0.18000000715255737 251 254 238
0.02328394167125225 0.025082215666770935 0.18000000715255737 254 255 241
0.02370719239115715 0.025082215666770935 0.18000000715255737 254 255 245
0.02413044311106205 0.025082215666770935 0.18000000715255737 254 255 245
0.02455369383096695 0.025082215666770935 0.18000000715255737 254 255 249
0.024976946413517 0.025082215666770935 0.18000000715255737 254 255 249
0.025400197133421898 0.025082215666770935 0.18000000715255737 254 255 245
0.025823447853326797 0.025082215666770935 0.18000000715255737 254 255 245
0.026246698573231697 0.025082215666770935 0.18000000715255737 253 255 238
0.026669949293136597 0.025082215666770935 0.18000000715255737 252 255 237
0.027093200013041496 0.025082215666770935 0.18000000715255737 255 254 228
0.02766931988298893 0.025221562013030052 0.1809999942779541 243 242 216
0.028094923123717308 0.025221562013030052 0.1809999942779541 237 232 203
0.028520524501800537 0.025221562013030052 0.1809999942779541 253 248 219
0.028946127742528915 0.025221562013030052 0.1809999942779541 255 255 235
0.029371729120612144 0.025221562013030052 0.1809999942779541 255 255 235
0.029797332361340523 0.025221562013030052 0.1809999942779541 254 255 243
0.030222933739423752 0.025221562013030052 0.1809999942779541 254 255 243
0.03064853698015213 0.025221562013030052 0.1809999942779541 254 255 247
0.031245820224285126 0.02536090649664402 0.18199999630451202 254 255 247
0.031673774123191833 0.02536090649664402 0.18199999630451202 254 255 247
0.03210172802209854 0.02536090649664402 0.18199999630451202 254 255 247
0.03252968192100525 0.02536090649664402 0.18199999630451202 254 255 238
0.03295763581991196 0.02536090649664402 0.18199999630451202 253 255 237
0.033385589718818665 0.02536090649664402 0.18199999630451202 254 254 223
0.033813539892435074 0.02536090649664402 0.18199999630451202 243 243 212
0.03405335545539856 0.025221562013030052 0.1809999942779541 255 255 230
0.03447895869612694 0.025221562013030052 0.1809999942779541 255 255 231
0.03490455821156502 0.025221562013030052 0.1809999942779541 254 255 241
0.035330161452293396 0.025221562013030052 0.1809999942779541 254 255 241
0.035755764693021774 0.025221562013030052 0.1809999942779541 254 255 247
0.03638126328587532 0.02536090649664402 0.18199999630451202 254 255 247
0.03680921718478203 0.02536090649664402 0.18199999630451202 254 255 249
0.037237171083688736 0.02536090649664402 0.18199999630451202 254 255 249
0.037665124982595444 0.02536090649664402 0.18199999630451202 254 255 249
0.038302380591630936 0.025500252842903137 0.18299999833106995 254 255 249
0.03873268514871597 0.025500252842903137 0.18299999833106995 255 248 243
0.03937699645757675 0.025639599189162254 0.18400000035762787 235 224 219
0.03980965539813042 0.025639599189162254 0.18400000035762787 235 220 210
0.040242310613393784 0.025639599189162254 0.18400000035762787 248 233 223
0.04089602455496788 0.025778943672776222 0.1850000023841858 255 255 239
0.041331034153699875 0.025778943672776222 0.1850000023841858 255 255 239
0.04176604375243187 0.025778943672776222 0.1850000023841858 254 255 243
0.04242916405200958 0.02591829001903534 0.1860000044107437 254 255 243
0.04286652430891991 0.02591829001903534 0.1860000044107437 254 255 247
0.043536700308322906 0.026057634502649307 0.18700000643730164 247 249 240
0.04397641122341156 0.026057634502649307 0.18700000643730164 245 236 229
0.044416118413209915 0.026057634502649307 0.18700000643730164 230 221 214
0.04509570077061653 0.026196980848908424 0.18799999356269836 229 198 196
0.045779984444379807 0.02633632719516754 0.1889999955892563 239 208 206
0.04646897315979004 0.02647567167878151 0.1899999976158142 250 210 213
0.04716266319155693 0.026615018025040627 0.19099999964237213 255 218 221
0.04786105453968048 0.026754364371299744 0.19200000166893005 255 223 230
0.04856415092945099 0.02689370885491371 0.19300000369548798 255 219 226
0.04952592775225639 0.027172399684786797 0.19499999284744263 242 191 204
0.04998445138335228 0.027172399684786797 0.19499999284744263 229 178 191
0.05096033588051796 0.02745109237730503 0.19699999690055847 249 185 208
0.05168459191918373 0.027590436860919 0.1979999989271164 255 201 224
0.052150171250104904 0.027590436860919 0.1979999989271164 255 200 225
0.05288148298859596 0.027729783207178116 0.19900000095367432 255 202 227
0.05361749604344368 0.027869129553437233 0.20000000298023224 255 194 217
0.05408777669072151 0.027869129553437233 0.20000000298023224 255 190 213
0.006358978804200888 0.02734752744436264 0.19300000369548798 255 255 192
0.006777498405426741 0.027205830439925194 0.19200000166893005 255 255 194
0.007191315293312073 0.027064133435487747 0.19099999964237213 238 224 176
0.007640431635081768 0.027064133435487747 0.19099999964237213 250 236 188
0.008047194220125675 0.0269224364310503 0.1899999976158142 255 255 226
0.008493958972394466 0.0269224364310503 0.1899999976158142 255 255 227
0.008893667720258236 0.026780739426612854 0.1889999955892563 254 255 243
0.009338080883026123 0.026780739426612854 0.1889999955892563 254 255 243
0.00973073486238718 0.026639042422175407 0.18799999356269836 254 255 249
0.010172797366976738 0.026639042422175407 0.18799999356269836 254 255 249
0.010558397509157658 0.02649734541773796 0.18700000643730164 254 255 249
0.010998107492923737 0.02649734541773796 0.18700000643730164 254 255 249
0.01143781840801239 0.02649734541773796 0.18700000643730164 254 255 249
0.011877529323101044 0.02649734541773796 0.18700000643730164 254 255 249
0.012317240238189697 0.02649734541773796 0.18700000643730164 254 255 251
0.01275695115327835 0.02649734541773796 0.18700000643730164 254 255 251
0.01319666113704443 0.02649734541773796 0.18700000643730164 254 255 251
0.013563450425863266 0.026355648413300514 0.1860000044107437 254 255 251
0.014000809751451015 0.026355648413300514 0.1860000044107437 254 255 251
0.014438169077038765 0.026355648413300514 0.1860000044107437 254 255 251
0.014795552007853985 0.026213951408863068 0.1850000023841858 254 255 251
0.01523055974394083 0.026213951408863068 0.1850000023841858 254 255 251
0.015580888837575912 0.02607225440442562 0.18400000035762787 254 255 251
0.01601354591548443 0.02607225440442562 0.18400000035762787 254 255 251
0.0163568202406168 0.025930557399988174 0.18299999833106995 254 255 249
0.016787126660346985 0.025930557399988174 0.18299999833106995 254 255 249
0.017217431217432022 0.025930557399988174 0.18299999833106995 253 255 246
0.01764773577451706 0.025930557399988174 0.18299999833106995 251 253 244
0.018078040331602097 0.025930557399988174 0.18299999833106995 254 255 247
0.018508346751332283 0.025930557399988174 0.18299999833106995 254 255 247
0.0188351608812809 0.025788860395550728 0.18199999630451202 254 255 249
0.019263114780187607 0.025788860395550728 0.18199999630451202 254 255 249
0.019691068679094315 0.025788860395550728 0.18199999630451202 254 255 249
0.020008478313684464 0.02564716339111328 0.1809999942779541 254 255 249
0.020434081554412842 0.02564716339111328 0.1809999942779541 254 255 251
0.02085968293249607 0.02564716339111328 0.1809999942779541 254 255 251
0.02128528617322445 0.02564716339111328 0.1809999942779541 254 255 245
0.021710887551307678 0.02564716339111328 0.1809999942779541 254 255 245
0.022136490792036057 0.02564716339111328 0.1809999942779541 255 255 235
0.02243744023144245 0.025505466386675835 0.18000000715255737 217 215 194
0.02286069095134735 0.025505466386675835 0.18000000715255737 218 218 198
0.02328394167125225 0.025505466386675835 0.18000000715255737 255 255 237
0.02370719239115715 0.025505466386675835 0.18000000715255737 254 255 243
0.02413044311106205 0.025505466386675835 0.18000000715255737 254 255 243
0.02455369383096695 0.025505466386675835 0.18000000715255737 254 255 245
0.024976946413517 0.025505466386675835 0.18000000715255737 254 255 245
0.025400197133421898 0.025505466386675835 0.18000000715255737 253 255 240
0.025823447853326797 0.025505466386675835 0.18000000715255737 253 255 240
0.026246698573231697 0.025505466386675835 0.18000000715255737 254 255 234
0.026669949293136597 0.025505466386675835 0.18000000715255737 254 255 234
0.027093200013041496 0.025505466386675835 0.18000000715255737 255 247 223
0.027516450732946396 0.025505466386675835 0.18000000715255737 230 222 198
0.027939701452851295 0.025505466386675835 0.18000000715255737 230 215 187
0.028520524501800537 0.02564716339111328 0.1809999942779541 250 235 207
0.028946127742528915 0.02564716339111328 0.1809999942779541 255 255 224
0.029371729120612144 0.02564716339111328 0.1809999942779541 255 255 225
0.029797332361340523 0.02564716339111328 0.1809999942779541 254 255 239
0.030222933739423752 0.02564716339111328 0.1809999942779541 254 255 239
0.03064853698015213 0.02564716339111328 0.1809999942779541 254 255 245
0.03107413835823536 0.02564716339111328 0.1809999942779541 254 255 245
0.031673774123191833 0.025788860395550728 0.18199999630451202 254 255 245
0.03210172802209854 0.025788860395550728 0.18199999630451202 254 255 245
0.03252968192100525 0.025788860395550728 0.18199999630451202 255 254 235
0.03295763581991196 0.025788860395550728 0.18199999630451202 254 252 233
0.033385589718818665 0.025788860395550728 0.18199999630451202 243 239 203
0.033813539892435074 0.025788860395550728 0.18199999630451202 238 234 198
0.03405335545539856 0.02564716339111328 0.1809999942779541 255 255 225
0.03447895869612694 0.02564716339111328 0.1809999942779541 255 255 227
0.03490455821156502 0.02564716339111328 0.1809999942779541 254 255 241
0.035330161452293396 0.02564716339111328 0.1809999942779541 254 255 241
0.035755764693021774 0.02564716339111328 0.1809999942779541 254 255 247
0.03638126328587532 0.025788860395550728 0.18199999630451202 254 255 247
0.03680921718478203 0.025788860395550728 0.18199999630451202 254 255 249
0.037237171083688736 0.025788860395550728 0.18199999630451202 254 255 249
0.037665124982595444 0.025788860395550728 0.18199999630451202 255 255 249
0.038302380591630936 0.025930557399988174 0.18299999833106995 254 254 248
0.03873268514871597 0.025930557399988174 0.18299999833106995 255 241 239
0.03937699645757675 0.02607225440442562 0.18400000035762787 245 226 224
0.03980965539813042 0.02607225440442562 0.18400000035762787 223 203 195
0.040242310613393784 0.02607225440442562 0.18400000035762787 250 230 222
0.04089602455496788 0.026213951408863068 0.1850000023841858 255 254 239
0.041331034153699875 0.026213951408863068 0.1850000023841858 255 254 239
0.04176604375243187 0.026213951408863068 0.1850000023841858 255 255 241
0.04242916405200958 0.026355648413300514 0.1860000044107437 255 255 241
0.04286652430891991 0.026355648413300514 0.1860000044107437 254 255 245
0.04330388084053993 0.026355648413300514 0.1860000044107437 253 255 244
0.04397641122341156 0.02649734541773796 0.18700000643730164 255 250 242
0.044416118413209915 0.02649734541773796 0.18700000643730164 255 249 241
0.04509570077061653 0.026639042422175407 0.18799999356269836 229 192 189
0.045779984444379807 0.026780739426612854 0.1889999955892563 236 199 196
0.04646897315979004 0.0269224364310503 0.1899999976158142 241 201 204
0.04716266319155693 0.027064133435487747 0.19099999964237213 253 213 216
0.04786105453968048 0.027205830439925194 0.19200000166893005 255 219 226
0.04856415092945099 0.02734752744436264 0.19300000369548798 252 213 220
0.049271948635578156 0.027489224448800087 0.1940000057220459 235 186 197
0.04998445138335228 0.027630923315882683 0.19499999284744263 222 173 184
0.05070165544748306 0.02777262032032013 0.19599999487400055 238 169 192
0.051423560827970505 0.027914317324757576 0.19699999690055847 253 184 207
0.052150171250104904 0.028056014329195023 0.1979999989271164 255 184 210
0.05288148298859596 0.02819771133363247 0.19900000095367432 255 192 218
0.05334940925240517 0.02819771133363247 0.19900000095367432 255 186 206
0.05408777669072151 0.028339408338069916 0.20000000298023224 255 181 201
0.008047194220125675 0.027369201183319092 0.1899999976158142 250 241 204
0.008493958972394466 0.027369201183319092 0.1899999976158142 255 255 219
0.008893667720258236 0.027225153520703316 0.1889999955892563 254 255 241
0.009338080883026123 0.027225153520703316 0.1889999955892563 254 255 241
0.00973073486238718 0.02708110585808754 0.18799999356269836 254 255 247
0.010172797366976738 0.02708110585808754 0.18799999356269836 254 255 247
0.010558397509157658 0.026937056332826614 0.18700000643730164 254 255 249
0.010998107492923737 0.026937056332826614 0.18700000643730164 254 255 249
0.01143781840801239 0.026937056332826614 0.18700000643730164 254 255 247
0.011877529323101044 0.026937056332826614 0.18700000643730164 254 255 247
0.012317240238189697 0.026937056332826614 0.18700000643730164 254 255 245
0.01275695115327835 0.026937056332826614 0.18700000643730164 254 255 245
0.013126091100275517 0.02679300867021084 0.1860000044107437 254 255 245
0.013563450425863266 0.02679300867021084 0.1860000044107437 254 255 245
0.014000809751451015 0.02679300867021084 0.1860000044107437 254 255 249
0.01436054427176714 0.026648959144949913 0.1850000023841858 254 255 249
0.014795552007853985 0.026648959144949913 0.1850000023841858 254 255 249
0.01523055974394083 0.026648959144949913 0.1850000023841858 254 255 249
0.015580888837575912 0.026504911482334137 0.18400000035762787 254 255 249
0.01601354591548443 0.026504911482334137 0.18400000035762787 254 255 249
0.0163568202406168 0.02636086381971836 0.18299999833106995 254 255 245
0.016787126660346985 0.02636086381971836 0.18299999833106995 254 255 245
0.017217431217432022 0.02636086381971836 0.18299999833106995 253 247 232
0.01764773577451706 0.02636086381971836 0.18299999833106995 222 216 201
0.018078040331602097 0.02636086381971836 0.18299999833106995 252 255 239
0.018508346751332283 0.02636086381971836 0.18299999833106995 253 255 240
0.0188351608812809 0.026216814294457436 0.18199999630451202 254 255 243
0.019263114780187607 0.026216814294457436 0.18199999630451202 254 255 243
0.019691068679094315 0.026216814294457436 0.18199999630451202 254 255 247
0.020008478313684464 0.02607276663184166 0.1809999942779541 254 255 247
0.020434081554412842 0.02607276663184166 0.1809999942779541 254 255 247
0.02085968293249607 0.02607276663184166 0.1809999942779541 254 255 247
0.02128528617322445 0.02607276663184166 0.1809999942779541 255 255 237
0.021710887551307678 0.02607276663184166 0.1809999942779541 255 255 237
0.022136490792036057 0.02607276663184166 0.1809999942779541 255 253 223
0.022562092170119286 0.02607276663184166 0.1809999942779541 206 196 166
0.022987695410847664 0.02607276663184166 0.1809999942779541 206 191 165
0.023413296788930893 0.02607276663184166 0.1809999942779541 255 253 227
0.02370719239115715 0.025928717106580734 0.18000000715255737 254 255 239
0.02413044311106205 0.025928717106580734 0.18000000715255737 254 255 239
0.02455369383096695 0.025928717106580734 0.18000000715255737 254 255 241
0.024976946413517 0.025928717106580734 0.18000000715255737 253 255 240
0.025400197133421898 0.025928717106580734 0.18000000715255737 253 255 233
0.025823447853326797 0.025928717106580734 0.18000000715255737 251 254 231
0.026246698573231697 0.025928717106580734 0.18000000715255737 255 252 228
0.026669949293136597 0.025928717106580734 0.18000000715255737 255 251 227
0.027093200013041496 0.025928717106580734 0.18000000715255737 245 225 203
0.027516450732946396 0.025928717106580734 0.18000000715255737 218 198 176
0.027939701452851295 0.025928717106580734 0.18000000715255737 218 186 162
0.028520524501800537 0.02607276663184166 0.1809999942779541 240 208 184
0.028946127742528915 0.02607276663184166 0.1809999942779541 255 250 215
0.029371729120612144 0.02607276663184166 0.1809999942779541 255 253 218
0.029797332361340523 0.02607276663184166 0.1809999942779541 254 255 230
0.030222933739423752 0.02607276663184166 0.1809999942779541 255 255 231
0.03064853698015213 0.02607276663184166 0.1809999942779541 254 255 239
0.03107413835823536 0.02607276663184166 0.1809999942779541 254 255 239
0.031673774123191833 0.026216814294457436 0.18199999630451202 253 255 242
0.03210172802209854 0.026216814294457436 0.18199999630451202 245 247 234
0.03252968192100525 0.026216814294457436 0.18199999630451202 255 252 236
0.03295763581991196 0.026216814294457436 0.18199999630451202 255 249 233
0.033385589718818665 0.026216814294457436 0.18199999630451202 223 202 169
0.03362775221467018 0.02607276663184166 0.1809999942779541 211 190 157
0.03405335545539856 0.02607276663184166 0.1809999942779541 255 242 213
0.03447895869612694 0.02607276663184166 0.1809999942779541 255 251 222
0.03490455821156502 0.02607276663184166 0.1809999942779541 255 255 239
0.035330161452293396 0.02607276663184166 0.1809999942779541 255 255 239
0.035755764693021774 0.02607276663184166 0.1809999942779541 254 255 245
0.03638126328587532 0.026216814294457436 0.18199999630451202 254 255 245
0.03680921718478203 0.026216814294457436 0.18199999630451202 254 255 247
0.037237171083688736 0.026216814294457436 0.18199999630451202 254 255 247
0.037665124982595444 0.026216814294457436 0.18199999630451202 255 251 248
0.038302380591630936 0.02636086381971836 0.18299999833106995 239 231 228
0.03873268514871597 0.02636086381971836 0.18299999833106995 243 215 216
0.03937699645757675 0.026504911482334137 0.18400000035762787 240 212 213
0.03980965539813042 0.026504911482334137 0.18400000035762787 227 195 189
0.040242310613393784 0.026504911482334137 0.18400000035762787 243 211 205
0.04089602455496788 0.026648959144949913 0.1850000023841858 255 239 224
0.041331034153699875 0.026648959144949913 0.1850000023841858 255 250 235
0.04176604375243187 0.026648959144949913 0.1850000023841858 255 255 239
0.04242916405200958 0.02679300867021084 0.1860000044107437 255 255 238
0.04286652430891991 0.02679300867021084 0.1860000044107437 255 253 242
0.04330388084053993 0.02679300867021084 0.1860000044107437 255 251 240
0.04397641122341156 0.026937056332826614 0.18700000643730164 255 238 229
0.044416118413209915 0.026937056332826614 0.18700000643730164 249 231 222
0.04509570077061653 0.02708110585808754 0.18799999356269836 225 183 180
0.045779984444379807 0.027225153520703316 0.1889999955892563 225 183 180
0.04646897315979004 0.027369201183319092 0.1899999976158142 255 207 211
0.04716266319155693 0.027513250708580017 0.19099999964237213 255 211 215
0.0476117804646492 0.027513250708580017 0.19099999964237213 255 218 225
0.04856415092945099 0.02780134789645672 0.19300000369548798 255 214 221
0.049271948635578156 0.027945395559072495 0.1940000057220459 255 205 216
0.04998445138335228 0.02808944508433342 0.19499999284744263 241 184 195
0.05070165544748306 0.028233492746949196 0.19599999487400055 236 161 178
0.051423560827970505 0.028377540409564972 0.19699999690055847 244 169 186
0.052150171250104904 0.028521589934825897 0.1979999989271164 255 183 201
0.05261574685573578 0.028521589934825897 0.1979999989271164 250 171 189
0.008047194220125675 0.027815967798233032 0.1899999976158142 211 185 145
0.008493958972394466 0.027815967798233032 0.1899999976158142 255 241 201
0.008893667720258236 0.027669567614793777 0.1889999955892563 255 255 237
0.009338080883026123 0.027669567614793777 0.1889999955892563 255 255 237
0.00973073486238718 0.027523167431354523 0.18799999356269836 254 255 245
0.010118686594069004 0.027376767247915268 0.18700000643730164 254 255 245
0.010558397509157658 0.027376767247915268 0.18700000643730164 254 255 245
0.010998107492923737 0.027376767247915268 0.18700000643730164 254 255 245
0.01143781840801239 0.027376767247915268 0.18700000643730164 255 255 235
0.011814013123512268 0.027230367064476013 0.1860000044107437 255 255 235
0.012251372449100018 0.027230367064476013 0.1860000044107437 244 233 210
0.012688731774687767 0.027230367064476013 0.1860000044107437 227 216 193
0.013126091100275517 0.027230367064476013 0.1860000044107437 220 215 193
0.013563450425863266 0.027230367064476013 0.1860000044107437 250 245 223
0.014000809751451015 0.027230367064476013 0.1860000044107437 254 255 241
0.01436054427176714 0.027083968743681908 0.1850000023841858 254 255 241
0.014795552007853985 0.027083968743681908 0.1850000023841858 252 255 243
0.015148232690989971 0.026937568560242653 0.18400000035762787 252 255 243
0.015580888837575912 0.026937568560242653 0.18400000035762787 252 255 243
0.01592651568353176 0.026791168376803398 0.18299999833106995 252 255 243
0.0163568202406168 0.026791168376803398 0.18299999833106995 255 255 235
0.016787126660346985 0.026791168376803398 0.18299999833106995 255 255 235
0.017217431217432022 0.026791168376803398 0.18299999833106995 251 236 208
0.01764773577451706 0.026791168376803398 0.18299999833106995 210 195 167
0.018078040331602097 0.026791168376803398 0.18299999833106995 255 251 226
0.018508346751332283 0.026791168376803398 0.18299999833106995 255 255 231
0.0188351608812809 0.026644768193364143 0.18199999630451202 254 255 237
0.019263114780187607 0.026644768193364143 0.18199999630451202 254 255 237
0.019691068679094315 0.026644768193364143 0.18199999630451202 252 255 237
0.020008478313684464 0.02649836800992489 0.1809999942779541 252 255 237
0.020434081554412842 0.02649836800992489 0.1809999942779541 252 255 237
0.02085968293249607 0.02649836800992489 0.1809999942779541 251 255 236
0.02128528617322445 0.02649836800992489 0.1809999942779541 255 255 223
0.021710887551307678 0.02649836800992489 0.1809999942779541 255 255 225
0.022136490792036057 0.02649836800992489 0.1809999942779541 255 232 195
0.022562092170119286 0.02649836800992489 0.1809999942779541 190 163 126
0.022987695410847664 0.02649836800992489 0.1809999942779541 196 169 136
0.023413296788930893 0.02649836800992489 0.1809999942779541 255 250 217
0.02370719239115715 0.026351967826485634 0.18000000715255737 255 255 224
0.02413044311106205 0.026351967826485634 0.18000000715255737 255 255 225
0.02455369383096695 0.026351967826485634 0.18000000715255737 255 255 232
0.024976946413517 0.026351967826485634 0.18000000715255737 249 247 224
0.025400197133421898 0.026351967826485634 0.18000000715255737 249 245 218
0.025823447853326797 0.026351967826485634 0.18000000715255737 249 245 218
0.026246698573231697 0.026351967826485634 0.18000000715255737 255 250 224
0.026669949293136597 0.026351967826485634 0.18000000715255737 255 241 215
0.027093200013041496 0.026351967826485634 0.18000000715255737 255 229 205
0.027516450732946396 0.026351967826485634 0.18000000715255737 224 190 166
0.027939701452851295 0.026351967826485634 0.18000000715255737 202 153 127
0.028520524501800537 0.02649836800992489 0.1809999942779541 224 175 149
0.028946127742528915 0.02649836800992489 0.1809999942779541 255 228 196
0.029371729120612144 0.02649836800992489 0.1809999942779541 255 248 216
0.029797332361340523 0.02649836800992489 0.1809999942779541 255 255 225
0.030222933739423752 0.02649836800992489 0.1809999942779541 255 255 224
0.03064853698015213 0.02649836800992489 0.1809999942779541 253 255 231
0.03107413835823536 0.02649836800992489 0.1809999942779541 253 255 231
0.03149973973631859 0.02649836800992489 0.1809999942779541 255 253 234
0.03210172802209854 0.026644768193364143 0.18199999630451202 248 246 227
0.03252968192100525 0.026644768193364143 0.18199999630451202 255 237 221
0.03295763581991196 0.026644768193364143 0.18199999630451202 255 234 218
0.033385589718818665 0.026644768193364143 0.18199999630451202 224 184 158
0.03362775221467018 0.02649836800992489 0.1809999942779541 210 170 144
0.03405335545539856 0.02649836800992489 0.1809999942779541 236 199 169
0.03447895869612694 0.02649836800992489 0.1809999942779541 255 226 196
0.03490455821156502 0.02649836800992489 0.1809999942779541 255 252 235
0.035330161452293396 0.02649836800992489 0.1809999942779541 255 252 235
0.035755764693021774 0.02649836800992489 0.1809999942779541 255 255 243
0.03618136793375015 0.02649836800992489 0.1809999942779541 255 255 243
0.03680921718478203 0.026644768193364143 0.18199999630451202 255 255 245
0.037237171083688736 0.026644768193364143 0.18199999630451202 255 255 245
0.037665124982595444 0.026644768193364143 0.18199999630451202 254 243 238
0.038302380591630936 0.026791168376803398 0.18299999833106995 246 235 230
0.03873268514871597 0.026791168376803398 0.18299999833106995 255 232 232
0.03916299343109131 0.026791168376803398 0.18299999833106995 236 200 200
0.03980965539813042 0.026937568560242653 0.18400000035762787 233 190 183
0.040242310613393784 0.026937568560242653 0.18400000035762787 245 202 195
0.04089602455496788 0.027083968743681908 0.1850000023841858 255 219 211
0.041331034153699875 0.027083968743681908 0.1850000023841858 255 239 231
0.04176604375243187 0.027083968743681908 0.1850000023841858 253 232 219
0.04242916405200958 0.027230367064476013 0.1860000044107437 255 241 228
0.04286652430891991 0.027230367064476013 0.1860000044107437 255 248 240
0.04330388084053993 0.027230367064476013 0.1860000044107437 255 245 237
0.04397641122341156 0.027376767247915268 0.18700000643730164 255 232 229
0.044416118413209915 0.027376767247915268 0.18700000643730164 247 210 207
0.04509570077061653 0.027523167431354523 0.18799999356269836 231 175 177
0.045779984444379807 0.027669567614793777 0.1889999955892563 229 173 175
0.04646897315979004 0.027815967798233032 0.1899999976158142 255 202 207
0.04691573604941368 0.027815967798233032 0.1899999976158142 255 212 217
0.0476117804646492 0.027962366119027138 0.19099999964237213 255 195 204
0.04856415092945099 0.028255166485905647 0.19300000369548798 255 197 206
0.049271948635578156 0.028401566669344902 0.1940000057220459 255 193 202
0.04998445138335228 0.028547966852784157 0.19499999284744263 255 188 197
0.008493958972394466 0.028262732550501823 0.1899999976158142 255 241 199
0.008893667720258236 0.02811397984623909 0.1889999955892563 255 254 227
0.009338080883026123 0.02811397984623909 0.1889999955892563 255 254 227
0.00973073486238718 0.027965229004621506 0.18799999356269836 255 255 235
0.010118686594069004 0.02781647816300392 0.18700000643730164 255 255 235
0.010558397509157658 0.02781647816300392 0.18700000643730164 255 254 229
0.010998107492923737 0.02781647816300392 0.18700000643730164 255 253 228
0.011376653797924519 0.027667727321386337 0.1860000044107437 255 252 219
0.011814013123512268 0.027667727321386337 0.1860000044107437 255 243 210
0.012251372449100018 0.027667727321386337 0.1860000044107437 255 228 194
0.012688731774687767 0.027667727321386337 0.1860000044107437 252 215 181
0.013126091100275517 0.027667727321386337 0.1860000044107437 240 218 179
0.013490528799593449 0.027518976479768753 0.1850000023841858 255 252 213
0.013925536535680294 0.027518976479768753 0.1850000023841858 255 255 221
0.01436054427176714 0.027518976479768753 0.1850000023841858 255 255 221
0.01471557654440403 0.02737022377550602 0.18400000035762787 255 255 229
0.015148232690989971 0.02737022377550602 0.18400000035762787 255 255 229
0.015580888837575912 0.02737022377550602 0.18400000035762787 255 255 227
0.01592651568353176 0.027221472933888435 0.18299999833106995 255 255 227
0.0163568202406168 0.027221472933888435 0.18299999833106995 255 252 219
0.016787126660346985 0.027221472933888435 0.18299999833106995 255 249 216
0.017217431217432022 0.027221472933888435 0.18299999833106995 238 202 161
0.01764773577451706 0.027221472933888435 0.18299999833106995 211 175 134
0.018078040331602097 0.027221472933888435 0.18299999833106995 226 201 163
0.018508346751332283 0.027221472933888435 0.18299999833106995 255 246 208
0.0188351608812809 0.02707272209227085 0.18199999630451202 255 255 221
0.019263114780187607 0.02707272209227085 0.18199999630451202 255 255 221
0.019691068679094315 0.02707272209227085 0.18199999630451202 255 255 221
0.020008478313684464 0.026923971250653267 0.1809999942779541 255 255 221
0.020434081554412842 0.026923971250653267 0.1809999942779541 255 255 216
0.02085968293249607 0.026923971250653267 0.1809999942779541 255 255 216
0.02128528617322445 0.026923971250653267 0.1809999942779541 255 253 211
0.021710887551307678 0.026923971250653267 0.1809999942779541 255 248 206
0.02328394167125225 0.026775220409035683 0.18000000715255737 255 241 205
0.02370719239115715 0.026775220409035683 0.18000000715255737 255 252 216
0.02413044311106205 0.026775220409035683 0.18000000715255737 255 253 217
0.02455369383096695 0.026775220409035683 0.18000000715255737 255 252 223
0.024976946413517 0.026775220409035683 0.18000000715255737 255 247 218
0.025400197133421898 0.026775220409035683 0.18000000715255737 255 244 212
0.025823447853326797 0.026775220409035683 0.18000000715255737 255 243 211
0.026246698573231697 0.026775220409035683 0.18000000715255737 255 239 211
0.026669949293136597 0.026775220409035683 0.18000000715255737 255 231 203
0.027093200013041496 0.026775220409035683 0.18000000715255737 255 222 196
0.029371729120612144 0.026923971250653267 0.1809999942779541 255 223 192
0.029797332361340523 0.026923971250653267 0.1809999942779541 255 245 216
0.030222933739423752 0.026923971250653267 0.1809999942779541 255 248 219
0.03064853698015213 0.026923971250653267 0.1809999942779541 255 250 223
0.03107413835823536 0.026923971250653267 0.1809999942779541 255 249 222
0.03149973973631859 0.026923971250653267 0.1809999942779541 255 247 230
0.03210172802209854 0.02707272209227085 0.18199999630451202 255 241 224
0.03252968192100525 0.02707272209227085 0.18199999630451202 255 213 197
0.03277654945850372 0.026923971250653267 0.1809999942779541 244 193 177
0.03447895869612694 0.026923971250653267 0.1809999942779541 255 215 188
0.03490455821156502 0.026923971250653267 0.1809999942779541 255 237 216
0.035330161452293396 0.026923971250653267 0.1809999942779541 255 244 223
0.035755764693021774 0.026923971250653267 0.1809999942779541 255 249 233
0.03618136793375015 0.026923971250653267 0.1809999942779541 255 249 233
0.03660696744918823 0.026923971250653267 0.1809999942779541 255 248 234
0.037237171083688736 0.02707272209227085 0.18199999630451202 255 249 235
0.037665124982595444 0.02707272209227085 0.18199999630451202 255 241 233
0.038302380591630936 0.027221472933888435 0.18299999833106995 255 232 224
0.03873268514871597 0.027221472933888435 0.18299999833106995 255 218 212
0.03916299343109131 0.027221472933888435 0.18299999833106995 254 193 187
0.03980965539813042 0.02737022377550602 0.18400000035762787 252 183 178
0.040242310613393784 0.02737022377550602 0.18400000035762787 255 197 192
0.04089602455496788 0.027518976479768753 0.1850000023841858 255 214 210
0.041331034153699875 0.027518976479768753 0.1850000023841858 255 208 204
0.04176604375243187 0.027518976479768753 0.1850000023841858 255 208 204
0.042201049625873566 0.027518976479768753 0.1850000023841858 255 229 225
0.04286652430891991 0.027667727321386337 0.1860000044107437 255 233 235
0.04330388084053993 0.027667727321386337 0.1860000044107437 255 233 235
0.043741241097450256 0.027667727321386337 0.1860000044107437 255 223 229
0.044416118413209915 0.02781647816300392 0.18700000643730164 255 208 214
0.04509570077061653 0.027965229004621506 0.18799999356269836 255 184 191
0.04691573604941368 0.028262732550501823 0.1899999976158142 255 188 201
0.0476117804646492 0.028411483392119408 0.19099999964237213 255 191 203
0.04831252247095108 0.028560234233736992 0.19200000166893005 255 197 209
0.008893667720258236 0.02855839394032955 0.1889999955892563 247 221 179
0.009338080883026123 0.02855839394032955 0.1889999955892563 255 242 200
0.00973073486238718 0.02840729057788849 0.18799999356269836 255 249 215
0.010118686594069004 0.028256189078092575 0.18700000643730164 255 242 208
0.010558397509157658 0.028256189078092575 0.18700000643730164 255 230 194
0.010939294472336769 0.028105085715651512 0.1860000044107437 255 235 199
0.013417607173323631 0.027802880853414536 0.18400000035762787 255 233 187
0.013850263319909573 0.027802880853414536 0.18400000035762787 255 239 189
0.014282919466495514 0.027802880853414536 0.18400000035762787 255 240 190
0.01471557654440403 0.027802880853414536 0.18400000035762787 255 242 196
0.015148232690989971 0.027802880853414536 0.18400000035762787 255 241 195
0.01549621019512415 0.027651777490973473 0.18299999833106995 255 240 197
0.01592651568353176 0.027651777490973473 0.18299999833106995 255 240 197
0.0163568202406168 0.027651777490973473 0.18299999833106995 255 233 190
0.016787126660346985 0.027651777490973473 0.18299999833106995 255 219 176
0.018508346751332283 0.027651777490973473 0.18299999833106995 255 234 185
0.0188351608812809 0.02750067599117756 0.18199999630451202 255 242 191
0.019263114780187607 0.02750067599117756 0.18199999630451202 255 241 190
0.019691068679094315 0.02750067599117756 0.18199999630451202 255 242 194
0.020008478313684464 0.027349572628736496 0.1809999942779541 255 242 194
0.020434081554412842 0.027349572628736496 0.1809999942779541 255 240 194
0.02085968293249607 0.027349572628736496 0.1809999942779541 255 237 191
0.02128528617322445 0.027349572628736496 0.1809999942779541 255 234 190
0.021710887551307678 0.027349572628736496 0.1809999942779541 255 222 178
0.02370719239115715 0.027198471128940582 0.18000000715255737 255 231 198
0.02413044311106205 0.027198471128940582 0.18000000715255737 255 233 200
0.02455369383096695 0.027198471128940582 0.18000000715255737 255 228 195
0.024976946413517 0.027198471128940582 0.18000000715255737 255 222 189
0.025400197133421898 0.027198471128940582 0.18000000715255737 255 217 186
0.025823447853326797 0.027198471128940582 0.18000000715255737 255 218 187
0.026246698573231697 0.027198471128940582 0.18000000715255737 255 215 189
0.026669949293136597 0.027198471128940582 0.18000000715255737 255 212 186
0.029797332361340523 0.027349572628736496 0.1809999942779541 255 220 193
0.030222933739423752 0.027349572628736496 0.1809999942779541 255 223 196
0.03064853698015213 0.027349572628736496 0.1809999942779541 255 230 206
0.03107413835823536 0.027349572628736496 0.1809999942779541 255 229 205
0.03149973973631859 0.027349572628736496 0.1809999942779541 255 220 200
0.03192534297704697 0.027349572628736496 0.1809999942779541 255 214 194
0.032350946217775345 0.027349572628736496 0.1809999942779541 255 208 190
0.03513496741652489 0.027198471128940582 0.18000000715255737 255 202 178
0.035755764693021774 0.027349572628736496 0.1809999942779541 255 212 192
0.03618136793375015 0.027349572628736496 0.1809999942779541 255 220 200
0.03660696744918823 0.027349572628736496 0.1809999942779541 255 211 195
0.03703257068991661 0.027349572628736496 0.1809999942779541 255 196 180
