0.04162914678454399 0.02444877102971077 0.16699999570846558 202 229 240
0.04123646393418312 0.02444877102971077 0.16699999570846558 178 208 213
0.04084378108382225 0.02444877102971077 0.16699999570846558 110 140 145
0.04045109823346138 0.02444877102971077 0.16699999570846558 149 182 186
0.04005841538310051 0.02444877102971077 0.16699999570846558 229 255 255
0.03966573253273964 0.0240560881793499 0.16699999570846558 229 255 255
0.039037883281707764 0.023912040516734123 0.16599999368190765 227 255 255
0.03864755108952522 0.023521708324551582 0.16599999368190765 230 254 252
0.03825721889734268 0.023521708324551582 0.16599999368190765 228 252 250
0.03786688670516014 0.023912040516734123 0.16599999368190765 217 255 255
0.0374765582382679 0.023912040516734123 0.16599999368190765 221 255 255
0.03708622604608536 0.023912040516734123 0.16599999368190765 222 255 255
0.03669589385390282 0.023912040516734123 0.16599999368190765 211 250 255
0.036305561661720276 0.024302370846271515 0.16599999368190765 226 255 255
0.035915229469537735 0.024302370846271515 0.16599999368190765 199 233 253
0.03552490100264549 0.024692703038454056 0.16599999368190765 171 205 227
0.03513456881046295 0.024692703038454056 0.16599999368190765 112 146 168
0.03453493490815163 0.024931931868195534 0.16500000655651093 217 255 255
0.034146953374147415 0.024931931868195534 0.16500000655651093 217 255 255
0.0337589755654335 0.024931931868195534 0.16500000655651093 214 255 255
0.03337099403142929 0.024931931868195534 0.16500000655651093 213 255 255
0.03278311714529991 0.02478082850575447 0.164000004529953 213 255 255
0.03239748999476433 0.02478082850575447 0.164000004529953 206 254 255
0.032011859118938446 0.02478082850575447 0.164000004529953 199 239 250
0.03162623196840286 0.02478082850575447 0.164000004529953 188 228 239
0.03143109381198883 0.025319911539554596 0.16500000655651093 207 253 255
0.03104311414062977 0.025319911539554596 0.16500000655651093 200 246 250
0.030655134469270706 0.025319911539554596 0.16500000655651093 191 227 235
0.030267154797911644 0.025319911539554596 0.16500000655651093 120 156 164
0.029879173263907433 0.025319911539554596 0.16500000655651093 142 172 191
0.021035781130194664 0.025989649817347527 0.1720000058412552 164 192 207
0.021035781130194664 0.025989649817347527 0.1720000058412552 164 192 207
0.029879173263907433 0.025319911539554596 0.16500000655651093 142 172 191
0.030267154797911644 0.025319911539554596 0.16500000655651093 120 156 164
0.030655134469270706 0.025319911539554596 0.16500000655651093 191 227 235
0.03104311414062977 0.025319911539554596 0.16500000655651093 200 246 250
0.03143109381198883 0.025319911539554596 0.16500000655651093 207 253 255
0.03162623196840286 0.02478082850575447 0.164000004529953 188 228 239
0.032011859118938446 0.02478082850575447 0.164000004529953 199 239 250
0.03239748999476433 0.02478082850575447 0.164000004529953 206 254 255
0.03278311714529991 0.02478082850575447 0.164000004529953 213 255 255
0.03337099403142929 0.024931931868195534 0.16500000655651093 213 255 255
0.0337589755654335 0.024931931868195534 0.16500000655651093 214 255 255
0.034146953374147415 0.024931931868195534 0.16500000655651093 217 255 255
0.03453493490815163 0.024931931868195534 0.16500000655651093 217 255 255
0.03513456881046295 0.024692703038454056 0.16599999368190765 112 146 168
0.03552490100264549 0.024692703038454056 0.16599999368190765 171 205 227
0.035915229469537735 0.024692703038454056 0.16599999368190765 174 211 230
0.036305561661720276 0.024302370846271515 0.16599999368190765 226 255 255
0.03669589385390282 0.024302370846271515 0.16599999368190765 220 255 255
0.03708622604608536 0.023912040516734123 0.16599999368190765 222 255 255
0.0374765582382679 0.023912040516734123 0.16599999368190765 221 255 255
0.03786688670516014 0.023912040516734123 0.16599999368190765 217 255 255
0.03825721889734268 0.023521708324551582 0.16599999368190765 228 252 250
0.03864755108952522 0.023521708324551582 0.16599999368190765 230 254 252
0.039037883281707764 0.023912040516734123 0.16599999368190765 227 255 255
0.03966573253273964 0.02444877102971077 0.16699999570846558 222 255 255
0.04005841538310051 0.02484145388007164 0.16699999570846558 223 255 255
0.04045109823346138 0.02444877102971077 0.16699999570846558 149 182 186
0.04084378108382225 0.02444877102971077 0.16699999570846558 110 140 145
0.04123646393418312 0.02444877102971077 0.16699999570846558 178 208 213
0.04162914678454399 0.02444877102971077 0.16699999570846558 202 229 240
0.04202182963490486 0.02444877102971077 0.16699999570846558 225 252 255
