0.06523183733224869 0.00455250171944499 0.1459999978542328 235 197 199
0.06557514518499374 0.00455250171944499 0.1459999978542328 235 197 199
0.06498732417821884 0.004929338116198778 0.1469999998807907 255 250 240
0.06533297896385193 0.004929338116198778 0.1469999998807907 255 251 241
0.06523183733224869 0.004895804915577173 0.1459999978542328 255 251 245
0.06557514518499374 0.004895804915577173 0.1459999978542328 255 251 245
0.0659184455871582 0.004895804915577173 0.1459999978542328 255 241 236
0.06626175343990326 0.004895804915577173 0.1459999978542328 251 221 216
0.06893520057201385 0.004795206245034933 0.14300000667572021 255 230 224
0.06927145272493362 0.004795206245034933 0.14300000667572021 255 246 240
0.07009446620941162 0.004828739445656538 0.14399999380111694 255 246 240
0.07043306529521942 0.004828739445656538 0.14399999380111694 255 248 243
0.07077167183160782 0.004828739445656538 0.14399999380111694 255 247 242
0.07111027091741562 0.004828739445656538 0.14399999380111694 255 246 244
0.07144887000322342 0.004828739445656538 0.14399999380111694 254 242 240
0.07178746908903122 0.004828739445656538 0.14399999380111694 246 235 230
0.07162519544363022 0.004795206245034933 0.14300000667572021 233 222 217
0.07196144759654999 0.004795206245034933 0.14300000667572021 223 202 199
0.07229769229888916 0.004795206245034933 0.14300000667572021 210 189 186
0.08187001943588257 0.004560476168990135 0.13600000739097595 255 223 223
0.08218980580568314 0.004560476168990135 0.13600000739097595 255 221 221
0.06498732417821884 0.005274992901831865 0.1469999998807907 255 255 247
0.06533297896385193 0.005274992901831865 0.1469999998807907 255 255 247
0.06523183733224869 0.005239108577370644 0.1459999978542328 255 255 247
0.06557514518499374 0.005239108577370644 0.1459999978542328 255 255 247
0.0659184455871582 0.005239108577370644 0.1459999978542328 255 251 244
0.06626175343990326 0.005239108577370644 0.1459999978542328 255 249 242
0.06660505384206772 0.005239108577370644 0.1459999978542328 255 232 224
0.0664898082613945 0.005203224252909422 0.14499999582767487 237 210 202
0.06859894841909409 0.0051314556039869785 0.14300000667572021 255 248 238
0.06893520057201385 0.0051314556039869785 0.14300000667572021 255 249 239
0.06927145272493362 0.0051314556039869785 0.14300000667572021 255 254 245
0.0696076974272728 0.0051314556039869785 0.14300000667572021 255 254 245
0.06994394958019257 0.0051314556039869785 0.14300000667572021 255 255 247
0.07028020173311234 0.0051314556039869785 0.14300000667572021 255 255 247
0.07111027091741562 0.0051673399284482 0.14399999380111694 255 255 249
0.07144887000322342 0.0051673399284482 0.14399999380111694 254 254 248
0.07128894329071045 0.0051314556039869785 0.14300000667572021 255 253 248
0.07162519544363022 0.0051314556039869785 0.14300000667572021 255 253 248
0.07196144759654999 0.0051314556039869785 0.14300000667572021 255 254 245
0.07229769229888916 0.0051314556039869785 0.14300000667572021 255 254 245
0.07212601602077484 0.005095571279525757 0.1420000046491623 255 240 238
0.07245991379022598 0.005095571279525757 0.1420000046491623 252 221 219
0.07427045702934265 0.005059686955064535 0.14100000262260437 196 173 172
0.07407291233539581 0.0050238026306033134 0.14000000059604645 200 177 176
0.0744021087884903 0.0050238026306033134 0.14000000059604645 220 181 188
0.07419750839471817 0.004987918306142092 0.13899999856948853 219 180 187
0.08187001943588257 0.004880265332758427 0.13600000739097595 255 237 237
0.08218980580568314 0.004880265332758427 0.13600000739097595 255 233 233
0.06429601460695267 0.0056206476874649525 0.1469999998807907 255 255 245
0.06464166939258575 0.0056206476874649525 0.1469999998807907 255 255 245
0.06498732417821884 0.0056206476874649525 0.1469999998807907 254 255 249
0.06533297896385193 0.0056206476874649525 0.1469999998807907 254 255 249
0.06523183733224869 0.005582412239164114 0.1459999978542328 254 255 249
0.06557514518499374 0.005582412239164114 0.1459999978542328 254 255 249
0.0659184455871582 0.005582412239164114 0.1459999978542328 253 253 247
0.06626175343990326 0.005582412239164114 0.1459999978542328 250 250 244
0.06660505384206772 0.005582412239164114 0.1459999978542328 255 249 244
0.0664898082613945 0.005544176325201988 0.14499999582767487 255 250 245
0.06683076173067093 0.005544176325201988 0.14499999582767487 255 239 238
0.06670846045017242 0.00550594087690115 0.14399999380111694 243 222 221
0.06826270371675491 0.005467704962939024 0.14300000667572021 255 241 236
0.06859894841909409 0.005467704962939024 0.14300000667572021 255 255 240
0.06893520057201385 0.005467704962939024 0.14300000667572021 255 255 241
0.06927145272493362 0.005467704962939024 0.14300000667572021 254 255 247
0.0696076974272728 0.005467704962939024 0.14300000667572021 254 255 247
0.06994394958019257 0.005467704962939024 0.14300000667572021 254 255 249
0.07028020173311234 0.005467704962939024 0.14300000667572021 254 255 249
0.07061644643545151 0.005467704962939024 0.14300000667572021 254 255 249
0.07095269858837128 0.005467704962939024 0.14300000667572021 254 255 249
0.07128894329071045 0.005467704962939024 0.14300000667572021 254 255 249
0.07112432271242142 0.0054294695146381855 0.1420000046491623 254 255 249
0.07145822048187256 0.0054294695146381855 0.1420000046491623 254 255 249
0.0717921182513237 0.0054294695146381855 0.1420000046491623 254 255 249
0.07161808758974075 0.00539123360067606 0.14100000262260437 255 248 249
0.07194963097572327 0.00539123360067606 0.14100000262260437 254 234 235
0.07308532297611237 0.005352998152375221 0.14000000059604645 255 247 239
0.07341451942920685 0.005352998152375221 0.14000000059604645 255 248 240
0.07374371588230133 0.005352998152375221 0.14000000059604645 255 250 248
0.07354381680488586 0.0053147622384130955 0.13899999856948853 255 250 248
0.07387066632509232 0.0053147622384130955 0.13899999856948853 255 243 243
0.07419750839471817 0.0053147622384130955 0.13899999856948853 255 239 239
0.07398820668458939 0.00527652632445097 0.1379999965429306 255 230 233
0.07431269437074661 0.00527652632445097 0.1379999965429306 255 223 226
0.07409633696079254 0.005238290876150131 0.13699999451637268 255 216 221
0.08218980580568314 0.0052000549621880054 0.13600000739097595 255 227 227
0.06395035982131958 0.005966302938759327 0.1469999998807907 255 254 241
0.06429601460695267 0.005966302938759327 0.1469999998807907 254 255 247
0.06464166939258575 0.005966302938759327 0.1469999998807907 254 255 247
0.06498732417821884 0.005966302938759327 0.1469999998807907 254 255 249
0.06533297896385193 0.005966302938759327 0.1469999998807907 254 255 249
0.06523183733224869 0.005925715435296297 0.1459999978542328 254 255 249
0.06557514518499374 0.005925715435296297 0.1459999978542328 254 255 249
0.0659184455871582 0.005925715435296297 0.1459999978542328 253 254 248
0.06626175343990326 0.005925715435296297 0.1459999978542328 254 255 249
0.06660505384206772 0.005925715435296297 0.1459999978542328 254 255 249
0.0664898082613945 0.0058851283974945545 0.14499999582767487 254 255 249
0.06636986136436462 0.005844541359692812 0.14399999380111694 255 249 248
0.06670846045017242 0.005844541359692812 0.14399999380111694 255 250 249
0.06658145785331726 0.005803954321891069 0.14300000667572021 255 232 233
0.06691770255565643 0.005803954321891069 0.14300000667572021 255 218 219
0.06745143979787827 0.005763367284089327 0.1420000046491623 255 240 227
0.0677853375673294 0.005763367284089327 0.1420000046491623 255 247 234
0.06811923533678055 0.005763367284089327 0.1420000046491623 255 255 243
0.06845313310623169 0.005763367284089327 0.1420000046491623 255 255 243
0.06878703087568283 0.005763367284089327 0.1420000046491623 254 255 249
0.06912093609571457 0.005763367284089327 0.1420000046491623 254 255 249
0.06994394958019257 0.005803954321891069 0.14300000667572021 254 255 249
0.07028020173311234 0.005803954321891069 0.14300000667572021 254 255 249
0.07061644643545151 0.005803954321891069 0.14300000667572021 254 255 249
0.07045652717351913 0.005763367284089327 0.1420000046491623 254 255 249
0.07079042494297028 0.005763367284089327 0.1420000046491623 254 255 249
0.07062344253063202 0.005722780246287584 0.14100000262260437 254 255 249
0.07095499336719513 0.005722780246287584 0.14100000262260437 254 255 249
0.07078096270561218 0.005682193208485842 0.14000000059604645 254 255 249
0.07111015170812607 0.005682193208485842 0.14000000059604645 255 250 247
0.07143934816122055 0.005682193208485842 0.14000000059604645 255 241 238
0.07223644107580185 0.005641606170684099 0.13899999856948853 255 229 225
0.0725632905960083 0.005641606170684099 0.13899999856948853 255 252 241
0.07289013266563416 0.005641606170684099 0.13899999856948853 255 252 241
0.07321697473526001 0.005641606170684099 0.13899999856948853 255 250 248
0.07354381680488586 0.005641606170684099 0.13899999856948853 254 244 242
0.07333921641111374 0.005601019132882357 0.1379999965429306 255 236 237
0.07366371154785156 0.005601019132882357 0.1379999965429306 251 223 224
0.07345205545425415 0.005560431629419327 0.13699999451637268 255 221 224
0.08955910801887512 0.005560431629419327 0.13699999451637268 191 162 152
0.08988124877214432 0.005560431629419327 0.13699999451637268 183 154 144
0.0632590502500534 0.006311957724392414 0.1469999998807907 255 240 235
0.06360470503568649 0.006311957724392414 0.1469999998807907 255 255 241
0.06395035982131958 0.006311957724392414 0.1469999998807907 255 255 241
0.06429601460695267 0.006311957724392414 0.1469999998807907 254 255 249
0.06464166939258575 0.006311957724392414 0.1469999998807907 254 255 249
0.06498732417821884 0.006311957724392414 0.1469999998807907 254 255 249
0.06533297896385193 0.006311957724392414 0.1469999998807907 254 255 249
0.06523183733224869 0.0062690190970897675 0.1459999978542328 254 255 249
0.06557514518499374 0.0062690190970897675 0.1459999978542328 254 255 249
0.0659184455871582 0.0062690190970897675 0.1459999978542328 253 254 248
0.06626175343990326 0.0062690190970897675 0.1459999978542328 253 254 248
0.06660505384206772 0.0062690190970897675 0.1459999978542328 254 255 249
0.0664898082613945 0.006226080935448408 0.14499999582767487 254 255 249
0.06636986136436462 0.0061831423081457615 0.14399999380111694 255 253 249
0.06670846045017242 0.0061831423081457615 0.14399999380111694 253 248 244
0.06658145785331726 0.006140203680843115 0.14300000667572021 255 232 229
0.06691770255565643 0.006140203680843115 0.14300000667572021 255 220 217
0.06745143979787827 0.006097265053540468 0.1420000046491623 255 249 234
0.0677853375673294 0.006097265053540468 0.1420000046491623 255 252 237
0.06811923533678055 0.006097265053540468 0.1420000046491623 254 255 245
0.06845313310623169 0.006097265053540468 0.1420000046491623 254 255 245
0.06878703087568283 0.006097265053540468 0.1420000046491623 254 255 249
0.06912093609571457 0.006097265053540468 0.1420000046491623 254 255 249
0.06945483386516571 0.006097265053540468 0.1420000046491623 254 255 249
0.06978873163461685 0.006097265053540468 0.1420000046491623 254 255 249
0.070122629404068 0.006097265053540468 0.1420000046491623 254 255 249
0.07045652717351913 0.006097265053540468 0.1420000046491623 254 255 249
0.0702918991446495 0.006054326891899109 0.14100000262260437 254 255 249
0.07062344253063202 0.006054326891899109 0.14100000262260437 254 255 249
0.0704517662525177 0.006011388264596462 0.14000000059604645 254 255 249
0.07027538120746613 0.005968449637293816 0.13899999856948853 254 255 249
0.07060222327709198 0.005968449637293816 0.13899999856948853 255 251 245
0.07092906534671783 0.005968449637293816 0.13899999856948853 254 240 234
0.07171675562858582 0.005925511475652456 0.1379999965429306 255 241 232
0.07204125076532364 0.005925511475652456 0.1379999965429306 255 253 241
0.07236573845148087 0.005925511475652456 0.1379999965429306 255 253 241
0.07269023358821869 0.005925511475652456 0.1379999965429306 255 248 249
0.07301472872495651 0.005925511475652456 0.1379999965429306 242 227 228
0.07333921641111374 0.005925511475652456 0.1379999965429306 255 229 231
0.07366371154785156 0.005925511475652456 0.1379999965429306 244 213 215
0.06291339546442032 0.006657612510025501 0.1469999998807907 255 231 222
0.0632590502500534 0.006657612510025501 0.1469999998807907 255 241 232
0.06360470503568649 0.006657612510025501 0.1469999998807907 255 255 243
0.06395035982131958 0.006657612510025501 0.1469999998807907 255 255 243
0.06429601460695267 0.006657612510025501 0.1469999998807907 254 255 249
0.06464166939258575 0.006657612510025501 0.1469999998807907 254 255 249
0.06498732417821884 0.006657612510025501 0.1469999998807907 254 255 249
0.06533297896385193 0.006657612510025501 0.1469999998807907 254 255 249
0.06523183733224869 0.006612322758883238 0.1459999978542328 254 255 249
0.06557514518499374 0.006612322758883238 0.1459999978542328 254 255 249
0.0659184455871582 0.006612322758883238 0.1459999978542328 254 255 249
0.06626175343990326 0.006612322758883238 0.1459999978542328 254 255 249
0.06660505384206772 0.006612322758883238 0.1459999978542328 254 255 249
0.0664898082613945 0.006567033007740974 0.14499999582767487 254 255 249
0.06636986136436462 0.006521742790937424 0.14399999380111694 255 254 249
0.06624520570039749 0.00647645303979516 0.14300000667572021 252 249 244
0.06658145785331726 0.00647645303979516 0.14300000667572021 255 231 227
0.06691770255565643 0.00647645303979516 0.14300000667572021 246 214 210
0.06745143979787827 0.006431163288652897 0.1420000046491623 255 253 239
0.0677853375673294 0.006431163288652897 0.1420000046491623 255 253 239
0.06811923533678055 0.006431163288652897 0.1420000046491623 254 255 247
0.06845313310623169 0.006431163288652897 0.1420000046491623 254 255 247
0.06878703087568283 0.006431163288652897 0.1420000046491623 254 255 249
0.06912093609571457 0.006431163288652897 0.1420000046491623 254 255 249
0.06945483386516571 0.006431163288652897 0.1420000046491623 254 255 249
0.06978873163461685 0.006431163288652897 0.1420000046491623 254 255 249
0.070122629404068 0.006431163288652897 0.1420000046491623 254 255 249
0.07045652717351913 0.006431163288652897 0.1420000046491623 254 255 249
0.0702918991446495 0.0063858735375106335 0.14100000262260437 254 255 249
0.07012256979942322 0.006340583320707083 0.14000000059604645 254 255 249
0.0704517662525177 0.006340583320707083 0.14000000059604645 254 255 249
0.07027538120746613 0.006295293569564819 0.13899999856948853 253 254 248
0.07060222327709198 0.006295293569564819 0.13899999856948853 255 249 244
0.07041878998279572 0.006250003818422556 0.1379999965429306 236 220 215
0.07171675562858582 0.006250003818422556 0.1379999965429306 255 243 228
0.07204125076532364 0.006250003818422556 0.1379999965429306 255 254 237
0.07236573845148087 0.006250003818422556 0.1379999965429306 255 254 237
0.07269023358821869 0.006250003818422556 0.1379999965429306 255 246 242
0.07301472872495651 0.006250003818422556 0.1379999965429306 239 225 221
0.07333921641111374 0.006250003818422556 0.1379999965429306 245 206 213
0.07366371154785156 0.006250003818422556 0.1379999965429306 240 201 208
0.06291339546442032 0.007003267761319876 0.1469999998807907 255 242 225
0.0632590502500534 0.007003267761319876 0.1469999998807907 255 246 229
0.06360470503568649 0.007003267761319876 0.1469999998807907 255 255 243
0.06395035982131958 0.007003267761319876 0.1469999998807907 255 255 243
0.06429601460695267 0.007003267761319876 0.1469999998807907 254 255 249
0.06464166939258575 0.007003267761319876 0.1469999998807907 254 255 249
0.06498732417821884 0.007003267761319876 0.1469999998807907 254 255 249
0.06533297896385193 0.007003267761319876 0.1469999998807907 254 255 249
0.06567863374948502 0.007003267761319876 0.1469999998807907 254 255 249
0.0660242885351181 0.007003267761319876 0.1469999998807907 254 255 249
0.0659184455871582 0.006955626420676708 0.1459999978542328 254 255 249
0.06626175343990326 0.006955626420676708 0.1459999978542328 254 255 249
0.06660505384206772 0.006955626420676708 0.1459999978542328 254 255 249
0.0664898082613945 0.006907985080033541 0.14499999582767487 254 255 249
0.06636986136436462 0.006860343739390373 0.14399999380111694 255 254 249
0.06624520570039749 0.006812702398747206 0.14300000667572021 254 251 246
0.06658145785331726 0.006812702398747206 0.14300000667572021 255 224 218
0.06691770255565643 0.006812702398747206 0.14300000667572021 246 214 208
0.06745143979787827 0.006765061058104038 0.1420000046491623 255 255 239
0.0677853375673294 0.006765061058104038 0.1420000046491623 255 255 239
0.06811923533678055 0.006765061058104038 0.1420000046491623 254 255 247
0.06845313310623169 0.006765061058104038 0.1420000046491623 254 255 247
0.06878703087568283 0.006765061058104038 0.1420000046491623 254 255 249
0.06912093609571457 0.006765061058104038 0.1420000046491623 254 255 249
0.06945483386516571 0.006765061058104038 0.1420000046491623 254 255 249
0.06978873163461685 0.006765061058104038 0.1420000046491623 254 255 249
0.070122629404068 0.006765061058104038 0.1420000046491623 254 255 249
0.0699603483080864 0.006717419717460871 0.14100000262260437 254 255 249
0.0702918991446495 0.006717419717460871 0.14100000262260437 254 255 249
0.07012256979942322 0.006669778376817703 0.14000000059604645 254 255 249
0.06994853913784027 0.006622137501835823 0.13899999856948853 254 255 249
0.07027538120746613 0.006622137501835823 0.13899999856948853 254 255 249
0.07060222327709198 0.006622137501835823 0.13899999856948853 255 245 244
0.07041878998279572 0.0065744961611926556 0.1379999965429306 238 215 214
0.07171675562858582 0.0065744961611926556 0.1379999965429306 255 238 220
0.07204125076532364 0.0065744961611926556 0.1379999965429306 255 252 236
0.07236573845148087 0.0065744961611926556 0.1379999965429306 255 253 237
0.07269023358821869 0.0065744961611926556 0.1379999965429306 255 241 237
0.07301472872495651 0.0065744961611926556 0.1379999965429306 247 228 224
0.06291339546442032 0.007348922546952963 0.1469999998807907 255 244 226
0.0632590502500534 0.007348922546952963 0.1469999998807907 255 246 228
0.06360470503568649 0.007348922546952963 0.1469999998807907 255 255 243
0.06395035982131958 0.007348922546952963 0.1469999998807907 255 255 243
0.06429601460695267 0.007348922546952963 0.1469999998807907 254 255 249
0.06464166939258575 0.007348922546952963 0.1469999998807907 254 255 249
0.06498732417821884 0.007348922546952963 0.1469999998807907 254 255 249
0.06533297896385193 0.007348922546952963 0.1469999998807907 254 255 249
0.06567863374948502 0.007348922546952963 0.1469999998807907 254 255 249
0.0660242885351181 0.007348922546952963 0.1469999998807907 254 255 249
0.0659184455871582 0.007298929616808891 0.1459999978542328 254 255 249
0.06626175343990326 0.007298929616808891 0.1459999978542328 254 255 249
0.06660505384206772 0.007298929616808891 0.1459999978542328 254 255 249
0.0664898082613945 0.007248937152326107 0.14499999582767487 254 255 249
0.06636986136436462 0.007198944687843323 0.14399999380111694 255 252 245
0.06624520570039749 0.007148951757699251 0.14300000667572021 244 233 226
0.06745143979787827 0.007098959293216467 0.1420000046491623 255 255 235
0.0677853375673294 0.007098959293216467 0.1420000046491623 255 255 235
0.06811923533678055 0.007098959293216467 0.1420000046491623 254 255 243
0.06845313310623169 0.007098959293216467 0.1420000046491623 254 255 243
0.06878703087568283 0.007098959293216467 0.1420000046491623 254 255 249
0.06912093609571457 0.007098959293216467 0.1420000046491623 254 255 249
0.06945483386516571 0.007098959293216467 0.1420000046491623 254 255 249
0.06978873163461685 0.007098959293216467 0.1420000046491623 254 255 249
0.070122629404068 0.007098959293216467 0.1420000046491623 254 255 249
0.0699603483080864 0.007048966363072395 0.14100000262260437 254 255 249
0.0702918991446495 0.007048966363072395 0.14100000262260437 254 255 249
0.07012256979942322 0.006998973898589611 0.14000000059604645 254 255 249
0.06994853913784027 0.0069489809684455395 0.13899999856948853 255 255 249
0.07027538120746613 0.0069489809684455395 0.13899999856948853 255 255 249
0.07009429484605789 0.006898988503962755 0.1379999965429306 252 226 226
0.07041878998279572 0.006898988503962755 0.1379999965429306 230 204 204
0.07171675562858582 0.006898988503962755 0.1379999965429306 255 234 217
0.07204125076532364 0.006898988503962755 0.1379999965429306 255 252 236
0.07236573845148087 0.006898988503962755 0.1379999965429306 255 252 236
0.07269023358821869 0.006898988503962755 0.1379999965429306 255 236 233
0.07301472872495651 0.006898988503962755 0.1379999965429306 241 218 215
0.06291339546442032 0.00769457733258605 0.1469999998807907 255 245 229
0.0632590502500534 0.00769457733258605 0.1469999998807907 255 246 230
0.06360470503568649 0.00769457733258605 0.1469999998807907 255 255 243
0.06395035982131958 0.00769457733258605 0.1469999998807907 255 255 243
0.06429601460695267 0.00769457733258605 0.1469999998807907 254 255 249
0.06464166939258575 0.00769457733258605 0.1469999998807907 254 255 249
0.06498732417821884 0.00769457733258605 0.1469999998807907 254 255 249
0.06533297896385193 0.00769457733258605 0.1469999998807907 254 255 249
0.06567863374948502 0.00769457733258605 0.1469999998807907 254 255 249
0.0660242885351181 0.00769457733258605 0.1469999998807907 254 255 249
0.0659184455871582 0.007642233278602362 0.1459999978542328 254 255 249
0.06626175343990326 0.007642233278602362 0.1459999978542328 254 255 249
0.06614885479211807 0.007589889224618673 0.14499999582767487 254 255 247
0.06603125482797623 0.007537545170634985 0.14399999380111694 254 255 247
0.06636986136436462 0.007537545170634985 0.14399999380111694 255 246 239
0.06624520570039749 0.007485201116651297 0.14300000667572021 248 232 225
0.06745143979787827 0.007432857062667608 0.1420000046491623 255 254 233
0.0677853375673294 0.007432857062667608 0.1420000046491623 255 254 233
0.06811923533678055 0.007432857062667608 0.1420000046491623 254 255 241
0.06845313310623169 0.007432857062667608 0.1420000046491623 254 255 241
0.06878703087568283 0.007432857062667608 0.1420000046491623 254 255 249
0.06912093609571457 0.007432857062667608 0.1420000046491623 254 255 249
0.06945483386516571 0.007432857062667608 0.1420000046491623 254 255 249
0.06978873163461685 0.007432857062667608 0.1420000046491623 254 255 249
0.06962880492210388 0.00738051300868392 0.14100000262260437 254 255 249
0.0699603483080864 0.00738051300868392 0.14100000262260437 254 255 249
0.0702918991446495 0.00738051300868392 0.14100000262260437 254 255 249
0.07012256979942322 0.0073281689547002316 0.14000000059604645 254 255 249
0.06994853913784027 0.007275824900716543 0.13899999856948853 255 254 249
0.07027538120746613 0.007275824900716543 0.13899999856948853 255 253 248
0.07009429484605789 0.007223480846732855 0.1379999965429306 250 214 216
0.07041878998279572 0.007223480846732855 0.1379999965429306 227 191 193
0.07204125076532364 0.007223480846732855 0.1379999965429306 255 252 239
0.07236573845148087 0.007223480846732855 0.1379999965429306 255 248 235
0.07269023358821869 0.007223480846732855 0.1379999965429306 251 225 225
0.07301472872495651 0.007223480846732855 0.1379999965429306 239 213 213
0.06291339546442032 0.008040232583880424 0.1469999998807907 255 245 229
0.0632590502500534 0.008040232583880424 0.1469999998807907 255 246 230
0.06360470503568649 0.008040232583880424 0.1469999998807907 255 255 243
0.06395035982131958 0.008040232583880424 0.1469999998807907 255 255 243
0.06429601460695267 0.008040232583880424 0.1469999998807907 254 255 249
0.06464166939258575 0.008040232583880424 0.1469999998807907 254 255 249
0.06498732417821884 0.008040232583880424 0.1469999998807907 254 255 249
0.06533297896385193 0.008040232583880424 0.1469999998807907 254 255 249
0.06567863374948502 0.008040232583880424 0.1469999998807907 254 255 249
0.0660242885351181 0.008040232583880424 0.1469999998807907 254 255 249
0.0659184455871582 0.007985536940395832 0.1459999978542328 254 255 249
0.06626175343990326 0.007985536940395832 0.1459999978542328 254 255 249
0.06614885479211807 0.00793084129691124 0.14499999582767487 255 254 247
0.06603125482797623 0.007876145653426647 0.14399999380111694 255 252 245
0.06636986136436462 0.007876145653426647 0.14399999380111694 254 224 217
0.06624520570039749 0.00782145094126463 0.14300000667572021 244 214 207
0.06745143979787827 0.00776675483211875 0.1420000046491623 255 253 228
0.0677853375673294 0.00776675483211875 0.1420000046491623 255 254 229
0.06811923533678055 0.00776675483211875 0.1420000046491623 254 255 241
0.06845313310623169 0.00776675483211875 0.1420000046491623 254 255 241
0.06878703087568283 0.00776675483211875 0.1420000046491623 254 255 249
0.06912093609571457 0.00776675483211875 0.1420000046491623 254 255 249
0.06945483386516571 0.00776675483211875 0.1420000046491623 254 255 249
0.06978873163461685 0.00776675483211875 0.1420000046491623 254 255 249
0.06962880492210388 0.0077120596542954445 0.14100000262260437 254 255 249
0.0699603483080864 0.0077120596542954445 0.14100000262260437 254 255 249
0.06979337334632874 0.007657364010810852 0.14000000059604645 254 255 249
0.07012256979942322 0.007657364010810852 0.14000000059604645 254 255 249
0.06994853913784027 0.007602668832987547 0.13899999856948853 255 252 247
0.07027538120746613 0.007602668832987547 0.13899999856948853 254 245 240
0.07204125076532364 0.0075479731895029545 0.1379999965429306 255 250 239
0.07236573845148087 0.0075479731895029545 0.1379999965429306 255 245 234
0.07269023358821869 0.0075479731895029545 0.1379999965429306 248 225 222
0.07301472872495651 0.0075479731895029545 0.1379999965429306 239 216 213
0.06291339546442032 0.008385887369513512 0.1469999998807907 255 245 229
0.0632590502500534 0.008385887369513512 0.1469999998807907 255 247 231
0.06360470503568649 0.008385887369513512 0.1469999998807907 255 255 243
0.06395035982131958 0.008385887369513512 0.1469999998807907 255 255 243
0.06429601460695267 0.008385887369513512 0.1469999998807907 254 255 249
0.06464166939258575 0.008385887369513512 0.1469999998807907 254 255 249
0.06498732417821884 0.008385887369513512 0.1469999998807907 254 255 249
0.06533297896385193 0.008385887369513512 0.1469999998807907 254 255 249
0.06567863374948502 0.008385887369513512 0.1469999998807907 254 255 249
0.06557514518499374 0.008328840136528015 0.1459999978542328 254 255 249
0.0659184455871582 0.008328840136528015 0.1459999978542328 254 255 249
0.06626175343990326 0.008328840136528015 0.1459999978542328 254 255 249
0.06614885479211807 0.008271793834865093 0.14499999582767487 255 249 245
0.06603125482797623 0.008214746601879597 0.14399999380111694 255 241 237
0.06745143979787827 0.008100653067231178 0.1420000046491623 255 250 222
0.0677853375673294 0.008100653067231178 0.1420000046491623 255 252 224
0.06811923533678055 0.008100653067231178 0.1420000046491623 254 255 241
0.06845313310623169 0.008100653067231178 0.1420000046491623 254 255 241
0.06878703087568283 0.008100653067231178 0.1420000046491623 254 255 249
0.06912093609571457 0.008100653067231178 0.1420000046491623 254 255 249
0.06945483386516571 0.008100653067231178 0.1420000046491623 254 255 249
0.06978873163461685 0.008100653067231178 0.1420000046491623 254 255 249
0.06962880492210388 0.008043605834245682 0.14100000262260437 254 255 249
0.0699603483080864 0.008043605834245682 0.14100000262260437 254 255 249
0.06979337334632874 0.00798655953258276 0.14000000059604645 254 255 249
0.07012256979942322 0.00798655953258276 0.14000000059604645 253 254 248
0.06994853913784027 0.007929512299597263 0.13899999856948853 255 246 245
0.07027538120746613 0.007929512299597263 0.13899999856948853 238 217 216
0.07204125076532364 0.007872465997934341 0.1379999965429306 255 250 237
0.07236573845148087 0.007872465997934341 0.1379999965429306 255 246 233
0.07269023358821869 0.007872465997934341 0.1379999965429306 255 234 231
0.07301472872495651 0.007872465997934341 0.1379999965429306 244 223 220
0.06291339546442032 0.008731542155146599 0.1469999998807907 255 244 228
0.0632590502500534 0.008731542155146599 0.1469999998807907 255 247 231
0.06360470503568649 0.008731542155146599 0.1469999998807907 255 255 243
0.06395035982131958 0.008731542155146599 0.1469999998807907 255 255 243
0.06429601460695267 0.008731542155146599 0.1469999998807907 254 255 249
0.06464166939258575 0.008731542155146599 0.1469999998807907 254 255 249
0.06498732417821884 0.008731542155146599 0.1469999998807907 254 255 249
0.06488853693008423 0.008672144263982773 0.1459999978542328 254 255 249
0.06523183733224869 0.008672144263982773 0.1459999978542328 254 255 249
0.06557514518499374 0.008672144263982773 0.1459999978542328 254 255 249
0.0659184455871582 0.008672144263982773 0.1459999978542328 254 254 248
0.06580790132284164 0.008612745441496372 0.14499999582767487 251 251 245
0.06614885479211807 0.008612745441496372 0.14499999582767487 248 224 226
0.06603125482797623 0.008553347550332546 0.14399999380111694 227 203 205
0.06745143979787827 0.00843455083668232 0.1420000046491623 255 247 221
0.0677853375673294 0.00843455083668232 0.1420000046491623 255 251 225
0.06811923533678055 0.00843455083668232 0.1420000046491623 254 255 241
0.06845313310623169 0.00843455083668232 0.1420000046491623 254 255 241
0.06878703087568283 0.00843455083668232 0.1420000046491623 254 255 249
0.06912093609571457 0.00843455083668232 0.1420000046491623 254 255 249
0.06945483386516571 0.00843455083668232 0.1420000046491623 254 255 249
0.06978873163461685 0.00843455083668232 0.1420000046491623 254 255 249
0.06962880492210388 0.008375152945518494 0.14100000262260437 254 255 249
0.0699603483080864 0.008375152945518494 0.14100000262260437 254 255 249
0.06979337334632874 0.008315754123032093 0.14000000059604645 255 255 249
0.07012256979942322 0.008315754123032093 0.14000000059604645 248 248 242
0.06994853913784027 0.008256356231868267 0.13899999856948853 255 230 230
0.07027538120746613 0.008256356231868267 0.13899999856948853 229 203 203
0.07204125076532364 0.008196958340704441 0.1379999965429306 255 248 234
0.07236573845148087 0.008196958340704441 0.1379999965429306 255 249 235
0.07269023358821869 0.008196958340704441 0.1379999965429306 255 247 242
0.07301472872495651 0.008196958340704441 0.1379999965429306 252 231 226
0.06291339546442032 0.009077196940779686 0.1469999998807907 255 243 228
0.0632590502500534 0.009077196940779686 0.1469999998807907 255 246 231
0.06360470503568649 0.009077196940779686 0.1469999998807907 255 255 243
0.06395035982131958 0.009077196940779686 0.1469999998807907 255 255 243
0.06385862827301025 0.009015447460114956 0.1459999978542328 254 255 249
0.06420192867517471 0.009015447460114956 0.1459999978542328 254 255 249
0.06454523652791977 0.009015447460114956 0.1459999978542328 254 255 249
0.06488853693008423 0.009015447460114956 0.1459999978542328 254 255 249
0.06523183733224869 0.009015447460114956 0.1459999978542328 254 255 249
0.06557514518499374 0.009015447460114956 0.1459999978542328 254 255 249
0.0659184455871582 0.009015447460114956 0.1459999978542328 255 252 251
0.06580790132284164 0.008953697979450226 0.14499999582767487 251 243 242
0.06745143979787827 0.008768448606133461 0.1420000046491623 255 243 220
0.0677853375673294 0.008768448606133461 0.1420000046491623 255 250 227
0.06859894841909409 0.008830198086798191 0.14300000667572021 254 255 241
0.06845313310623169 0.008768448606133461 0.1420000046491623 254 255 241
0.06878703087568283 0.008768448606133461 0.1420000046491623 254 255 249
0.06912093609571457 0.008768448606133461 0.1420000046491623 254 255 249
0.06945483386516571 0.008768448606133461 0.1420000046491623 254 255 249
0.06978873163461685 0.008768448606133461 0.1420000046491623 254 255 249
0.06962880492210388 0.008706699125468731 0.14100000262260437 254 255 249
0.0699603483080864 0.008706699125468731 0.14100000262260437 254 255 249
0.06979337334632874 0.008644949644804 0.14000000059604645 255 255 249
0.07012256979942322 0.008644949644804 0.14000000059604645 252 252 246
0.06994853913784027 0.00858320016413927 0.13899999856948853 253 216 223
0.07027538120746613 0.00858320016413927 0.13899999856948853 245 208 215
0.07204125076532364 0.00852145068347454 0.1379999965429306 255 244 230
0.07236573845148087 0.00852145068347454 0.1379999965429306 255 245 231
0.07269023358821869 0.00852145068347454 0.1379999965429306 255 245 240
0.07301472872495651 0.00852145068347454 0.1379999965429306 250 227 222
0.06291339546442032 0.009422851726412773 0.1469999998807907 255 238 222
0.0632590502500534 0.009422851726412773 0.1469999998807907 255 245 229
0.06360470503568649 0.009422851726412773 0.1469999998807907 255 255 243
0.06395035982131958 0.009422851726412773 0.1469999998807907 255 255 243
0.06385862827301025 0.009358750656247139 0.1459999978542328 254 255 249
0.06420192867517471 0.009358750656247139 0.1459999978542328 254 255 249
0.06454523652791977 0.009358750656247139 0.1459999978542328 254 255 249
0.06488853693008423 0.009358750656247139 0.1459999978542328 254 255 249
0.06523183733224869 0.009358750656247139 0.1459999978542328 254 255 249
0.06557514518499374 0.009358750656247139 0.1459999978542328 254 255 249
0.0659184455871582 0.009358750656247139 0.1459999978542328 255 239 239
0.06580790132284164 0.009294649586081505 0.14499999582767487 232 215 215
0.06826270371675491 0.009166447445750237 0.14300000667572021 255 247 228
0.06859894841909409 0.009166447445750237 0.14300000667572021 254 255 241
0.06845313310623169 0.009102347306907177 0.1420000046491623 254 255 241
0.06878703087568283 0.009102347306907177 0.1420000046491623 254 255 249
0.06912093609571457 0.009102347306907177 0.1420000046491623 254 255 249
0.06945483386516571 0.009102347306907177 0.1420000046491623 254 255 249
0.06978873163461685 0.009102347306907177 0.1420000046491623 254 255 249
0.06962880492210388 0.009038246236741543 0.14100000262260437 254 255 249
0.0699603483080864 0.009038246236741543 0.14100000262260437 254 255 249
0.06979337334632874 0.008974145166575909 0.14000000059604645 255 252 249
0.07012256979942322 0.008974145166575909 0.14000000059604645 255 250 247
0.07236573845148087 0.00884594302624464 0.1379999965429306 255 246 229
0.07269023358821869 0.00884594302624464 0.1379999965429306 255 236 237
0.07301472872495651 0.00884594302624464 0.1379999965429306 246 218 219
0.0632590502500534 0.00976850651204586 0.1469999998807907 255 243 227
0.06360470503568649 0.00976850651204586 0.1469999998807907 255 253 242
0.06395035982131958 0.00976850651204586 0.1469999998807907 255 254 243
0.06385862827301025 0.009702054783701897 0.1459999978542328 254 255 249
0.06420192867517471 0.009702054783701897 0.1459999978542328 254 255 249
0.06454523652791977 0.009702054783701897 0.1459999978542328 254 255 249
0.06488853693008423 0.009702054783701897 0.1459999978542328 254 255 249
0.06523183733224869 0.009702054783701897 0.1459999978542328 255 255 247
0.06557514518499374 0.009702054783701897 0.1459999978542328 253 251 243
0.06546695530414581 0.009635602124035358 0.14499999582767487 245 219 219
0.06580790132284164 0.009635602124035358 0.14499999582767487 243 217 217
0.06826270371675491 0.009502696804702282 0.14300000667572021 255 247 225
0.06859894841909409 0.009502696804702282 0.14300000667572021 255 255 239
0.06845313310623169 0.009436245076358318 0.1420000046491623 255 255 239
0.06878703087568283 0.009436245076358318 0.1420000046491623 254 255 247
0.06912093609571457 0.009436245076358318 0.1420000046491623 254 255 247
0.06945483386516571 0.009436245076358318 0.1420000046491623 254 255 249
0.06929726153612137 0.00936979241669178 0.14100000262260437 254 255 249
0.06962880492210388 0.00936979241669178 0.14100000262260437 254 255 247
0.0699603483080864 0.00936979241669178 0.14100000262260437 252 254 245
0.06979337334632874 0.009303339757025242 0.14000000059604645 255 246 247
0.07012256979942322 0.009303339757025242 0.14000000059604645 255 236 237
0.07236573845148087 0.00917043536901474 0.1379999965429306 255 242 226
0.07269023358821869 0.00917043536901474 0.1379999965429306 255 231 233
0.07301472872495651 0.00917043536901474 0.1379999965429306 253 215 217
0.0632590502500534 0.010114162229001522 0.1469999998807907 255 237 225
0.06360470503568649 0.010114162229001522 0.1469999998807907 255 250 239
0.0635153204202652 0.01004535797983408 0.1459999978542328 255 252 241
0.06385862827301025 0.01004535797983408 0.1459999978542328 255 255 247
0.06420192867517471 0.01004535797983408 0.1459999978542328 255 255 247
0.06454523652791977 0.01004535797983408 0.1459999978542328 254 255 246
0.06488853693008423 0.01004535797983408 0.1459999978542328 254 255 246
0.06523183733224869 0.01004535797983408 0.1459999978542328 255 251 246
0.06557514518499374 0.01004535797983408 0.1459999978542328 251 242 237
0.06826270371675491 0.009838946163654327 0.14300000667572021 255 245 221
0.06859894841909409 0.009838946163654327 0.14300000667572021 255 255 233
0.06845313310623169 0.00977014284580946 0.1420000046491623 255 255 233
0.06878703087568283 0.00977014284580946 0.1420000046491623 254 255 243
0.06912093609571457 0.00977014284580946 0.1420000046491623 254 255 243
0.06945483386516571 0.00977014284580946 0.1420000046491623 254 255 245
0.06929726153612137 0.009701338596642017 0.14100000262260437 253 255 244
0.06962880492210388 0.009701338596642017 0.14100000262260437 255 254 244
0.0699603483080864 0.009701338596642017 0.14100000262260437 247 245 235
0.06979337334632874 0.00963253527879715 0.14000000059604645 254 223 225
0.07012256979942322 0.00963253527879715 0.14000000059604645 232 201 203
0.07269023358821869 0.00949492771178484 0.1379999965429306 255 220 225
0.06360470503568649 0.01045981701463461 0.1469999998807907 255 244 237
0.0635153204202652 0.010388661175966263 0.1459999978542328 255 246 239
0.06385862827301025 0.010388661175966263 0.1459999978542328 255 251 245
0.06420192867517471 0.010388661175966263 0.1459999978542328 255 250 244
0.06454523652791977 0.010388661175966263 0.1459999978542328 255 251 246
0.06488853693008423 0.010388661175966263 0.1459999978542328 255 249 244
0.06523183733224869 0.010388661175966263 0.1459999978542328 255 235 233
0.06557514518499374 0.010388661175966263 0.1459999978542328 255 239 237
0.06859894841909409 0.010175195522606373 0.14300000667572021 255 254 225
0.06845313310623169 0.010104040615260601 0.1420000046491623 255 254 225
0.06878703087568283 0.010104040615260601 0.1420000046491623 255 255 239
0.06912093609571457 0.010104040615260601 0.1420000046491623 255 255 239
0.06945483386516571 0.010104040615260601 0.1420000046491623 255 255 245
0.06929726153612137 0.01003288570791483 0.14100000262260437 254 255 244
0.06962880492210388 0.01003288570791483 0.14100000262260437 255 250 247
0.0699603483080864 0.01003288570791483 0.14100000262260437 252 236 233
