0.06498732417821884 0.004929338116198778 0.1469999998807907 255 250 236
0.06533297896385193 0.004929338116198778 0.1469999998807907 255 251 237
0.06567863374948502 0.004929338116198778 0.1469999998807907 255 253 241
0.0660242885351181 0.004929338116198778 0.1469999998807907 255 253 241
0.0659184455871582 0.004895804915577173 0.1459999978542328 255 242 244
0.06626175343990326 0.004895804915577173 0.1459999978542328 252 221 223
0.06464166939258575 0.005274992901831865 0.1469999998807907 255 252 237
0.06498732417821884 0.005274992901831865 0.1469999998807907 255 255 245
0.06533297896385193 0.005274992901831865 0.1469999998807907 255 255 245
0.06567863374948502 0.005274992901831865 0.1469999998807907 255 255 247
0.0660242885351181 0.005274992901831865 0.1469999998807907 255 255 247
0.0659184455871582 0.005239108577370644 0.1459999978542328 255 251 249
0.06626175343990326 0.005239108577370644 0.1459999978542328 252 242 240
0.06660505384206772 0.005239108577370644 0.1459999978542328 254 228 228
0.0664898082613945 0.005203224252909422 0.14499999582767487 249 223 223
0.06811923533678055 0.005095571279525757 0.1420000046491623 255 250 236
0.06845313310623169 0.005095571279525757 0.1420000046491623 255 251 237
0.07027538120746613 0.004987918306142092 0.13899999856948853 255 253 249
0.07060222327709198 0.004987918306142092 0.13899999856948853 255 243 238
0.08187001943588257 0.004880265332758427 0.13600000739097595 255 239 223
0.08218980580568314 0.004880265332758427 0.13600000739097595 255 236 220
0.0825095996260643 0.004880265332758427 0.13600000739097595 255 224 216
0.0635153204202652 0.005582412239164114 0.1459999978542328 255 250 231
0.06385862827301025 0.005582412239164114 0.1459999978542328 255 255 243
0.06420192867517471 0.005582412239164114 0.1459999978542328 255 255 243
0.06454523652791977 0.005582412239164114 0.1459999978542328 254 255 249
0.06488853693008423 0.005582412239164114 0.1459999978542328 254 255 249
0.06523183733224869 0.005582412239164114 0.1459999978542328 254 255 249
0.06557514518499374 0.005582412239164114 0.1459999978542328 254 255 249
0.0659184455871582 0.005582412239164114 0.1459999978542328 255 255 249
0.06580790132284164 0.005544176325201988 0.14499999582767487 255 255 249
0.06614885479211807 0.005544176325201988 0.14499999582767487 255 251 250
0.06603125482797623 0.00550594087690115 0.14399999380111694 255 250 249
0.06636986136436462 0.00550594087690115 0.14399999380111694 250 228 232
0.06670846045017242 0.00550594087690115 0.14399999380111694 241 219 223
0.0677853375673294 0.0054294695146381855 0.1420000046491623 255 239 236
0.06811923533678055 0.0054294695146381855 0.1420000046491623 255 255 239
0.06845313310623169 0.0054294695146381855 0.1420000046491623 255 255 239
0.06878703087568283 0.0054294695146381855 0.1420000046491623 255 255 245
0.0696076974272728 0.005467704962939024 0.14300000667572021 255 255 245
0.06994394958019257 0.005467704962939024 0.14300000667572021 255 255 249
0.07028020173311234 0.005467704962939024 0.14300000667572021 255 255 249
0.07061644643545151 0.005467704962939024 0.14300000667572021 254 255 249
0.07095269858837128 0.005467704962939024 0.14300000667572021 254 255 249
0.0704517662525177 0.005352998152375221 0.14000000059604645 254 255 249
0.07027538120746613 0.0053147622384130955 0.13899999856948853 254 255 249
0.07060222327709198 0.0053147622384130955 0.13899999856948853 255 248 247
0.07041878998279572 0.00527652632445097 0.1379999965429306 255 243 242
0.07269023358821869 0.00527652632445097 0.1379999965429306 255 250 243
0.07248563319444656 0.005238290876150131 0.13699999451637268 255 250 243
0.07280777394771576 0.005238290876150131 0.13699999451637268 255 247 242
0.07366371154785156 0.00527652632445097 0.1379999965429306 255 247 242
0.07931170612573624 0.0052000549621880054 0.13600000739097595 241 205 205
0.0796314924955368 0.0052000549621880054 0.13600000739097595 228 192 192
0.07995127886533737 0.0052000549621880054 0.13600000739097595 218 182 184
0.08027107268571854 0.0052000549621880054 0.13600000739097595 213 177 179
0.06317202001810074 0.005925715435296297 0.1459999978542328 255 252 238
0.0635153204202652 0.005925715435296297 0.1459999978542328 255 253 239
0.06385862827301025 0.005925715435296297 0.1459999978542328 254 255 247
0.06420192867517471 0.005925715435296297 0.1459999978542328 254 255 247
0.06454523652791977 0.005925715435296297 0.1459999978542328 254 255 249
0.06488853693008423 0.005925715435296297 0.1459999978542328 254 255 249
0.06523183733224869 0.005925715435296297 0.1459999978542328 254 255 249
0.06557514518499374 0.005925715435296297 0.1459999978542328 254 255 249
0.0659184455871582 0.005925715435296297 0.1459999978542328 254 255 249
0.06580790132284164 0.0058851283974945545 0.14499999582767487 254 255 249
0.06614885479211807 0.0058851283974945545 0.14499999582767487 254 255 249
0.06603125482797623 0.005844541359692812 0.14399999380111694 254 255 249
0.06636986136436462 0.005844541359692812 0.14399999380111694 255 251 251
0.06670846045017242 0.005844541359692812 0.14399999380111694 255 250 250
0.06658145785331726 0.005803954321891069 0.14300000667572021 255 228 230
0.06691770255565643 0.005803954321891069 0.14300000667572021 250 212 214
0.06745143979787827 0.005763367284089327 0.1420000046491623 255 229 224
0.0677853375673294 0.005763367284089327 0.1420000046491623 255 246 241
0.06811923533678055 0.005763367284089327 0.1420000046491623 255 255 243
0.06845313310623169 0.005763367284089327 0.1420000046491623 255 255 243
0.06878703087568283 0.005763367284089327 0.1420000046491623 254 255 249
0.06912093609571457 0.005763367284089327 0.1420000046491623 254 255 249
0.06994394958019257 0.005803954321891069 0.14300000667572021 254 255 249
0.07028020173311234 0.005803954321891069 0.14300000667572021 254 255 249
0.070122629404068 0.005763367284089327 0.1420000046491623 254 255 249
0.07045652717351913 0.005763367284089327 0.1420000046491623 254 255 249
0.0702918991446495 0.005722780246287584 0.14100000262260437 254 255 249
0.07062344253063202 0.005722780246287584 0.14100000262260437 254 255 249
0.0704517662525177 0.005682193208485842 0.14000000059604645 254 255 249
0.07027538120746613 0.005641606170684099 0.13899999856948853 254 255 249
0.07060222327709198 0.005641606170684099 0.13899999856948853 255 248 249
0.07041878998279572 0.005601019132882357 0.1379999965429306 255 236 237
0.07204125076532364 0.005601019132882357 0.1379999965429306 255 252 235
0.07236573845148087 0.005601019132882357 0.1379999965429306 255 252 235
0.07269023358821869 0.005601019132882357 0.1379999965429306 255 254 241
0.07248563319444656 0.005560431629419327 0.13699999451637268 255 252 239
0.07280777394771576 0.005560431629419327 0.13699999451637268 255 242 229
0.07312991470098495 0.005560431629419327 0.13699999451637268 255 235 222
0.07739296555519104 0.005519844591617584 0.13600000739097595 255 220 224
0.07931170612573624 0.005519844591617584 0.13600000739097595 246 211 208
0.0796314924955368 0.005519844591617584 0.13600000739097595 229 194 191
0.07995127886533737 0.005519844591617584 0.13600000739097595 212 174 176
0.08027107268571854 0.005519844591617584 0.13600000739097595 205 167 169
0.0632590502500534 0.006311957724392414 0.1469999998807907 255 239 229
0.06317202001810074 0.0062690190970897675 0.1459999978542328 255 255 239
0.0635153204202652 0.0062690190970897675 0.1459999978542328 255 255 239
0.06385862827301025 0.0062690190970897675 0.1459999978542328 254 255 249
0.06420192867517471 0.0062690190970897675 0.1459999978542328 254 255 249
0.06454523652791977 0.0062690190970897675 0.1459999978542328 254 255 249
0.06488853693008423 0.0062690190970897675 0.1459999978542328 254 255 249
0.06523183733224869 0.0062690190970897675 0.1459999978542328 254 255 249
0.06557514518499374 0.0062690190970897675 0.1459999978542328 254 255 249
0.0659184455871582 0.0062690190970897675 0.1459999978542328 254 255 249
0.06580790132284164 0.006226080935448408 0.14499999582767487 254 255 249
0.06614885479211807 0.006226080935448408 0.14499999582767487 254 255 249
0.0664898082613945 0.006226080935448408 0.14499999582767487 254 255 249
0.06636986136436462 0.0061831423081457615 0.14399999380111694 255 254 249
0.06624520570039749 0.006140203680843115 0.14300000667572021 255 252 247
0.06658145785331726 0.006140203680843115 0.14300000667572021 255 229 227
0.06691770255565643 0.006140203680843115 0.14300000667572021 251 220 218
0.06745143979787827 0.006097265053540468 0.1420000046491623 255 247 238
0.0677853375673294 0.006097265053540468 0.1420000046491623 255 250 241
0.06811923533678055 0.006097265053540468 0.1420000046491623 254 255 247
0.06845313310623169 0.006097265053540468 0.1420000046491623 254 255 247
0.06878703087568283 0.006097265053540468 0.1420000046491623 254 255 249
0.06912093609571457 0.006097265053540468 0.1420000046491623 254 255 249
0.06994394958019257 0.006140203680843115 0.14300000667572021 254 255 249
0.06978873163461685 0.006097265053540468 0.1420000046491623 254 255 249
0.070122629404068 0.006097265053540468 0.1420000046491623 254 255 249
0.07045652717351913 0.006097265053540468 0.1420000046491623 254 255 249
0.0702918991446495 0.006054326891899109 0.14100000262260437 254 255 249
0.07012256979942322 0.006011388264596462 0.14000000059604645 254 255 249
0.0704517662525177 0.006011388264596462 0.14000000059604645 254 255 249
0.07027538120746613 0.005968449637293816 0.13899999856948853 254 255 249
0.07060222327709198 0.005968449637293816 0.13899999856948853 255 249 249
0.07041878998279572 0.005925511475652456 0.1379999965429306 245 228 228
0.07171675562858582 0.005925511475652456 0.1379999965429306 255 231 223
0.07204125076532364 0.005925511475652456 0.1379999965429306 255 253 236
0.07236573845148087 0.005925511475652456 0.1379999965429306 255 253 236
0.07269023358821869 0.005925511475652456 0.1379999965429306 250 244 229
0.07248563319444656 0.00588257284834981 0.13699999451637268 235 229 214
0.07707317918539047 0.005839634221047163 0.13600000739097595 255 216 218
0.07739296555519104 0.005839634221047163 0.13600000739097595 255 217 223
0.08955910801887512 0.00588257284834981 0.13699999451637268 189 151 151
0.08988124877214432 0.00588257284834981 0.13699999451637268 189 151 151
0.0632590502500534 0.006657612510025501 0.1469999998807907 255 241 228
0.06317202001810074 0.006612322758883238 0.1459999978542328 255 255 241
0.0635153204202652 0.006612322758883238 0.1459999978542328 255 255 241
0.06385862827301025 0.006612322758883238 0.1459999978542328 254 255 249
0.06420192867517471 0.006612322758883238 0.1459999978542328 254 255 249
0.06454523652791977 0.006612322758883238 0.1459999978542328 254 255 249
0.06488853693008423 0.006612322758883238 0.1459999978542328 254 255 249
0.06523183733224869 0.006612322758883238 0.1459999978542328 254 255 249
0.06557514518499374 0.006612322758883238 0.1459999978542328 254 255 249
0.0659184455871582 0.006612322758883238 0.1459999978542328 254 255 249
0.06626175343990326 0.006612322758883238 0.1459999978542328 254 255 249
0.06614885479211807 0.006567033007740974 0.14499999582767487 254 255 249
0.06603125482797623 0.006521742790937424 0.14399999380111694 254 255 249
0.06636986136436462 0.006521742790937424 0.14399999380111694 255 255 249
0.06624520570039749 0.00647645303979516 0.14300000667572021 255 255 249
0.06658145785331726 0.00647645303979516 0.14300000667572021 255 243 241
0.06691770255565643 0.00647645303979516 0.14300000667572021 253 222 220
0.06759020686149597 0.00647645303979516 0.14300000667572021 255 229 221
0.06745143979787827 0.006431163288652897 0.1420000046491623 255 253 241
0.0677853375673294 0.006431163288652897 0.1420000046491623 255 253 241
0.06811923533678055 0.006431163288652897 0.1420000046491623 254 255 247
0.06845313310623169 0.006431163288652897 0.1420000046491623 254 255 247
0.06878703087568283 0.006431163288652897 0.1420000046491623 254 255 249
0.0696076974272728 0.00647645303979516 0.14300000667572021 254 255 249
0.06994394958019257 0.00647645303979516 0.14300000667572021 254 255 249
0.06978873163461685 0.006431163288652897 0.1420000046491623 254 255 249
0.070122629404068 0.006431163288652897 0.1420000046491623 254 255 249
0.07045652717351913 0.006431163288652897 0.1420000046491623 254 255 249
0.0702918991446495 0.0063858735375106335 0.14100000262260437 254 255 249
0.07012256979942322 0.006340583320707083 0.14000000059604645 254 255 249
0.0704517662525177 0.006340583320707083 0.14000000059604645 254 255 249
0.07027538120746613 0.006295293569564819 0.13899999856948853 254 255 249
0.07060222327709198 0.006295293569564819 0.13899999856948853 255 248 245
0.07041878998279572 0.006250003818422556 0.1379999965429306 234 218 215
0.07171675562858582 0.006250003818422556 0.1379999965429306 255 234 224
0.07204125076532364 0.006250003818422556 0.1379999965429306 255 253 236
0.07236573845148087 0.006250003818422556 0.1379999965429306 255 254 237
0.07269023358821869 0.006250003818422556 0.1379999965429306 255 250 241
0.07248563319444656 0.006204713601619005 0.13699999451637268 246 237 228
0.06291339546442032 0.007003267761319876 0.1469999998807907 255 241 223
0.0632590502500534 0.007003267761319876 0.1469999998807907 255 245 227
0.06317202001810074 0.006955626420676708 0.1459999978542328 255 255 241
0.0635153204202652 0.006955626420676708 0.1459999978542328 255 255 241
0.06385862827301025 0.006955626420676708 0.1459999978542328 254 255 249
0.06420192867517471 0.006955626420676708 0.1459999978542328 254 255 249
0.06454523652791977 0.006955626420676708 0.1459999978542328 254 255 249
0.06488853693008423 0.006955626420676708 0.1459999978542328 254 255 249
0.06523183733224869 0.006955626420676708 0.1459999978542328 254 255 249
0.06557514518499374 0.006955626420676708 0.1459999978542328 254 255 249
0.0659184455871582 0.006955626420676708 0.1459999978542328 254 255 249
0.06580790132284164 0.006907985080033541 0.14499999582767487 254 255 249
0.06614885479211807 0.006907985080033541 0.14499999582767487 254 255 249
0.06603125482797623 0.006860343739390373 0.14399999380111694 254 255 249
0.06590895354747772 0.006812702398747206 0.14300000667572021 255 252 248
0.06624520570039749 0.006812702398747206 0.14300000667572021 253 248 244
0.06658145785331726 0.006812702398747206 0.14300000667572021 255 222 222
0.06691770255565643 0.006812702398747206 0.14300000667572021 246 210 210
0.06759020686149597 0.006812702398747206 0.14300000667572021 255 228 219
0.06745143979787827 0.006765061058104038 0.1420000046491623 255 253 241
0.0677853375673294 0.006765061058104038 0.1420000046491623 255 253 241
0.06811923533678055 0.006765061058104038 0.1420000046491623 254 255 247
0.06845313310623169 0.006765061058104038 0.1420000046491623 254 255 247
0.06878703087568283 0.006765061058104038 0.1420000046491623 254 255 249
0.0696076974272728 0.006812702398747206 0.14300000667572021 254 255 249
0.06945483386516571 0.006765061058104038 0.1420000046491623 254 255 249
0.06978873163461685 0.006765061058104038 0.1420000046491623 254 255 249
0.070122629404068 0.006765061058104038 0.1420000046491623 254 255 249
0.0699603483080864 0.006717419717460871 0.14100000262260437 254 255 249
0.0702918991446495 0.006717419717460871 0.14100000262260437 254 255 249
0.07012256979942322 0.006669778376817703 0.14000000059604645 254 255 249
0.0704517662525177 0.006669778376817703 0.14000000059604645 254 255 249
0.07027538120746613 0.006622137501835823 0.13899999856948853 253 254 248
0.07060222327709198 0.006622137501835823 0.13899999856948853 255 247 246
0.07041878998279572 0.0065744961611926556 0.1379999965429306 255 232 231
0.07171675562858582 0.0065744961611926556 0.1379999965429306 255 232 221
0.07204125076532364 0.0065744961611926556 0.1379999965429306 255 252 239
0.07236573845148087 0.0065744961611926556 0.1379999965429306 255 252 239
0.07216349244117737 0.006526854820549488 0.13699999451637268 255 246 243
0.07248563319444656 0.006526854820549488 0.13699999451637268 228 212 209
0.06291339546442032 0.007348922546952963 0.1469999998807907 255 244 224
0.0632590502500534 0.007348922546952963 0.1469999998807907 255 247 227
0.06317202001810074 0.007298929616808891 0.1459999978542328 255 255 241
0.0635153204202652 0.007298929616808891 0.1459999978542328 255 255 241
0.06385862827301025 0.007298929616808891 0.1459999978542328 254 255 249
0.06420192867517471 0.007298929616808891 0.1459999978542328 254 255 249
0.06454523652791977 0.007298929616808891 0.1459999978542328 254 255 249
0.06488853693008423 0.007298929616808891 0.1459999978542328 254 255 249
0.06523183733224869 0.007298929616808891 0.1459999978542328 254 255 249
0.06557514518499374 0.007298929616808891 0.1459999978542328 254 255 249
0.0659184455871582 0.007298929616808891 0.1459999978542328 254 255 249
0.06580790132284164 0.007248937152326107 0.14499999582767487 254 255 249
0.06614885479211807 0.007248937152326107 0.14499999582767487 254 255 249
0.06590895354747772 0.007148951757699251 0.14300000667572021 255 250 247
0.06624520570039749 0.007148951757699251 0.14300000667572021 244 228 225
0.06745143979787827 0.007098959293216467 0.1420000046491623 255 252 240
0.0677853375673294 0.007098959293216467 0.1420000046491623 255 253 241
0.06811923533678055 0.007098959293216467 0.1420000046491623 254 255 247
0.06845313310623169 0.007098959293216467 0.1420000046491623 254 255 247
0.06878703087568283 0.007098959293216467 0.1420000046491623 254 255 249
0.06912093609571457 0.007098959293216467 0.1420000046491623 254 255 249
0.06945483386516571 0.007098959293216467 0.1420000046491623 254 255 249
0.06978873163461685 0.007098959293216467 0.1420000046491623 254 255 249
0.070122629404068 0.007098959293216467 0.1420000046491623 254 255 249
0.0699603483080864 0.007048966363072395 0.14100000262260437 254 255 249
0.0702918991446495 0.007048966363072395 0.14100000262260437 254 255 249
0.07012256979942322 0.006998973898589611 0.14000000059604645 254 255 249
0.0704517662525177 0.006998973898589611 0.14000000059604645 255 255 249
0.07027538120746613 0.0069489809684455395 0.13899999856948853 254 254 248
0.07060222327709198 0.0069489809684455395 0.13899999856948853 255 230 231
0.07041878998279572 0.006898988503962755 0.1379999965429306 236 208 209
0.07204125076532364 0.006898988503962755 0.1379999965429306 255 253 236
0.07236573845148087 0.006898988503962755 0.1379999965429306 255 254 237
0.07216349244117737 0.006848995573818684 0.13699999451637268 245 229 226
0.07248563319444656 0.006848995573818684 0.13699999451637268 232 216 213
0.06291339546442032 0.00769457733258605 0.1469999998807907 255 244 227
0.0632590502500534 0.00769457733258605 0.1469999998807907 255 246 229
0.06317202001810074 0.007642233278602362 0.1459999978542328 255 255 243
0.0635153204202652 0.007642233278602362 0.1459999978542328 255 255 243
0.06385862827301025 0.007642233278602362 0.1459999978542328 254 255 249
0.06420192867517471 0.007642233278602362 0.1459999978542328 254 255 249
0.06454523652791977 0.007642233278602362 0.1459999978542328 254 255 249
0.06488853693008423 0.007642233278602362 0.1459999978542328 254 255 249
0.06523183733224869 0.007642233278602362 0.1459999978542328 254 255 249
0.06557514518499374 0.007642233278602362 0.1459999978542328 254 255 249
0.0659184455871582 0.007642233278602362 0.1459999978542328 254 255 249
0.06580790132284164 0.007589889224618673 0.14499999582767487 254 255 249
0.06614885479211807 0.007589889224618673 0.14499999582767487 255 255 249
0.06590895354747772 0.007485201116651297 0.14300000667572021 255 234 233
0.06624520570039749 0.007485201116651297 0.14300000667572021 235 212 211
0.06745143979787827 0.007432857062667608 0.1420000046491623 255 250 238
0.0677853375673294 0.007432857062667608 0.1420000046491623 255 251 239
0.06811923533678055 0.007432857062667608 0.1420000046491623 254 255 245
0.06845313310623169 0.007432857062667608 0.1420000046491623 254 255 245
0.06878703087568283 0.007432857062667608 0.1420000046491623 254 255 249
0.06912093609571457 0.007432857062667608 0.1420000046491623 254 255 249
0.06945483386516571 0.007432857062667608 0.1420000046491623 254 255 249
0.06978873163461685 0.007432857062667608 0.1420000046491623 254 255 249
0.070122629404068 0.007432857062667608 0.1420000046491623 254 255 249
0.0699603483080864 0.00738051300868392 0.14100000262260437 254 255 249
0.0702918991446495 0.00738051300868392 0.14100000262260437 254 255 249
0.07012256979942322 0.0073281689547002316 0.14000000059604645 254 255 249
0.06994853913784027 0.007275824900716543 0.13899999856948853 255 254 251
0.07027538120746613 0.007275824900716543 0.13899999856948853 255 253 250
0.07060222327709198 0.007275824900716543 0.13899999856948853 251 218 221
0.07041878998279572 0.007223480846732855 0.1379999965429306 220 187 190
0.07204125076532364 0.007223480846732855 0.1379999965429306 255 252 235
0.07236573845148087 0.007223480846732855 0.1379999965429306 255 252 235
0.07216349244117737 0.0071711367927491665 0.13699999451637268 255 239 237
0.07248563319444656 0.0071711367927491665 0.13699999451637268 242 223 221
0.06291339546442032 0.008040232583880424 0.1469999998807907 255 245 225
0.0632590502500534 0.008040232583880424 0.1469999998807907 255 246 226
0.06360470503568649 0.008040232583880424 0.1469999998807907 255 255 241
0.0635153204202652 0.007985536940395832 0.1459999978542328 255 255 241
0.06385862827301025 0.007985536940395832 0.1459999978542328 254 255 249
0.06420192867517471 0.007985536940395832 0.1459999978542328 254 255 249
0.06454523652791977 0.007985536940395832 0.1459999978542328 254 255 249
0.06488853693008423 0.007985536940395832 0.1459999978542328 254 255 249
0.06523183733224869 0.007985536940395832 0.1459999978542328 254 255 249
0.06557514518499374 0.007985536940395832 0.1459999978542328 254 255 249
0.0659184455871582 0.007985536940395832 0.1459999978542328 254 255 249
0.06580790132284164 0.00793084129691124 0.14499999582767487 254 255 249
0.06614885479211807 0.00793084129691124 0.14499999582767487 255 252 248
0.06590895354747772 0.00782145094126463 0.14300000667572021 253 217 219
0.06624520570039749 0.00782145094126463 0.14300000667572021 236 200 202
0.06745143979787827 0.00776675483211875 0.1420000046491623 255 250 235
0.0677853375673294 0.00776675483211875 0.1420000046491623 255 251 236
0.06811923533678055 0.00776675483211875 0.1420000046491623 254 255 245
0.06845313310623169 0.00776675483211875 0.1420000046491623 254 255 245
0.06878703087568283 0.00776675483211875 0.1420000046491623 254 255 249
0.06912093609571457 0.00776675483211875 0.1420000046491623 254 255 249
0.06945483386516571 0.00776675483211875 0.1420000046491623 254 255 249
0.06978873163461685 0.00776675483211875 0.1420000046491623 254 255 249
0.06962880492210388 0.0077120596542954445 0.14100000262260437 254 255 249
0.0699603483080864 0.0077120596542954445 0.14100000262260437 254 255 249
0.06979337334632874 0.007657364010810852 0.14000000059604645 254 255 249
0.07012256979942322 0.007657364010810852 0.14000000059604645 254 255 249
0.06994853913784027 0.007602668832987547 0.13899999856948853 255 251 248
0.07027538120746613 0.007602668832987547 0.13899999856948853 246 238 235
0.07204125076532364 0.0075479731895029545 0.1379999965429306 255 250 235
0.07236573845148087 0.0075479731895029545 0.1379999965429306 255 249 234
0.07269023358821869 0.0075479731895029545 0.1379999965429306 255 244 241
0.07248563319444656 0.007493277546018362 0.13699999451637268 243 222 219
0.06291339546442032 0.008385887369513512 0.1469999998807907 255 244 222
0.0632590502500534 0.008385887369513512 0.1469999998807907 255 247 225
0.06360470503568649 0.008385887369513512 0.1469999998807907 255 255 239
0.0635153204202652 0.008328840136528015 0.1459999978542328 255 255 239
0.06385862827301025 0.008328840136528015 0.1459999978542328 254 255 249
0.06420192867517471 0.008328840136528015 0.1459999978542328 254 255 249
0.06454523652791977 0.008328840136528015 0.1459999978542328 254 255 249
0.06488853693008423 0.008328840136528015 0.1459999978542328 254 255 249
0.06523183733224869 0.008328840136528015 0.1459999978542328 254 255 249
0.06557514518499374 0.008328840136528015 0.1459999978542328 254 255 249
0.0659184455871582 0.008328840136528015 0.1459999978542328 254 255 249
0.06580790132284164 0.008271793834865093 0.14499999582767487 254 255 249
0.06614885479211807 0.008271793834865093 0.14499999582767487 255 240 241
0.06603125482797623 0.008214746601879597 0.14399999380111694 244 229 230
0.06745143979787827 0.008100653067231178 0.1420000046491623 255 247 230
0.0677853375673294 0.008100653067231178 0.1420000046491623 255 250 233
0.06811923533678055 0.008100653067231178 0.1420000046491623 254 255 243
0.06845313310623169 0.008100653067231178 0.1420000046491623 254 255 243
0.06878703087568283 0.008100653067231178 0.1420000046491623 254 255 249
0.06912093609571457 0.008100653067231178 0.1420000046491623 254 255 249
0.06945483386516571 0.008100653067231178 0.1420000046491623 254 255 249
0.06978873163461685 0.008100653067231178 0.1420000046491623 254 255 249
0.06962880492210388 0.008043605834245682 0.14100000262260437 254 255 249
0.0699603483080864 0.008043605834245682 0.14100000262260437 254 255 249
0.06979337334632874 0.00798655953258276 0.14000000059604645 254 255 249
0.07012256979942322 0.00798655953258276 0.14000000059604645 254 255 249
0.06994853913784027 0.007929512299597263 0.13899999856948853 255 243 241
0.07027538120746613 0.007929512299597263 0.13899999856948853 240 228 226
0.07204125076532364 0.007872465997934341 0.1379999965429306 255 249 230
0.07236573845148087 0.007872465997934341 0.1379999965429306 255 250 231
0.07269023358821869 0.007872465997934341 0.1379999965429306 248 227 224
0.07248563319444656 0.007815418764948845 0.13699999451637268 228 207 204
0.06291339546442032 0.008731542155146599 0.1469999998807907 255 246 223
0.0632590502500534 0.008731542155146599 0.1469999998807907 255 248 225
0.06360470503568649 0.008731542155146599 0.1469999998807907 255 255 241
0.0635153204202652 0.008672144263982773 0.1459999978542328 255 255 241
0.06385862827301025 0.008672144263982773 0.1459999978542328 254 255 249
0.06420192867517471 0.008672144263982773 0.1459999978542328 254 255 249
0.06454523652791977 0.008672144263982773 0.1459999978542328 254 255 249
0.06488853693008423 0.008672144263982773 0.1459999978542328 254 255 249
0.06523183733224869 0.008672144263982773 0.1459999978542328 254 255 249
0.06557514518499374 0.008672144263982773 0.1459999978542328 254 255 249
0.0659184455871582 0.008672144263982773 0.1459999978542328 255 255 249
0.06580790132284164 0.008612745441496372 0.14499999582767487 255 255 249
0.06614885479211807 0.008612745441496372 0.14499999582767487 254 230 232
0.06603125482797623 0.008553347550332546 0.14399999380111694 238 214 216
0.06745143979787827 0.00843455083668232 0.1420000046491623 255 245 229
0.0677853375673294 0.00843455083668232 0.1420000046491623 255 249 233
0.06811923533678055 0.00843455083668232 0.1420000046491623 254 255 243
0.06845313310623169 0.00843455083668232 0.1420000046491623 254 255 243
0.06878703087568283 0.00843455083668232 0.1420000046491623 254 255 249
0.06912093609571457 0.00843455083668232 0.1420000046491623 254 255 249
0.06945483386516571 0.00843455083668232 0.1420000046491623 254 255 249
0.06978873163461685 0.00843455083668232 0.1420000046491623 254 255 249
0.06962880492210388 0.008375152945518494 0.14100000262260437 254 255 249
0.0699603483080864 0.008375152945518494 0.14100000262260437 254 255 249
0.06979337334632874 0.008315754123032093 0.14000000059604645 254 255 249
0.07012256979942322 0.008315754123032093 0.14000000059604645 254 255 249
0.06994853913784027 0.008256356231868267 0.13899999856948853 255 240 236
0.07027538120746613 0.008256356231868267 0.13899999856948853 234 215 211
0.07204125076532364 0.008196958340704441 0.1379999965429306 255 248 228
0.07236573845148087 0.008196958340704441 0.1379999965429306 255 249 229
0.07269023358821869 0.008196958340704441 0.1379999965429306 255 240 235
0.07248563319444656 0.00813755951821804 0.13699999451637268 240 219 214
0.06291339546442032 0.009077196940779686 0.1469999998807907 255 246 223
0.0632590502500534 0.009077196940779686 0.1469999998807907 255 248 225
0.06360470503568649 0.009077196940779686 0.1469999998807907 255 255 241
0.0635153204202652 0.009015447460114956 0.1459999978542328 255 255 241
0.06385862827301025 0.009015447460114956 0.1459999978542328 254 255 249
0.06420192867517471 0.009015447460114956 0.1459999978542328 254 255 249
0.06454523652791977 0.009015447460114956 0.1459999978542328 254 255 249
0.06488853693008423 0.009015447460114956 0.1459999978542328 254 255 249
0.06523183733224869 0.009015447460114956 0.1459999978542328 254 255 249
0.06557514518499374 0.009015447460114956 0.1459999978542328 254 255 249
0.06546695530414581 0.008953697979450226 0.14499999582767487 255 250 246
0.06580790132284164 0.008953697979450226 0.14499999582767487 251 246 242
0.06569265574216843 0.008891948498785496 0.14399999380111694 249 213 215
0.06603125482797623 0.008891948498785496 0.14399999380111694 226 190 192
0.06745143979787827 0.008768448606133461 0.1420000046491623 255 240 223
0.0677853375673294 0.008768448606133461 0.1420000046491623 255 248 231
0.06811923533678055 0.008768448606133461 0.1420000046491623 254 255 243
0.06845313310623169 0.008768448606133461 0.1420000046491623 254 255 243
0.06878703087568283 0.008768448606133461 0.1420000046491623 254 255 249
0.06912093609571457 0.008768448606133461 0.1420000046491623 254 255 249
0.06945483386516571 0.008768448606133461 0.1420000046491623 254 255 249
0.06978873163461685 0.008768448606133461 0.1420000046491623 254 255 249
0.06962880492210388 0.008706699125468731 0.14100000262260437 254 255 249
0.0699603483080864 0.008706699125468731 0.14100000262260437 254 255 249
0.0702918991446495 0.008706699125468731 0.14100000262260437 255 255 249
0.07012256979942322 0.008644949644804 0.14000000059604645 254 254 248
0.06994853913784027 0.00858320016413927 0.13899999856948853 255 231 226
0.07027538120746613 0.00858320016413927 0.13899999856948853 236 206 201
0.07204125076532364 0.00852145068347454 0.1379999965429306 255 246 224
0.07236573845148087 0.00852145068347454 0.1379999965429306 255 248 226
0.07269023358821869 0.00852145068347454 0.1379999965429306 255 246 243
0.07248563319444656 0.008459700271487236 0.13699999451637268 246 223 220
0.06291339546442032 0.009422851726412773 0.1469999998807907 255 240 218
0.0632590502500534 0.009422851726412773 0.1469999998807907 255 246 224
0.06360470503568649 0.009422851726412773 0.1469999998807907 255 255 241
0.0635153204202652 0.009358750656247139 0.1459999978542328 255 255 241
0.06385862827301025 0.009358750656247139 0.1459999978542328 254 255 247
0.06420192867517471 0.009358750656247139 0.1459999978542328 254 255 247
0.06454523652791977 0.009358750656247139 0.1459999978542328 254 255 249
0.06488853693008423 0.009358750656247139 0.1459999978542328 254 255 249
0.06523183733224869 0.009358750656247139 0.1459999978542328 254 255 249
0.06557514518499374 0.009358750656247139 0.1459999978542328 254 255 249
0.06546695530414581 0.009294649586081505 0.14499999582767487 255 249 244
0.06580790132284164 0.009294649586081505 0.14499999582767487 242 231 226
0.0677853375673294 0.009102347306907177 0.1420000046491623 255 246 229
0.06811923533678055 0.009102347306907177 0.1420000046491623 255 255 245
0.06845313310623169 0.009102347306907177 0.1420000046491623 255 255 245
0.06878703087568283 0.009102347306907177 0.1420000046491623 254 255 249
0.06912093609571457 0.009102347306907177 0.1420000046491623 254 255 249
0.06945483386516571 0.009102347306907177 0.1420000046491623 254 255 249
0.06978873163461685 0.009102347306907177 0.1420000046491623 254 255 249
0.06962880492210388 0.009038246236741543 0.14100000262260437 254 255 249
0.0699603483080864 0.009038246236741543 0.14100000262260437 253 254 248
0.06979337334632874 0.008974145166575909 0.14000000059604645 254 250 243
0.07012256979942322 0.008974145166575909 0.14000000059604645 253 249 242
0.07236573845148087 0.00884594302624464 0.1379999965429306 255 247 227
0.07269023358821869 0.00884594302624464 0.1379999965429306 255 244 241
0.07248563319444656 0.008781841956079006 0.13699999451637268 246 223 220
0.0632590502500534 0.00976850651204586 0.1469999998807907 255 242 224
0.06360470503568649 0.00976850651204586 0.1469999998807907 255 255 239
0.0635153204202652 0.009702054783701897 0.1459999978542328 255 255 239
0.06385862827301025 0.009702054783701897 0.1459999978542328 254 255 245
0.06420192867517471 0.009702054783701897 0.1459999978542328 254 255 245
0.06454523652791977 0.009702054783701897 0.1459999978542328 254 255 249
0.06488853693008423 0.009702054783701897 0.1459999978542328 254 255 249
0.06523183733224869 0.009702054783701897 0.1459999978542328 254 255 249
0.06512600183486938 0.009635602124035358 0.14499999582767487 253 254 248
0.06546695530414581 0.009635602124035358 0.14499999582767487 254 235 233
0.06580790132284164 0.009635602124035358 0.14499999582767487 238 219 217
0.0677853375673294 0.009436245076358318 0.1420000046491623 255 245 219
0.06811923533678055 0.009436245076358318 0.1420000046491623 255 255 241
0.06845313310623169 0.009436245076358318 0.1420000046491623 255 255 241
0.06878703087568283 0.009436245076358318 0.1420000046491623 254 255 249
0.06912093609571457 0.009436245076358318 0.1420000046491623 254 255 249
0.06945483386516571 0.009436245076358318 0.1420000046491623 254 255 249
0.06978873163461685 0.009436245076358318 0.1420000046491623 254 255 249
0.06962880492210388 0.00936979241669178 0.14100000262260437 254 255 249
0.0699603483080864 0.00936979241669178 0.14100000262260437 254 255 249
0.06979337334632874 0.009303339757025242 0.14000000059604645 255 246 244
0.07012256979942322 0.009303339757025242 0.14000000059604645 249 230 228
0.07236573845148087 0.00917043536901474 0.1379999965429306 255 243 227
0.07269023358821869 0.00917043536901474 0.1379999965429306 255 233 230
0.07248563319444656 0.009103982709348202 0.13699999451637268 255 227 224
0.06360470503568649 0.010114162229001522 0.1469999998807907 255 252 235
0.0635153204202652 0.01004535797983408 0.1459999978542328 255 253 236
0.06385862827301025 0.01004535797983408 0.1459999978542328 254 255 242
0.06420192867517471 0.01004535797983408 0.1459999978542328 255 255 243
0.06454523652791977 0.01004535797983408 0.1459999978542328 254 255 249
0.06488853693008423 0.01004535797983408 0.1459999978542328 254 255 249
0.06523183733224869 0.01004535797983408 0.1459999978542328 255 251 248
0.06512600183486938 0.009976554661989212 0.14499999582767487 255 251 248
0.06546695530414581 0.009976554661989212 0.14499999582767487 255 225 225
0.06580790132284164 0.009976554661989212 0.14499999582767487 239 203 203
0.0677853375673294 0.00977014284580946 0.1420000046491623 255 241 218
0.06811923533678055 0.00977014284580946 0.1420000046491623 255 254 239
0.06845313310623169 0.00977014284580946 0.1420000046491623 255 254 239
0.06878703087568283 0.00977014284580946 0.1420000046491623 254 255 247
0.06912093609571457 0.00977014284580946 0.1420000046491623 254 255 247
0.06945483386516571 0.00977014284580946 0.1420000046491623 254 255 247
0.06929726153612137 0.009701338596642017 0.14100000262260437 254 255 247
0.06962880492210388 0.009701338596642017 0.14100000262260437 255 253 246
0.0699603483080864 0.009701338596642017 0.14100000262260437 255 252 245
0.06979337334632874 0.00963253527879715 0.14000000059604645 255 225 225
0.07012256979942322 0.00963253527879715 0.14000000059604645 232 196 196
0.07236573845148087 0.00949492771178484 0.1379999965429306 255 230 218
0.07269023358821869 0.00949492771178484 0.1379999965429306 255 226 220
0.06360470503568649 0.01045981701463461 0.1469999998807907 255 243 231
0.0635153204202652 0.010388661175966263 0.1459999978542328 255 243 231
0.06385862827301025 0.010388661175966263 0.1459999978542328 252 242 230
0.06420192867517471 0.010388661175966263 0.1459999978542328 255 251 239
0.06454523652791977 0.010388661175966263 0.1459999978542328 255 251 249
0.06488853693008423 0.010388661175966263 0.1459999978542328 255 248 246
0.06523183733224869 0.010388661175966263 0.1459999978542328 255 234 233
0.06512600183486938 0.010317506268620491 0.14499999582767487 253 230 229
0.06811923533678055 0.010104040615260601 0.1420000046491623 255 253 235
0.06845313310623169 0.010104040615260601 0.1420000046491623 255 253 235
0.06878703087568283 0.010104040615260601 0.1420000046491623 255 255 245
0.06912093609571457 0.010104040615260601 0.1420000046491623 255 255 245
0.06945483386516571 0.010104040615260601 0.1420000046491623 254 255 246
0.06929726153612137 0.01003288570791483 0.14100000262260437 255 255 247
0.06962880492210388 0.01003288570791483 0.14100000262260437 255 243 238
0.06946417689323425 0.009961729869246483 0.14000000059604645 253 232 227
0.06360470503568649 0.010805471800267696 0.1469999998807907 255 220 218
0.06395035982131958 0.010805471800267696 0.1469999998807907 255 231 229
0.06385862827301025 0.01073196530342102 0.1459999978542328 255 241 236
0.06420192867517471 0.01073196530342102 0.1459999978542328 255 240 235
0.06454523652791977 0.01073196530342102 0.1459999978542328 255 241 242
0.06488853693008423 0.01073196530342102 0.1459999978542328 255 238 239
0.06523183733224869 0.01073196530342102 0.1459999978542328 255 219 227
0.06811923533678055 0.010437938384711742 0.1420000046491623 255 239 229
0.06845313310623169 0.010437938384711742 0.1420000046491623 255 239 229
0.06878703087568283 0.010437938384711742 0.1420000046491623 255 249 237
0.06912093609571457 0.010437938384711742 0.1420000046491623 255 249 237
0.06896571069955826 0.010364431887865067 0.14100000262260437 255 243 239
0.06929726153612137 0.010364431887865067 0.14100000262260437 255 240 236
0.06946417689323425 0.01029092539101839 0.14000000059604645 255 216 218
