0.006848097313195467 0.02885773591697216 0.1940000057220459 143 154 154
0.0067421989515423775 0.02886059880256653 0.19099999964237213 174 192 188
0.006636300589889288 0.02884935401380062 0.18799999356269836 172 192 187
0.008470159024000168 0.02846822328865528 0.18000000715255737 210 239 249
0.009264902211725712 0.02873096615076065 0.17900000512599945 204 229 236
0.019124126061797142 0.028988290578126907 0.17299999296665192 214 238 238
0.019530916586518288 0.028988290578126907 0.17299999296665192 130 145 144
0.019937708973884583 0.028988290578126907 0.17299999296665192 183 198 197
0.020344499498605728 0.028988290578126907 0.17299999296665192 199 216 219
0.020751290023326874 0.028988290578126907 0.17299999296665192 208 225 228
0.02115808241069317 0.02858150005340576 0.17299999296665192 183 201 208
0.021564872935414314 0.02858150005340576 0.17299999296665192 190 208 215
0.02197166346013546 0.02858150005340576 0.17299999296665192 193 218 225
0.022378455847501755 0.02858150005340576 0.17299999296665192 200 225 232
0.0227852463722229 0.02858150005340576 0.17299999296665192 212 242 247
0.023192036896944046 0.02858150005340576 0.17299999296665192 223 253 255
0.02359882928431034 0.02858150005340576 0.17299999296665192 222 255 255
0.024005619809031487 0.02858150005340576 0.17299999296665192 220 253 255
0.024412410333752632 0.02858150005340576 0.17299999296665192 199 229 232
0.024819202721118927 0.028174707666039467 0.17299999296665192 153 169 179
0.025225993245840073 0.028174707666039467 0.17299999296665192 181 210 218
0.027826663106679916 0.027519281953573227 0.17399999499320984 220 255 255
0.02823580615222454 0.027519281953573227 0.17399999499320984 222 255 255
0.028809575363993645 0.027677439153194427 0.17499999701976776 228 255 255
0.02905409224331379 0.02792842499911785 0.17399999499320984 218 255 255
0.029463233426213264 0.028337568044662476 0.17399999499320984 222 255 255
0.030867045745253563 0.02808893285691738 0.17499999701976776 108 133 140
0.03127853944897652 0.02808893285691738 0.17499999701976776 168 196 202
0.03169003129005432 0.028500426560640335 0.17499999701976776 206 234 238
0.032101526856422424 0.02808893285691738 0.17499999701976776 216 255 255
0.03251302242279053 0.027677439153194427 0.17499999701976776 217 255 255
0.03292451426386833 0.027677439153194427 0.17499999701976776 220 255 255
0.033526498824357986 0.027421750128269196 0.17599999904632568 228 255 255
0.03698095679283142 0.028388991951942444 0.1850000023841858 152 174 177
0.03311265632510185 0.027421750128269196 0.17599999904632568 225 255 255
0.03251302242279053 0.027677439153194427 0.17499999701976776 217 255 255
0.032101526856422424 0.027677439153194427 0.17499999701976776 185 225 227
0.03169003129005432 0.02808893285691738 0.17499999701976776 198 226 232
0.03127853944897652 0.02808893285691738 0.17499999701976776 168 196 202
0.030867045745253563 0.02808893285691738 0.17499999701976776 108 133 140
0.029463233426213264 0.02792842499911785 0.17399999499320984 228 255 255
0.0292210690677166 0.027677439153194427 0.17499999701976776 223 253 255
0.028809575363993645 0.027677439153194427 0.17499999701976776 228 255 255
0.02823580615222454 0.027519281953573227 0.17399999499320984 222 255 255
0.027826663106679916 0.027519281953573227 0.17399999499320984 220 255 255
0.025225993245840073 0.028174707666039467 0.17299999296665192 181 210 218
0.024819202721118927 0.028174707666039467 0.17299999296665192 153 169 179
0.024412410333752632 0.02858150005340576 0.17299999296665192 199 229 232
0.024005619809031487 0.02858150005340576 0.17299999296665192 220 253 255
0.02359882928431034 0.02858150005340576 0.17299999296665192 222 255 255
0.023192036896944046 0.02858150005340576 0.17299999296665192 223 253 255
0.0227852463722229 0.02858150005340576 0.17299999296665192 212 242 247
0.022378455847501755 0.02858150005340576 0.17299999296665192 200 225 232
0.02197166346013546 0.02858150005340576 0.17299999296665192 193 218 225
0.021564872935414314 0.02858150005340576 0.17299999296665192 190 208 215
0.02115808241069317 0.02858150005340576 0.17299999296665192 183 201 208
0.020751290023326874 0.028988290578126907 0.17299999296665192 208 225 228
0.020344499498605728 0.028988290578126907 0.17299999296665192 199 216 219
0.019937708973884583 0.028988290578126907 0.17299999296665192 183 198 197
0.019530916586518288 0.028988290578126907 0.17299999296665192 130 145 144
0.019124126061797142 0.02858150005340576 0.17299999296665192 203 220 225
0.0067421989515423775 0.02886059880256653 0.19099999964237213 174 192 188
