0.04530678316950798 0.023549413308501244 0.16899999976158142 233 255 255
0.04490939900279045 0.023946799337863922 0.16899999976158142 223 255 255
0.04451201483607292 0.0243441853672266 0.16899999976158142 218 255 254
0.04385359585285187 0.024595171213150024 0.1679999977350235 197 246 251
0.04345855861902237 0.024595171213150024 0.1679999977350235 165 214 219
0.04306352511048317 0.024595171213150024 0.1679999977350235 98 137 144
0.04266849160194397 0.024595171213150024 0.1679999977350235 117 156 163
0.04227345809340477 0.024595171213150024 0.1679999977350235 228 255 255
0.04187842458486557 0.024200135841965675 0.1679999977350235 232 255 255
0.04123646393418312 0.0240560881793499 0.16699999570846558 227 255 255
0.04084378108382225 0.0240560881793499 0.16699999570846558 227 255 255
0.04045109823346138 0.0240560881793499 0.16699999570846558 227 255 255
0.03864755108952522 0.024302370846271515 0.16599999368190765 225 255 255
0.03825721889734268 0.024302370846271515 0.16599999368190765 223 255 255
0.0374765582382679 0.024692703038454056 0.16599999368190765 173 207 227
0.03708622604608536 0.025083033367991447 0.16599999368190765 207 246 251
0.03669589385390282 0.025083033367991447 0.16599999368190765 223 255 255
0.036086853593587875 0.024931931868195534 0.16500000655651093 217 255 255
0.03569887578487396 0.024931931868195534 0.16500000655651093 215 255 255
0.03531089425086975 0.024931931868195534 0.16500000655651093 211 255 255
0.034711260348558426 0.02478082850575447 0.164000004529953 207 255 255
0.03432563319802284 0.02478082850575447 0.164000004529953 193 244 247
0.03394000232219696 0.02478082850575447 0.164000004529953 178 229 232
0.0337589755654335 0.025319911539554596 0.16500000655651093 199 248 255
0.03337099403142929 0.025319911539554596 0.16500000655651093 196 245 255
0.03298301249742508 0.025319911539554596 0.16500000655651093 199 238 255
0.032595034688711166 0.025319911539554596 0.16500000655651093 170 209 227
0.032207053154706955 0.025319911539554596 0.16500000655651093 103 141 153
0.03181907534599304 0.025319911539554596 0.16500000655651093 145 183 195
0.03162158653140068 0.02547336556017399 0.16599999368190765 222 255 255
0.03123125433921814 0.02547336556017399 0.16599999368190765 224 255 255
0.03162158653140068 0.02547336556017399 0.16599999368190765 222 255 255
0.03181907534599304 0.025319911539554596 0.16500000655651093 145 183 195
0.032207053154706955 0.025319911539554596 0.16500000655651093 103 141 153
0.032595034688711166 0.025319911539554596 0.16500000655651093 170 209 227
0.03298301249742508 0.025319911539554596 0.16500000655651093 199 238 255
0.03337099403142929 0.025319911539554596 0.16500000655651093 196 245 255
0.0337589755654335 0.025319911539554596 0.16500000655651093 199 248 255
0.03394000232219696 0.02478082850575447 0.164000004529953 178 229 232
0.03432563319802284 0.02478082850575447 0.164000004529953 193 244 247
0.034711260348558426 0.02478082850575447 0.164000004529953 207 255 255
0.03531089425086975 0.024931931868195534 0.16500000655651093 211 255 255
0.03569887578487396 0.024931931868195534 0.16500000655651093 215 255 255
0.036086853593587875 0.024931931868195534 0.16500000655651093 217 255 255
0.03669589385390282 0.025083033367991447 0.16599999368190765 223 255 255
0.03708622604608536 0.025083033367991447 0.16599999368190765 207 246 251
0.0374765582382679 0.024692703038454056 0.16599999368190765 173 207 227
0.03786688670516014 0.024692703038454056 0.16599999368190765 187 221 241
0.03825721889734268 0.024302370846271515 0.16599999368190765 223 255 255
0.03864755108952522 0.024302370846271515 0.16599999368190765 225 255 255
0.04045109823346138 0.0240560881793499 0.16699999570846558 227 255 255
0.04084378108382225 0.0240560881793499 0.16699999570846558 227 255 255
0.04123646393418312 0.0240560881793499 0.16699999570846558 227 255 255
0.04162914678454399 0.02444877102971077 0.16699999570846558 222 255 255
0.04227345809340477 0.024990204721689224 0.1679999977350235 219 255 255
0.04266849160194397 0.024595171213150024 0.1679999977350235 117 156 163
0.04306352511048317 0.024595171213150024 0.1679999977350235 98 137 144
0.04345855861902237 0.024595171213150024 0.1679999977350235 165 214 219
0.04385359585285187 0.024595171213150024 0.1679999977350235 197 246 251
0.04424862936139107 0.024595171213150024 0.1679999977350235 215 255 255
0.04490939900279045 0.0243441853672266 0.16899999976158142 226 255 255
0.04530678316950798 0.023946799337863922 0.16899999976158142 236 255 255
0.04570417106151581 0.023549413308501244 0.16899999976158142 235 255 255
