0.1085168719291687 0.004395469091832638 0.16599999368190765 142 104 97
0.10890720784664154 0.004395469091832638 0.16599999368190765 142 104 97
0.10863912105560303 0.004368990194052458 0.16500000655651093 137 100 95
0.10836632549762726 0.004342511761933565 0.164000004529953 130 93 88
0.10875195264816284 0.004342511761933565 0.164000004529953 113 66 67
0.10847210884094238 0.004316032864153385 0.16300000250339508 98 51 52
0.10818756371736526 0.004289553966373205 0.16200000047683716 102 53 54
0.10856848955154419 0.004289553966373205 0.16200000047683716 103 54 55
0.0844283327460289 0.003920896910130978 0.13600000739097595 130 89 81
0.08474812656641006 0.003920896910130978 0.13600000739097595 133 92 84
0.10838522762060165 0.004814630374312401 0.16699999570846558 153 112 104
0.10877791047096252 0.004814630374312401 0.16699999570846558 159 118 110
0.1085168719291687 0.004785800352692604 0.16599999368190765 145 119 108
0.08988124877214432 0.003949726931750774 0.13699999451637268 138 112 101
0.09020338952541351 0.003949726931750774 0.13699999451637268 136 111 102
0.09052553027868271 0.003949726931750774 0.13699999451637268 123 98 89
0.0908476710319519 0.003949726931750774 0.13699999451637268 122 84 84
0.10818756371736526 0.00467047980055213 0.16200000047683716 105 63 62
0.10856848955154419 0.00467047980055213 0.16200000047683716 102 60 59
0.10827688872814178 0.004641649778932333 0.16099999845027924 113 71 70
0.10865546017885208 0.004641649778932333 0.16099999845027924 105 63 62
0.10903403908014297 0.004641649778932333 0.16099999845027924 104 65 63
0.10941261053085327 0.004641649778932333 0.16099999845027924 111 72 70
0.10979118943214417 0.004641649778932333 0.16099999845027924 111 73 66
0.10948547720909119 0.004612819757312536 0.1599999964237213 110 72 65
0.10986170172691345 0.004612819757312536 0.1599999964237213 111 73 66
0.11092691123485565 0.004641649778932333 0.16099999845027924 109 71 64
0.070122629404068 0.004427775274962187 0.1420000046491623 101 52 65
0.0699603483080864 0.004396594129502773 0.14100000262260437 88 39 52
0.08314917981624603 0.004240686539560556 0.13600000739097595 158 126 122
0.0834689661860466 0.004240686539560556 0.13600000739097595 155 123 119
0.08378876000642776 0.004240686539560556 0.13600000739097595 145 118 112
0.08410854637622833 0.004240686539560556 0.13600000739097595 143 116 110
0.0844283327460289 0.004240686539560556 0.13600000739097595 143 113 106
0.08474812656641006 0.004240686539560556 0.13600000739097595 140 110 103
0.08506791293621063 0.004240686539560556 0.13600000739097595 133 101 95
0.0853877067565918 0.004240686539560556 0.13600000739097595 133 101 95
0.08570749312639236 0.004240686539560556 0.13600000739097595 141 100 94
0.08602728694677353 0.004240686539560556 0.13600000739097595 118 77 71
0.08955910801887512 0.00427186768501997 0.13699999451637268 136 112 100
0.08988124877214432 0.00427186768501997 0.13699999451637268 136 112 100
0.09020338952541351 0.00427186768501997 0.13699999451637268 134 110 98
0.09052553027868271 0.00427186768501997 0.13699999451637268 136 112 100
0.0908476710319519 0.00427186768501997 0.13699999451637268 132 105 99
0.0911698117852211 0.00427186768501997 0.13699999451637268 123 96 90
0.0914919525384903 0.00427186768501997 0.13699999451637268 105 73 69
0.09181409329175949 0.00427186768501997 0.13699999451637268 118 86 82
0.09213623404502869 0.00427186768501997 0.13699999451637268 127 94 93
0.06501545757055283 0.004828739445656538 0.14399999380111694 212 167 172
0.06535405665636063 0.004828739445656538 0.14399999380111694 200 155 160
0.06569265574216843 0.004828739445656538 0.14399999380111694 180 135 138
0.06557270884513855 0.004795206245034933 0.14300000667572021 155 110 113
0.06878703087568283 0.0047616735100746155 0.1420000046491623 219 175 184
0.06912093609571457 0.0047616735100746155 0.1420000046491623 222 178 187
0.06945483386516571 0.0047616735100746155 0.1420000046491623 214 176 191
0.06978873163461685 0.0047616735100746155 0.1420000046491623 214 176 191
0.070122629404068 0.0047616735100746155 0.1420000046491623 205 175 185
0.0699603483080864 0.0047281403094530106 0.14100000262260437 194 164 174
0.0702918991446495 0.0047281403094530106 0.14100000262260437 187 154 165
0.07012256979942322 0.004694607574492693 0.14000000059604645 173 140 151
0.0704517662525177 0.004694607574492693 0.14000000059604645 163 130 133
0.07027538120746613 0.004661074839532375 0.13899999856948853 154 121 124
0.07060222327709198 0.004661074839532375 0.13899999856948853 142 105 102
0.07041878998279572 0.00462754163891077 0.1379999965429306 115 78 75
0.08218980580568314 0.004560476168990135 0.13600000739097595 190 141 142
0.0825095996260643 0.004560476168990135 0.13600000739097595 180 142 142
0.08282938599586487 0.004560476168990135 0.13600000739097595 170 132 132
0.08314917981624603 0.004560476168990135 0.13600000739097595 151 124 116
0.0834689661860466 0.004560476168990135 0.13600000739097595 141 114 106
0.08378876000642776 0.004560476168990135 0.13600000739097595 141 116 107
0.08410854637622833 0.004560476168990135 0.13600000739097595 138 113 104
0.0844283327460289 0.004560476168990135 0.13600000739097595 136 111 102
0.08474812656641006 0.004560476168990135 0.13600000739097595 134 109 100
0.08506791293621063 0.004560476168990135 0.13600000739097595 133 103 96
0.0853877067565918 0.004560476168990135 0.13600000739097595 132 102 95
0.08570749312639236 0.004560476168990135 0.13600000739097595 136 101 96
0.08602728694677353 0.004560476168990135 0.13600000739097595 130 95 90
0.0863470733165741 0.004560476168990135 0.13600000739097595 130 89 81
0.08666686713695526 0.004560476168990135 0.13600000739097595 117 76 68
0.08859268575906754 0.004594008903950453 0.13699999451637268 156 118 109
0.08891482651233673 0.004594008903950453 0.13699999451637268 143 117 106
0.08923696726560593 0.004594008903950453 0.13699999451637268 135 109 98
0.08955910801887512 0.004594008903950453 0.13699999451637268 132 111 96
0.08988124877214432 0.004594008903950453 0.13699999451637268 132 111 96
0.09020338952541351 0.004594008903950453 0.13699999451637268 134 113 98
0.09052553027868271 0.004594008903950453 0.13699999451637268 133 112 97
0.0908476710319519 0.004594008903950453 0.13699999451637268 128 103 94
0.0911698117852211 0.004594008903950453 0.13699999451637268 117 92 83
0.0914919525384903 0.004594008903950453 0.13699999451637268 116 89 83
0.09181409329175949 0.004594008903950453 0.13699999451637268 121 94 88
0.09213623404502869 0.004594008903950453 0.13699999451637268 124 96 93
0.09313325583934784 0.00462754163891077 0.1379999965429306 127 99 96
0.09345774352550507 0.00462754163891077 0.1379999965429306 127 99 96
0.09378223866224289 0.00462754163891077 0.1379999965429306 127 99 96
0.09410673379898071 0.00462754163891077 0.1379999965429306 130 100 93
0.09443122148513794 0.00462754163891077 0.1379999965429306 111 81 74
0.09475571662187576 0.00462754163891077 0.1379999965429306 107 71 63
0.09508021175861359 0.00462754163891077 0.1379999965429306 106 70 62
0.09540469944477081 0.00462754163891077 0.1379999965429306 107 63 63
0.06478504836559296 0.005203224252909422 0.14499999582767487 230 185 190
0.06512600183486938 0.005203224252909422 0.14499999582767487 217 172 177
0.06501545757055283 0.0051673399284482 0.14399999380111694 210 170 175
0.06535405665636063 0.0051673399284482 0.14399999380111694 204 164 169
0.06523645669221878 0.0051314556039869785 0.14300000667572021 192 154 156
0.06557270884513855 0.0051314556039869785 0.14300000667572021 171 133 135
0.06590895354747772 0.0051314556039869785 0.14300000667572021 171 133 133
0.06624520570039749 0.0051314556039869785 0.14300000667572021 160 122 122
0.06811923533678055 0.005095571279525757 0.1420000046491623 248 209 207
0.06845313310623169 0.005095571279525757 0.1420000046491623 255 218 216
0.06878703087568283 0.005095571279525757 0.1420000046491623 248 210 225
0.06912093609571457 0.005095571279525757 0.1420000046491623 240 202 217
0.06945483386516571 0.005095571279525757 0.1420000046491623 230 197 212
0.06978873163461685 0.005095571279525757 0.1420000046491623 226 193 208
0.070122629404068 0.005095571279525757 0.1420000046491623 212 187 195
0.0699603483080864 0.005059686955064535 0.14100000262260437 217 192 200
0.0702918991446495 0.005059686955064535 0.14100000262260437 212 188 192
0.07012256979942322 0.0050238026306033134 0.14000000059604645 210 186 190
0.0704517662525177 0.0050238026306033134 0.14000000059604645 211 184 187
0.07027538120746613 0.004987918306142092 0.13899999856948853 205 178 181
0.07060222327709198 0.004987918306142092 0.13899999856948853 195 169 165
0.07041878998279572 0.00495203398168087 0.1379999965429306 184 158 154
0.07074327766895294 0.00495203398168087 0.1379999965429306 176 129 130
0.07106777280569077 0.00495203398168087 0.1379999965429306 102 55 56
0.07269023358821869 0.00495203398168087 0.1379999965429306 144 101 107
0.07301472872495651 0.00495203398168087 0.1379999965429306 144 101 107
0.07333921641111374 0.00495203398168087 0.1379999965429306 145 102 106
0.07366371154785156 0.00495203398168087 0.1379999965429306 153 110 114
0.07398820668458939 0.00495203398168087 0.1379999965429306 157 118 116
0.07431269437074661 0.00495203398168087 0.1379999965429306 156 117 115
0.07463718950748444 0.00495203398168087 0.1379999965429306 153 118 115
0.07496168464422226 0.00495203398168087 0.1379999965429306 156 121 118
0.07528617233037949 0.00495203398168087 0.1379999965429306 156 124 120
0.07506275922060013 0.004916149657219648 0.13699999451637268 156 124 120
0.07538489997386932 0.004916149657219648 0.13699999451637268 158 126 122
0.07570704072713852 0.004916149657219648 0.13699999451637268 154 122 118
0.07602918893098831 0.004916149657219648 0.13699999451637268 146 101 104
0.07635132968425751 0.004916149657219648 0.13699999451637268 113 68 71
0.07995127886533737 0.004880265332758427 0.13600000739097595 129 85 83
0.08027107268571854 0.004880265332758427 0.13600000739097595 132 88 86
0.0805908590555191 0.004880265332758427 0.13600000739097595 121 82 78
0.08091065287590027 0.004880265332758427 0.13600000739097595 105 66 62
0.08123043924570084 0.004880265332758427 0.13600000739097595 107 68 64
0.081550233066082 0.004880265332758427 0.13600000739097595 177 138 134
0.08187001943588257 0.004880265332758427 0.13600000739097595 192 155 150
0.08218980580568314 0.004880265332758427 0.13600000739097595 194 157 152
0.0825095996260643 0.004880265332758427 0.13600000739097595 175 143 139
0.08282938599586487 0.004880265332758427 0.13600000739097595 156 124 120
0.08314917981624603 0.004880265332758427 0.13600000739097595 146 119 113
0.0834689661860466 0.004880265332758427 0.13600000739097595 142 115 109
0.08378876000642776 0.004880265332758427 0.13600000739097595 138 113 106
0.08410854637622833 0.004880265332758427 0.13600000739097595 136 111 104
0.0844283327460289 0.004880265332758427 0.13600000739097595 133 108 99
0.08474812656641006 0.004880265332758427 0.13600000739097595 127 102 93
0.08506791293621063 0.004880265332758427 0.13600000739097595 124 97 89
0.0853877067565918 0.004880265332758427 0.13600000739097595 124 97 89
0.08570749312639236 0.004880265332758427 0.13600000739097595 124 94 87
0.08602728694677353 0.004880265332758427 0.13600000739097595 118 88 81
0.0863470733165741 0.004880265332758427 0.13600000739097595 119 84 79
0.08666686713695526 0.004880265332758427 0.13600000739097595 119 84 79
0.08827054500579834 0.004916149657219648 0.13699999451637268 149 114 109
0.08859268575906754 0.004916149657219648 0.13699999451637268 147 112 107
0.08891482651233673 0.004916149657219648 0.13699999451637268 140 115 106
0.08923696726560593 0.004916149657219648 0.13699999451637268 141 116 107
0.08955910801887512 0.004916149657219648 0.13699999451637268 138 117 102
0.08988124877214432 0.004916149657219648 0.13699999451637268 135 114 99
0.09020338952541351 0.004916149657219648 0.13699999451637268 132 111 96
0.09052553027868271 0.004916149657219648 0.13699999451637268 129 108 93
0.0908476710319519 0.004916149657219648 0.13699999451637268 129 104 95
0.0911698117852211 0.004916149657219648 0.13699999451637268 124 99 90
0.0914919525384903 0.004916149657219648 0.13699999451637268 119 93 89
0.09181409329175949 0.004916149657219648 0.13699999451637268 114 88 84
0.09213623404502869 0.004916149657219648 0.13699999451637268 124 96 93
0.09245837479829788 0.004916149657219648 0.13699999451637268 127 99 96
0.09345774352550507 0.00495203398168087 0.1379999965429306 127 99 96
0.09378223866224289 0.00495203398168087 0.1379999965429306 127 99 96
0.09410673379898071 0.00495203398168087 0.1379999965429306 129 99 94
0.09443122148513794 0.00495203398168087 0.1379999965429306 123 93 88
0.09475571662187576 0.00495203398168087 0.1379999965429306 119 84 79
0.09508021175861359 0.00495203398168087 0.1379999965429306 107 72 67
0.09540469944477081 0.00495203398168087 0.1379999965429306 106 64 63
0.09572919458150864 0.00495203398168087 0.1379999965429306 105 63 62
0.06376218795776367 0.005544176325201988 0.14499999582767487 255 207 221
0.0641031414270401 0.005544176325201988 0.14499999582767487 249 203 215
0.06444409489631653 0.005544176325201988 0.14499999582767487 239 193 205
0.06478504836559296 0.005544176325201988 0.14499999582767487 225 185 190
0.06512600183486938 0.005544176325201988 0.14499999582767487 218 178 183
0.06501545757055283 0.00550594087690115 0.14399999380111694 192 154 158
0.06535405665636063 0.00550594087690115 0.14399999380111694 195 157 161
0.06523645669221878 0.005467704962939024 0.14300000667572021 190 157 158
0.06557270884513855 0.005467704962939024 0.14300000667572021 180 147 148
0.06590895354747772 0.005467704962939024 0.14300000667572021 180 149 151
0.06624520570039749 0.005467704962939024 0.14300000667572021 176 145 147
0.06658145785331726 0.005467704962939024 0.14300000667572021 178 138 143
0.06644974648952484 0.0054294695146381855 0.1420000046491623 166 126 131
0.0677853375673294 0.0054294695146381855 0.1420000046491623 255 209 213
0.06811923533678055 0.0054294695146381855 0.1420000046491623 255 244 246
0.06845313310623169 0.0054294695146381855 0.1420000046491623 255 240 242
0.06878703087568283 0.0054294695146381855 0.1420000046491623 254 220 240
0.06912093609571457 0.0054294695146381855 0.1420000046491623 230 196 216
0.06945483386516571 0.0054294695146381855 0.1420000046491623 221 188 201
0.06978873163461685 0.0054294695146381855 0.1420000046491623 233 200 213
0.06962880492210388 0.00539123360067606 0.14100000262260437 206 179 182
0.0699603483080864 0.00539123360067606 0.14100000262260437 216 189 192
0.06979337334632874 0.005352998152375221 0.14000000059604645 210 186 188
0.07012256979942322 0.005352998152375221 0.14000000059604645 206 182 184
0.0704517662525177 0.005352998152375221 0.14000000059604645 208 185 193
0.07027538120746613 0.0053147622384130955 0.13899999856948853 203 180 188
0.07060222327709198 0.0053147622384130955 0.13899999856948853 183 163 164
0.07041878998279572 0.00527652632445097 0.1379999965429306 176 156 157
0.07074327766895294 0.00527652632445097 0.1379999965429306 188 151 148
0.07106777280569077 0.00527652632445097 0.1379999965429306 152 115 112
0.07139226794242859 0.00527652632445097 0.1379999965429306 84 42 41
0.07171675562858582 0.00527652632445097 0.1379999965429306 152 110 109
0.07204125076532364 0.00527652632445097 0.1379999965429306 198 164 170
0.07236573845148087 0.00527652632445097 0.1379999965429306 205 171 177
0.07269023358821869 0.00527652632445097 0.1379999965429306 202 173 177
0.07301472872495651 0.00527652632445097 0.1379999965429306 195 166 170
0.07333921641111374 0.00527652632445097 0.1379999965429306 193 157 157
0.07366371154785156 0.00527652632445097 0.1379999965429306 190 154 154
0.07398820668458939 0.00527652632445097 0.1379999965429306 185 150 145
0.07431269437074661 0.00527652632445097 0.1379999965429306 180 145 140
0.07463718950748444 0.00527652632445097 0.1379999965429306 175 143 137
0.07496168464422226 0.00527652632445097 0.1379999965429306 174 142 136
0.07528617233037949 0.00527652632445097 0.1379999965429306 169 147 139
0.07506275922060013 0.005238290876150131 0.13699999451637268 168 146 138
0.07538489997386932 0.005238290876150131 0.13699999451637268 166 140 136
0.07570704072713852 0.005238290876150131 0.13699999451637268 161 135 131
0.07602918893098831 0.005238290876150131 0.13699999451637268 161 125 127
0.07635132968425751 0.005238290876150131 0.13699999451637268 155 119 121
0.07611380517482758 0.0052000549621880054 0.13600000739097595 124 75 76
0.07643359899520874 0.0052000549621880054 0.13600000739097595 76 27 28
0.07745877653360367 0.005161819513887167 0.13500000536441803 174 138 128
0.0777762159705162 0.005161819513887167 0.13500000536441803 173 137 127
0.07809365540742874 0.005161819513887167 0.13500000536441803 171 137 129
0.07841108739376068 0.005161819513887167 0.13500000536441803 168 134 126
0.07872852683067322 0.005161819513887167 0.13500000536441803 165 133 127
0.0796314924955368 0.0052000549621880054 0.13600000739097595 159 127 121
0.07995127886533737 0.0052000549621880054 0.13600000739097595 154 124 117
0.08027107268571854 0.0052000549621880054 0.13600000739097595 153 123 116
0.0805908590555191 0.0052000549621880054 0.13600000739097595 149 122 114
0.08091065287590027 0.0052000549621880054 0.13600000739097595 144 117 109
0.08123043924570084 0.0052000549621880054 0.13600000739097595 139 107 101
0.081550233066082 0.0052000549621880054 0.13600000739097595 162 130 124
0.08187001943588257 0.0052000549621880054 0.13600000739097595 186 151 146
0.08218980580568314 0.0052000549621880054 0.13600000739097595 179 144 139
0.0825095996260643 0.0052000549621880054 0.13600000739097595 160 128 122
0.08282938599586487 0.0052000549621880054 0.13600000739097595 148 116 110
0.08314917981624603 0.0052000549621880054 0.13600000739097595 145 115 108
0.0834689661860466 0.0052000549621880054 0.13600000739097595 143 113 106
0.08378876000642776 0.0052000549621880054 0.13600000739097595 136 110 99
0.08410854637622833 0.0052000549621880054 0.13600000739097595 130 104 93
0.0844283327460289 0.0052000549621880054 0.13600000739097595 127 103 91
0.08474812656641006 0.0052000549621880054 0.13600000739097595 128 104 92
0.08506791293621063 0.0052000549621880054 0.13600000739097595 124 100 88
0.0853877067565918 0.0052000549621880054 0.13600000739097595 120 96 84
0.08570749312639236 0.0052000549621880054 0.13600000739097595 116 89 81
0.08602728694677353 0.0052000549621880054 0.13600000739097595 115 88 80
0.0863470733165741 0.0052000549621880054 0.13600000739097595 120 86 78
0.08666686713695526 0.0052000549621880054 0.13600000739097595 140 106 98
0.08762626349925995 0.005238290876150131 0.13699999451637268 143 107 99
0.08794840425252914 0.005238290876150131 0.13699999451637268 148 112 104
0.08827054500579834 0.005238290876150131 0.13699999451637268 145 113 107
0.08859268575906754 0.005238290876150131 0.13699999451637268 148 116 110
0.08891482651233673 0.005238290876150131 0.13699999451637268 142 117 110
0.08923696726560593 0.005238290876150131 0.13699999451637268 141 116 109
0.08955910801887512 0.005238290876150131 0.13699999451637268 136 115 102
0.08988124877214432 0.005238290876150131 0.13699999451637268 132 111 98
0.09020338952541351 0.005238290876150131 0.13699999451637268 127 106 89
0.09052553027868271 0.005238290876150131 0.13699999451637268 126 105 88
0.0908476710319519 0.005238290876150131 0.13699999451637268 125 104 91
0.0911698117852211 0.005238290876150131 0.13699999451637268 119 98 85
0.0914919525384903 0.005238290876150131 0.13699999451637268 116 91 84
0.09181409329175949 0.005238290876150131 0.13699999451637268 112 87 80
0.09213623404502869 0.005238290876150131 0.13699999451637268 124 91 90
0.09245837479829788 0.005238290876150131 0.13699999451637268 133 100 99
0.09345774352550507 0.00527652632445097 0.1379999965429306 131 98 97
0.09378223866224289 0.00527652632445097 0.1379999965429306 127 94 93
0.09410673379898071 0.00527652632445097 0.1379999965429306 126 96 91
0.09443122148513794 0.00527652632445097 0.1379999965429306 122 92 87
0.09475571662187576 0.00527652632445097 0.1379999965429306 116 86 79
0.09508021175861359 0.00527652632445097 0.1379999965429306 117 87 80
0.09540469944477081 0.00527652632445097 0.1379999965429306 111 73 66
0.09572919458150864 0.00527652632445097 0.1379999965429306 102 64 57
0.06420192867517471 0.005925715435296297 0.1459999978542328 255 216 235
0.0641031414270401 0.0058851283974945545 0.14499999582767487 250 208 226
0.06444409489631653 0.0058851283974945545 0.14499999582767487 232 190 208
0.06478504836559296 0.0058851283974945545 0.14499999582767487 227 188 195
0.06512600183486938 0.0058851283974945545 0.14499999582767487 228 189 196
0.06501545757055283 0.005844541359692812 0.14399999380111694 190 154 156
0.06535405665636063 0.005844541359692812 0.14399999380111694 196 160 162
0.06523645669221878 0.005803954321891069 0.14300000667572021 204 171 172
0.06557270884513855 0.005803954321891069 0.14300000667572021 203 170 171
0.06590895354747772 0.005803954321891069 0.14300000667572021 200 169 169
0.06624520570039749 0.005803954321891069 0.14300000667572021 183 152 152
0.0661158487200737 0.005763367284089327 0.1420000046491623 177 139 143
0.06644974648952484 0.005763367284089327 0.1420000046491623 182 144 148
0.06745143979787827 0.005763367284089327 0.1420000046491623 184 139 144
0.0677853375673294 0.005763367284089327 0.1420000046491623 255 233 238
0.06811923533678055 0.005763367284089327 0.1420000046491623 255 245 254
0.06845313310623169 0.005763367284089327 0.1420000046491623 255 244 253
0.06878703087568283 0.005763367284089327 0.1420000046491623 236 207 223
0.06912093609571457 0.005763367284089327 0.1420000046491623 241 212 228
0.06945483386516571 0.005763367284089327 0.1420000046491623 241 206 220
0.06978873163461685 0.005763367284089327 0.1420000046491623 232 197 211
0.06962880492210388 0.005722780246287584 0.14100000262260437 217 185 190
0.0699603483080864 0.005722780246287584 0.14100000262260437 217 185 190
0.06979337334632874 0.005682193208485842 0.14000000059604645 213 184 188
0.07012256979942322 0.005682193208485842 0.14000000059604645 212 183 187
0.0704517662525177 0.005682193208485842 0.14000000059604645 204 181 189
0.07027538120746613 0.005641606170684099 0.13899999856948853 197 174 182
0.07060222327709198 0.005641606170684099 0.13899999856948853 194 172 176
0.07041878998279572 0.005601019132882357 0.1379999965429306 190 168 172
0.07074327766895294 0.005601019132882357 0.1379999965429306 183 151 147
0.07106777280569077 0.005601019132882357 0.1379999965429306 151 119 115
0.07139226794242859 0.005601019132882357 0.1379999965429306 116 81 76
0.07171675562858582 0.005601019132882357 0.1379999965429306 179 144 139
0.07204125076532364 0.005601019132882357 0.1379999965429306 203 180 179
0.07236573845148087 0.005601019132882357 0.1379999965429306 200 177 176
0.07269023358821869 0.005601019132882357 0.1379999965429306 205 179 179
0.07301472872495651 0.005601019132882357 0.1379999965429306 192 166 166
0.07333921641111374 0.005601019132882357 0.1379999965429306 180 150 145
0.07366371154785156 0.005601019132882357 0.1379999965429306 176 146 141
0.07398820668458939 0.005601019132882357 0.1379999965429306 173 141 135
0.07431269437074661 0.005601019132882357 0.1379999965429306 170 138 132
0.07463718950748444 0.005601019132882357 0.1379999965429306 165 136 126
0.07496168464422226 0.005601019132882357 0.1379999965429306 165 136 126
0.07528617233037949 0.005601019132882357 0.1379999965429306 161 137 125
0.07506275922060013 0.005560431629419327 0.13699999451637268 157 133 121
0.07538489997386932 0.005560431629419327 0.13699999451637268 149 127 117
0.07570704072713852 0.005560431629419327 0.13699999451637268 150 128 118
0.07602918893098831 0.005560431629419327 0.13699999451637268 151 120 118
0.07635132968425751 0.005560431629419327 0.13699999451637268 141 110 108
0.07611380517482758 0.005519844591617584 0.13600000739097595 140 98 97
0.07643359899520874 0.005519844591617584 0.13600000739097595 113 71 70
0.07675338536500931 0.005519844591617584 0.13600000739097595 168 121 120
0.07707317918539047 0.005519844591617584 0.13600000739097595 192 145 144
0.07771275192499161 0.005519844591617584 0.13600000739097595 172 145 137
0.07745877653360367 0.005479257553815842 0.13500000536441803 167 145 137
0.0777762159705162 0.005479257553815842 0.13500000536441803 159 137 129
0.07809365540742874 0.005479257553815842 0.13500000536441803 159 132 124
0.07841108739376068 0.005479257553815842 0.13500000536441803 156 129 121
0.07872852683067322 0.005479257553815842 0.13500000536441803 161 131 124
0.0796314924955368 0.005519844591617584 0.13600000739097595 153 123 116
0.07995127886533737 0.005519844591617584 0.13600000739097595 150 120 113
0.08027107268571854 0.005519844591617584 0.13600000739097595 144 114 107
0.0805908590555191 0.005519844591617584 0.13600000739097595 142 116 105
0.08091065287590027 0.005519844591617584 0.13600000739097595 137 111 100
0.08123043924570084 0.005519844591617584 0.13600000739097595 134 105 95
0.081550233066082 0.005519844591617584 0.13600000739097595 129 100 90
0.08187001943588257 0.005519844591617584 0.13600000739097595 137 102 97
0.08218980580568314 0.005519844591617584 0.13600000739097595 156 121 116
0.0825095996260643 0.005519844591617584 0.13600000739097595 151 117 109
0.08282938599586487 0.005519844591617584 0.13600000739097595 150 116 108
0.08314917981624603 0.005519844591617584 0.13600000739097595 144 113 102
0.0834689661860466 0.005519844591617584 0.13600000739097595 140 109 98
0.08378876000642776 0.005519844591617584 0.13600000739097595 134 105 93
0.08410854637622833 0.005519844591617584 0.13600000739097595 131 102 90
0.0844283327460289 0.005519844591617584 0.13600000739097595 128 102 89
0.08474812656641006 0.005519844591617584 0.13600000739097595 128 102 89
0.08506791293621063 0.005519844591617584 0.13600000739097595 123 99 85
0.0853877067565918 0.005519844591617584 0.13600000739097595 122 98 84
0.08570749312639236 0.005519844591617584 0.13600000739097595 113 86 78
0.08602728694677353 0.005519844591617584 0.13600000739097595 113 86 78
0.0863470733165741 0.005519844591617584 0.13600000739097595 112 81 72
0.08666686713695526 0.005519844591617584 0.13600000739097595 134 103 94
0.08762626349925995 0.005560431629419327 0.13699999451637268 136 102 94
0.08794840425252914 0.005560431629419327 0.13699999451637268 143 109 101
0.08827054500579834 0.005560431629419327 0.13699999451637268 142 110 106
0.08859268575906754 0.005560431629419327 0.13699999451637268 148 116 112
0.08891482651233673 0.005560431629419327 0.13699999451637268 146 118 115
0.08923696726560593 0.005560431629419327 0.13699999451637268 138 110 107
0.08955910801887512 0.005560431629419327 0.13699999451637268 135 110 101
0.08988124877214432 0.005560431629419327 0.13699999451637268 130 105 96
0.09020338952541351 0.005560431629419327 0.13699999451637268 128 104 90
0.09052553027868271 0.005560431629419327 0.13699999451637268 128 104 90
0.0908476710319519 0.005560431629419327 0.13699999451637268 127 103 91
0.0911698117852211 0.005560431629419327 0.13699999451637268 120 96 84
0.0914919525384903 0.005560431629419327 0.13699999451637268 114 89 80
0.09181409329175949 0.005560431629419327 0.13699999451637268 112 87 78
0.09213623404502869 0.005560431629419327 0.13699999451637268 113 81 77
0.09313325583934784 0.005601019132882357 0.1379999965429306 123 91 87
0.09345774352550507 0.005601019132882357 0.1379999965429306 123 91 87
0.09378223866224289 0.005601019132882357 0.1379999965429306 121 89 85
0.09410673379898071 0.005601019132882357 0.1379999965429306 123 91 87
0.09443122148513794 0.005601019132882357 0.1379999965429306 124 92 88
0.09475571662187576 0.005601019132882357 0.1379999965429306 121 89 83
0.09508021175861359 0.005601019132882357 0.1379999965429306 123 91 85
0.09540469944477081 0.005601019132882357 0.1379999965429306 114 73 65
0.09572919458150864 0.005601019132882357 0.1379999965429306 106 65 57
0.06360470503568649 0.006311957724392414 0.1469999998807907 255 221 225
0.0635153204202652 0.0062690190970897675 0.1459999978542328 255 217 221
0.06385862827301025 0.0062690190970897675 0.1459999978542328 255 230 245
0.06420192867517471 0.0062690190970897675 0.1459999978542328 255 223 238
0.0641031414270401 0.006226080935448408 0.14499999582767487 248 208 225
0.06444409489631653 0.006226080935448408 0.14499999582767487 226 186 203
0.06478504836559296 0.006226080935448408 0.14499999582767487 226 188 192
0.06512600183486938 0.006226080935448408 0.14499999582767487 224 186 190
0.06501545757055283 0.0061831423081457615 0.14399999380111694 192 154 156
0.06535405665636063 0.0061831423081457615 0.14399999380111694 198 160 162
0.06523645669221878 0.006140203680843115 0.14300000667572021 203 170 169
0.06557270884513855 0.006140203680843115 0.14300000667572021 201 168 167
0.06590895354747772 0.006140203680843115 0.14300000667572021 194 163 163
0.06624520570039749 0.006140203680843115 0.14300000667572021 193 162 162
0.0661158487200737 0.006097265053540468 0.1420000046491623 177 139 141
0.06644974648952484 0.006097265053540468 0.1420000046491623 176 138 140
0.06678364425897598 0.006097265053540468 0.1420000046491623 181 136 139
0.06711754202842712 0.006097265053540468 0.1420000046491623 149 104 107
0.06745143979787827 0.006097265053540468 0.1420000046491623 255 213 217
0.0677853375673294 0.006097265053540468 0.1420000046491623 255 241 245
0.06811923533678055 0.006097265053540468 0.1420000046491623 255 241 250
0.06845313310623169 0.006097265053540468 0.1420000046491623 255 238 247
0.06878703087568283 0.006097265053540468 0.1420000046491623 250 224 239
0.06912093609571457 0.006097265053540468 0.1420000046491623 255 235 250
0.06945483386516571 0.006097265053540468 0.1420000046491623 250 217 230
0.06978873163461685 0.006097265053540468 0.1420000046491623 222 189 202
0.06962880492210388 0.006054326891899109 0.14100000262260437 224 190 196
0.0699603483080864 0.006054326891899109 0.14100000262260437 219 185 191
0.06979337334632874 0.006011388264596462 0.14000000059604645 216 185 187
0.07012256979942322 0.006011388264596462 0.14000000059604645 215 184 186
0.06994853913784027 0.005968449637293816 0.13899999856948853 214 189 199
0.07027538120746613 0.005968449637293816 0.13899999856948853 196 171 181
0.07060222327709198 0.005968449637293816 0.13899999856948853 189 164 172
0.07041878998279572 0.005925511475652456 0.1379999965429306 176 151 159
0.07074327766895294 0.005925511475652456 0.1379999965429306 155 123 119
0.07106777280569077 0.005925511475652456 0.1379999965429306 156 124 120
0.07139226794242859 0.005925511475652456 0.1379999965429306 143 109 99
0.07171675562858582 0.005925511475652456 0.1379999965429306 189 155 145
0.07204125076532364 0.005925511475652456 0.1379999965429306 204 178 174
0.07236573845148087 0.005925511475652456 0.1379999965429306 199 173 169
0.07269023358821869 0.005925511475652456 0.1379999965429306 195 172 171
0.07301472872495651 0.005925511475652456 0.1379999965429306 177 154 153
0.07333921641111374 0.005925511475652456 0.1379999965429306 168 143 136
0.07366371154785156 0.005925511475652456 0.1379999965429306 164 139 132
0.07398820668458939 0.005925511475652456 0.1379999965429306 167 138 128
0.07431269437074661 0.005925511475652456 0.1379999965429306 166 137 127
0.07463718950748444 0.005925511475652456 0.1379999965429306 161 132 122
0.07496168464422226 0.005925511475652456 0.1379999965429306 158 129 119
0.07474061846733093 0.00588257284834981 0.13699999451637268 152 128 114
0.07506275922060013 0.00588257284834981 0.13699999451637268 150 126 112
0.07538489997386932 0.00588257284834981 0.13699999451637268 149 125 113
0.07570704072713852 0.00588257284834981 0.13699999451637268 151 127 115
0.07602918893098831 0.00588257284834981 0.13699999451637268 145 117 116
0.07635132968425751 0.00588257284834981 0.13699999451637268 142 114 113
0.07611380517482758 0.005839634221047163 0.13600000739097595 141 104 101
0.07643359899520874 0.005839634221047163 0.13600000739097595 131 94 91
0.07675338536500931 0.005839634221047163 0.13600000739097595 181 140 134
0.07707317918539047 0.005839634221047163 0.13600000739097595 187 146 140
0.07739296555519104 0.005839634221047163 0.13600000739097595 172 146 142
0.07771275192499161 0.005839634221047163 0.13600000739097595 162 136 132
0.07745877653360367 0.005796696059405804 0.13500000536441803 151 130 127
0.0777762159705162 0.005796696059405804 0.13500000536441803 151 130 127
0.07809365540742874 0.005796696059405804 0.13500000536441803 149 122 114
0.07841108739376068 0.005796696059405804 0.13500000536441803 146 119 111
0.07872852683067322 0.005796696059405804 0.13500000536441803 147 117 110
0.0796314924955368 0.005839634221047163 0.13600000739097595 145 115 108
0.07995127886533737 0.005839634221047163 0.13600000739097595 143 114 104
0.08027107268571854 0.005839634221047163 0.13600000739097595 139 110 100
0.0805908590555191 0.005839634221047163 0.13600000739097595 140 111 101
0.08091065287590027 0.005839634221047163 0.13600000739097595 137 108 98
0.08123043924570084 0.005839634221047163 0.13600000739097595 133 102 93
0.081550233066082 0.005839634221047163 0.13600000739097595 130 99 90
0.08187001943588257 0.005839634221047163 0.13600000739097595 128 93 88
0.08218980580568314 0.005839634221047163 0.13600000739097595 149 114 109
0.0825095996260643 0.005839634221047163 0.13600000739097595 141 107 99
0.08282938599586487 0.005839634221047163 0.13600000739097595 140 106 98
0.08314917981624603 0.005839634221047163 0.13600000739097595 144 110 100
0.0834689661860466 0.005839634221047163 0.13600000739097595 139 105 95
0.08378876000642776 0.005839634221047163 0.13600000739097595 131 102 90
0.08410854637622833 0.005839634221047163 0.13600000739097595 129 100 88
0.0844283327460289 0.005839634221047163 0.13600000739097595 125 99 86
0.08474812656641006 0.005839634221047163 0.13600000739097595 124 98 85
0.08506791293621063 0.005839634221047163 0.13600000739097595 123 99 87
0.0853877067565918 0.005839634221047163 0.13600000739097595 122 98 86
0.08570749312639236 0.005839634221047163 0.13600000739097595 113 88 79
0.08602728694677353 0.005839634221047163 0.13600000739097595 112 87 78
0.0863470733165741 0.005839634221047163 0.13600000739097595 117 86 77
0.08730412274599075 0.00588257284834981 0.13699999451637268 127 96 87
0.08762626349925995 0.00588257284834981 0.13699999451637268 133 99 89
0.08794840425252914 0.00588257284834981 0.13699999451637268 137 103 93
0.08827054500579834 0.00588257284834981 0.13699999451637268 142 110 106
0.08859268575906754 0.00588257284834981 0.13699999451637268 146 114 110
0.08891482651233673 0.00588257284834981 0.13699999451637268 145 117 116
0.08923696726560593 0.00588257284834981 0.13699999451637268 137 109 108
0.08955910801887512 0.00588257284834981 0.13699999451637268 133 108 101
0.08988124877214432 0.00588257284834981 0.13699999451637268 130 105 98
0.09020338952541351 0.00588257284834981 0.13699999451637268 129 105 93
0.09052553027868271 0.00588257284834981 0.13699999451637268 127 103 91
0.0908476710319519 0.00588257284834981 0.13699999451637268 126 102 90
0.0911698117852211 0.00588257284834981 0.13699999451637268 123 99 87
0.0914919525384903 0.00588257284834981 0.13699999451637268 120 96 84
0.09181409329175949 0.00588257284834981 0.13699999451637268 116 92 80
0.09213623404502869 0.00588257284834981 0.13699999451637268 117 86 77
0.09313325583934784 0.005925511475652456 0.1379999965429306 119 88 79
0.09345774352550507 0.005925511475652456 0.1379999965429306 124 93 84
0.09378223866224289 0.005925511475652456 0.1379999965429306 120 89 80
0.09410673379898071 0.005925511475652456 0.1379999965429306 119 87 81
0.09443122148513794 0.005925511475652456 0.1379999965429306 117 85 79
0.09475571662187576 0.005925511475652456 0.1379999965429306 120 83 78
0.09508021175861359 0.005925511475652456 0.1379999965429306 115 78 73
0.09540469944477081 0.005925511475652456 0.1379999965429306 105 64 56
0.09572919458150864 0.005925511475652456 0.1379999965429306 104 63 55
0.0632590502500534 0.006657612510025501 0.1469999998807907 255 208 209
0.06360470503568649 0.006657612510025501 0.1469999998807907 255 232 237
0.0635153204202652 0.006612322758883238 0.1459999978542328 255 235 240
0.06385862827301025 0.006612322758883238 0.1459999978542328 255 236 247
0.06420192867517471 0.006612322758883238 0.1459999978542328 255 231 242
0.0641031414270401 0.006567033007740974 0.14499999582767487 255 216 231
0.06444409489631653 0.006567033007740974 0.14499999582767487 229 189 204
0.06478504836559296 0.006567033007740974 0.14499999582767487 218 178 183
0.06512600183486938 0.006567033007740974 0.14499999582767487 211 171 176
0.06501545757055283 0.006521742790937424 0.14399999380111694 193 153 154
0.06535405665636063 0.006521742790937424 0.14399999380111694 197 157 158
0.06523645669221878 0.00647645303979516 0.14300000667572021 204 168 168
0.06557270884513855 0.00647645303979516 0.14300000667572021 205 169 169
0.06590895354747772 0.00647645303979516 0.14300000667572021 195 162 161
0.06578195095062256 0.006431163288652897 0.1420000046491623 195 162 161
0.0661158487200737 0.006431163288652897 0.1420000046491623 184 146 146
0.06644974648952484 0.006431163288652897 0.1420000046491623 176 138 138
0.06678364425897598 0.006431163288652897 0.1420000046491623 175 133 130
0.06711754202842712 0.006431163288652897 0.1420000046491623 163 121 118
0.06745143979787827 0.006431163288652897 0.1420000046491623 255 220 223
0.0677853375673294 0.006431163288652897 0.1420000046491623 255 238 241
0.06811923533678055 0.006431163288652897 0.1420000046491623 255 240 247
0.06845313310623169 0.006431163288652897 0.1420000046491623 255 242 249
0.06878703087568283 0.006431163288652897 0.1420000046491623 255 242 255
0.06912093609571457 0.006431163288652897 0.1420000046491623 235 209 224
0.06945483386516571 0.006431163288652897 0.1420000046491623 220 190 200
0.06929726153612137 0.0063858735375106335 0.14100000262260437 213 183 193
0.06962880492210388 0.0063858735375106335 0.14100000262260437 213 179 185
0.0699603483080864 0.0063858735375106335 0.14100000262260437 212 178 184
0.06979337334632874 0.006340583320707083 0.14000000059604645 210 178 183
0.07012256979942322 0.006340583320707083 0.14000000059604645 208 176 181
0.06994853913784027 0.006295293569564819 0.13899999856948853 210 180 192
0.07027538120746613 0.006295293569564819 0.13899999856948853 199 169 181
0.07060222327709198 0.006295293569564819 0.13899999856948853 194 164 174
0.07041878998279572 0.006250003818422556 0.1379999965429306 172 142 152
0.07074327766895294 0.006250003818422556 0.1379999965429306 165 130 127
0.07106777280569077 0.006250003818422556 0.1379999965429306 158 123 120
0.07139226794242859 0.006250003818422556 0.1379999965429306 154 120 110
0.07171675562858582 0.006250003818422556 0.1379999965429306 190 156 146
0.07204125076532364 0.006250003818422556 0.1379999965429306 199 173 169
0.07236573845148087 0.006250003818422556 0.1379999965429306 185 159 155
0.07269023358821869 0.006250003818422556 0.1379999965429306 177 154 153
0.07301472872495651 0.006250003818422556 0.1379999965429306 167 144 143
0.07333921641111374 0.006250003818422556 0.1379999965429306 165 139 135
0.07366371154785156 0.006250003818422556 0.1379999965429306 159 133 129
0.07398820668458939 0.006250003818422556 0.1379999965429306 161 136 129
0.07431269437074661 0.006250003818422556 0.1379999965429306 162 137 130
0.07463718950748444 0.006250003818422556 0.1379999965429306 160 133 125
0.07496168464422226 0.006250003818422556 0.1379999965429306 157 130 122
0.07474061846733093 0.006204713601619005 0.13699999451637268 155 129 118
0.07506275922060013 0.006204713601619005 0.13699999451637268 153 127 116
0.07538489997386932 0.006204713601619005 0.13699999451637268 151 125 114
0.07570704072713852 0.006204713601619005 0.13699999451637268 151 125 114
0.07602918893098831 0.006204713601619005 0.13699999451637268 141 110 108
0.07635132968425751 0.006204713601619005 0.13699999451637268 139 108 106
0.07611380517482758 0.006159423850476742 0.13600000739097595 141 104 99
0.07643359899520874 0.006159423850476742 0.13600000739097595 135 98 93
0.07675338536500931 0.006159423850476742 0.13600000739097595 165 127 120
0.07707317918539047 0.006159423850476742 0.13600000739097595 180 142 135
0.07739296555519104 0.006159423850476742 0.13600000739097595 175 144 144
0.07771275192499161 0.006159423850476742 0.13600000739097595 160 129 129
0.07745877653360367 0.006114134099334478 0.13500000536441803 154 128 126
0.0777762159705162 0.006114134099334478 0.13500000536441803 149 123 121
0.07809365540742874 0.006114134099334478 0.13500000536441803 148 118 113
0.07841108739376068 0.006114134099334478 0.13500000536441803 146 116 111
0.07872852683067322 0.006114134099334478 0.13500000536441803 144 114 107
0.07904596626758575 0.006114134099334478 0.13500000536441803 143 113 106
0.07995127886533737 0.006159423850476742 0.13600000739097595 140 111 101
0.08027107268571854 0.006159423850476742 0.13600000739097595 134 105 95
0.0805908590555191 0.006159423850476742 0.13600000739097595 136 107 97
0.08091065287590027 0.006159423850476742 0.13600000739097595 134 105 95
0.08123043924570084 0.006159423850476742 0.13600000739097595 126 95 86
0.081550233066082 0.006159423850476742 0.13600000739097595 125 94 85
0.08187001943588257 0.006159423850476742 0.13600000739097595 127 91 83
0.08218980580568314 0.006159423850476742 0.13600000739097595 131 95 87
0.0825095996260643 0.006159423850476742 0.13600000739097595 145 109 99
0.08282938599586487 0.006159423850476742 0.13600000739097595 142 106 96
0.08314917981624603 0.006159423850476742 0.13600000739097595 140 106 96
0.0834689661860466 0.006159423850476742 0.13600000739097595 136 102 92
0.08378876000642776 0.006159423850476742 0.13600000739097595 130 99 88
0.08410854637622833 0.006159423850476742 0.13600000739097595 130 99 88
0.0844283327460289 0.006159423850476742 0.13600000739097595 127 101 90
0.08474812656641006 0.006159423850476742 0.13600000739097595 123 97 86
0.08506791293621063 0.006159423850476742 0.13600000739097595 116 91 82
0.0853877067565918 0.006159423850476742 0.13600000739097595 115 90 81
0.08570749312639236 0.006159423850476742 0.13600000739097595 115 90 81
0.08602728694677353 0.006159423850476742 0.13600000739097595 115 90 81
0.08698198199272156 0.006204713601619005 0.13699999451637268 118 89 77
0.08730412274599075 0.006204713601619005 0.13699999451637268 122 93 81
0.08762626349925995 0.006204713601619005 0.13699999451637268 132 98 88
0.08794840425252914 0.006204713601619005 0.13699999451637268 135 101 91
0.08827054500579834 0.006204713601619005 0.13699999451637268 146 109 106
0.08859268575906754 0.006204713601619005 0.13699999451637268 146 109 106
0.08891482651233673 0.006204713601619005 0.13699999451637268 143 112 110
0.08923696726560593 0.006204713601619005 0.13699999451637268 138 107 105
0.08955910801887512 0.006204713601619005 0.13699999451637268 134 107 101
0.08988124877214432 0.006204713601619005 0.13699999451637268 132 105 99
0.09020338952541351 0.006204713601619005 0.13699999451637268 128 103 94
0.09052553027868271 0.006204713601619005 0.13699999451637268 124 99 90
0.0908476710319519 0.006204713601619005 0.13699999451637268 123 98 89
0.0911698117852211 0.006204713601619005 0.13699999451637268 122 97 88
0.0914919525384903 0.006204713601619005 0.13699999451637268 119 94 85
0.09181409329175949 0.006204713601619005 0.13699999451637268 109 84 75
0.09213623404502869 0.006204713601619005 0.13699999451637268 108 79 69
0.09245837479829788 0.006204713601619005 0.13699999451637268 109 80 70
0.09345774352550507 0.006250003818422556 0.1379999965429306 116 85 76
0.09378223866224289 0.006250003818422556 0.1379999965429306 119 88 79
0.09410673379898071 0.006250003818422556 0.1379999965429306 116 85 76
0.09443122148513794 0.006250003818422556 0.1379999965429306 116 85 76
0.09475571662187576 0.006250003818422556 0.1379999965429306 116 78 71
0.09508021175861359 0.006250003818422556 0.1379999965429306 116 78 71
0.09540469944477081 0.006250003818422556 0.1379999965429306 110 69 63
0.09572919458150864 0.006250003818422556 0.1379999965429306 103 62 56
0.09605368226766586 0.006250003818422556 0.1379999965429306 106 65 57
0.09637817740440369 0.006250003818422556 0.1379999965429306 107 66 58
0.0632590502500534 0.007003267761319876 0.1469999998807907 255 206 207
0.06360470503568649 0.007003267761319876 0.1469999998807907 255 237 241
0.06395035982131958 0.007003267761319876 0.1469999998807907 255 241 245
0.06385862827301025 0.006955626420676708 0.1459999978542328 255 244 250
0.06420192867517471 0.006955626420676708 0.1459999978542328 255 229 235
0.06454523652791977 0.006955626420676708 0.1459999978542328 249 209 222
0.06444409489631653 0.006907985080033541 0.14499999582767487 234 194 207
0.06478504836559296 0.006907985080033541 0.14499999582767487 224 179 182
0.06512600183486938 0.006907985080033541 0.14499999582767487 226 181 184
0.06501545757055283 0.006860343739390373 0.14399999380111694 203 161 158
0.06535405665636063 0.006860343739390373 0.14399999380111694 199 157 154
0.06523645669221878 0.006812702398747206 0.14300000667572021 203 168 163
0.06557270884513855 0.006812702398747206 0.14300000667572021 204 169 164
0.06590895354747772 0.006812702398747206 0.14300000667572021 198 166 162
0.06578195095062256 0.006765061058104038 0.1420000046491623 197 165 161
0.0661158487200737 0.006765061058104038 0.1420000046491623 194 157 152
0.06644974648952484 0.006765061058104038 0.1420000046491623 186 149 144
0.06678364425897598 0.006765061058104038 0.1420000046491623 181 142 138
0.06711754202842712 0.006765061058104038 0.1420000046491623 166 127 123
0.06745143979787827 0.006765061058104038 0.1420000046491623 255 220 219
0.0677853375673294 0.006765061058104038 0.1420000046491623 255 227 226
0.06811923533678055 0.006765061058104038 0.1420000046491623 255 232 236
0.06845313310623169 0.006765061058104038 0.1420000046491623 255 235 239
0.06878703087568283 0.006765061058104038 0.1420000046491623 252 224 235
0.06912093609571457 0.006765061058104038 0.1420000046491623 216 188 199
0.06945483386516571 0.006765061058104038 0.1420000046491623 217 185 190
0.06929726153612137 0.006717419717460871 0.14100000262260437 209 177 182
0.06962880492210388 0.006717419717460871 0.14100000262260437 204 173 175
0.0699603483080864 0.006717419717460871 0.14100000262260437 202 171 173
0.06979337334632874 0.006669778376817703 0.14000000059604645 204 173 175
0.07012256979942322 0.006669778376817703 0.14000000059604645 202 171 173
0.06994853913784027 0.006622137501835823 0.13899999856948853 201 166 178
0.07027538120746613 0.006622137501835823 0.13899999856948853 198 163 175
0.07060222327709198 0.006622137501835823 0.13899999856948853 198 161 170
0.07041878998279572 0.0065744961611926556 0.1379999965429306 171 134 143
0.07074327766895294 0.0065744961611926556 0.1379999965429306 163 123 124
0.07106777280569077 0.0065744961611926556 0.1379999965429306 156 116 117
0.07139226794242859 0.0065744961611926556 0.1379999965429306 149 113 105
0.07171675562858582 0.0065744961611926556 0.1379999965429306 188 152 144
0.07204125076532364 0.0065744961611926556 0.1379999965429306 195 169 165
0.07236573845148087 0.0065744961611926556 0.1379999965429306 186 160 156
0.07269023358821869 0.0065744961611926556 0.1379999965429306 174 150 152
0.07248563319444656 0.006526854820549488 0.13699999451637268 167 143 145
0.07280777394771576 0.006526854820549488 0.13699999451637268 166 140 138
0.07312991470098495 0.006526854820549488 0.13699999451637268 159 133 131
0.07345205545425415 0.006526854820549488 0.13699999451637268 161 135 131
0.07377419620752335 0.006526854820549488 0.13699999451637268 156 130 126
0.07409633696079254 0.006526854820549488 0.13699999451637268 151 124 116
0.07441847771406174 0.006526854820549488 0.13699999451637268 151 124 116
0.07474061846733093 0.006526854820549488 0.13699999451637268 151 125 114
0.07506275922060013 0.006526854820549488 0.13699999451637268 153 127 116
0.07538489997386932 0.006526854820549488 0.13699999451637268 149 123 112
0.07570704072713852 0.006526854820549488 0.13699999451637268 150 124 113
0.07602918893098831 0.006526854820549488 0.13699999451637268 144 109 106
0.07635132968425751 0.006526854820549488 0.13699999451637268 136 101 98
0.07611380517482758 0.006479213479906321 0.13600000739097595 136 102 92
0.07643359899520874 0.006479213479906321 0.13600000739097595 135 101 91
0.07675338536500931 0.006479213479906321 0.13600000739097595 146 108 101
0.07707317918539047 0.006479213479906321 0.13600000739097595 170 132 125
0.07739296555519104 0.006479213479906321 0.13600000739097595 171 135 137
0.07771275192499161 0.006479213479906321 0.13600000739097595 156 120 122
0.07745877653360367 0.006431572139263153 0.13500000536441803 154 121 122
0.0777762159705162 0.006431572139263153 0.13500000536441803 141 108 109
0.07809365540742874 0.006431572139263153 0.13500000536441803 142 110 106
0.07841108739376068 0.006431572139263153 0.13500000536441803 142 110 106
0.07872852683067322 0.006431572139263153 0.13500000536441803 139 107 101
0.07904596626758575 0.006431572139263153 0.13500000536441803 137 105 99
0.07995127886533737 0.006479213479906321 0.13600000739097595 132 102 95
0.08027107268571854 0.006479213479906321 0.13600000739097595 131 101 94
0.0805908590555191 0.006479213479906321 0.13600000739097595 134 103 94
0.08091065287590027 0.006479213479906321 0.13600000739097595 132 101 92
0.08123043924570084 0.006479213479906321 0.13600000739097595 127 93 83
0.081550233066082 0.006479213479906321 0.13600000739097595 126 92 82
0.08187001943588257 0.006479213479906321 0.13600000739097595 124 86 77
0.08218980580568314 0.006479213479906321 0.13600000739097595 124 86 77
0.0825095996260643 0.006479213479906321 0.13600000739097595 137 101 91
0.08282938599586487 0.006479213479906321 0.13600000739097595 139 103 93
0.08314917981624603 0.006479213479906321 0.13600000739097595 141 105 95
0.0834689661860466 0.006479213479906321 0.13600000739097595 139 103 93
0.08378876000642776 0.006479213479906321 0.13600000739097595 130 99 88
0.08410854637622833 0.006479213479906321 0.13600000739097595 128 97 86
0.0844283327460289 0.006479213479906321 0.13600000739097595 130 101 91
0.08474812656641006 0.006479213479906321 0.13600000739097595 127 98 88
0.08506791293621063 0.006479213479906321 0.13600000739097595 123 96 88
0.0853877067565918 0.006479213479906321 0.13600000739097595 117 90 82
0.08570749312639236 0.006479213479906321 0.13600000739097595 114 87 79
0.08602728694677353 0.006479213479906321 0.13600000739097595 111 84 76
0.08698198199272156 0.006526854820549488 0.13699999451637268 115 86 74
0.08730412274599075 0.006526854820549488 0.13699999451637268 115 86 74
0.08762626349925995 0.006526854820549488 0.13699999451637268 136 100 90
0.08794840425252914 0.006526854820549488 0.13699999451637268 137 101 91
0.08827054500579834 0.006526854820549488 0.13699999451637268 143 104 100
0.08859268575906754 0.006526854820549488 0.13699999451637268 144 105 101
0.08891482651233673 0.006526854820549488 0.13699999451637268 141 109 105
0.08923696726560593 0.006526854820549488 0.13699999451637268 139 107 103
0.08955910801887512 0.006526854820549488 0.13699999451637268 132 105 99
0.08988124877214432 0.006526854820549488 0.13699999451637268 131 104 98
0.09020338952541351 0.006526854820549488 0.13699999451637268 129 102 96
0.09052553027868271 0.006526854820549488 0.13699999451637268 125 98 92
0.0908476710319519 0.006526854820549488 0.13699999451637268 123 98 91
0.0911698117852211 0.006526854820549488 0.13699999451637268 124 99 92
0.0914919525384903 0.006526854820549488 0.13699999451637268 117 90 84
0.09181409329175949 0.006526854820549488 0.13699999451637268 109 82 76
0.09213623404502869 0.006526854820549488 0.13699999451637268 109 78 67
0.09245837479829788 0.006526854820549488 0.13699999451637268 109 78 67
0.09345774352550507 0.0065744961611926556 0.1379999965429306 116 85 74
0.09378223866224289 0.0065744961611926556 0.1379999965429306 116 85 74
0.09410673379898071 0.0065744961611926556 0.1379999965429306 116 82 72
0.09443122148513794 0.0065744961611926556 0.1379999965429306 118 84 74
0.09475571662187576 0.0065744961611926556 0.1379999965429306 118 82 72
0.09508021175861359 0.0065744961611926556 0.1379999965429306 115 79 69
0.09540469944477081 0.0065744961611926556 0.1379999965429306 110 74 66
0.09572919458150864 0.0065744961611926556 0.1379999965429306 101 65 57
0.09605368226766586 0.0065744961611926556 0.1379999965429306 106 70 60
0.09637817740440369 0.0065744961611926556 0.1379999965429306 104 68 58
0.06360470503568649 0.007348922546952963 0.1469999998807907 255 224 226
0.06395035982131958 0.007348922546952963 0.1469999998807907 255 240 242
0.06385862827301025 0.007298929616808891 0.1459999978542328 255 241 245
0.06420192867517471 0.007298929616808891 0.1459999978542328 255 233 237
0.06454523652791977 0.007298929616808891 0.1459999978542328 243 204 213
0.06444409489631653 0.007248937152326107 0.14499999582767487 231 192 201
0.06478504836559296 0.007248937152326107 0.14499999582767487 230 185 188
0.06512600183486938 0.007248937152326107 0.14499999582767487 235 190 193
0.06501545757055283 0.007198944687843323 0.14399999380111694 210 168 167
0.06535405665636063 0.007198944687843323 0.14399999380111694 203 161 160
0.06523645669221878 0.007148951757699251 0.14300000667572021 205 168 163
0.06557270884513855 0.007148951757699251 0.14300000667572021 205 168 163
0.06590895354747772 0.007148951757699251 0.14300000667572021 205 170 165
0.06578195095062256 0.007098959293216467 0.1420000046491623 183 148 143
0.0661158487200737 0.007098959293216467 0.1420000046491623 173 136 131
0.06644974648952484 0.007098959293216467 0.1420000046491623 172 135 130
0.06678364425897598 0.007098959293216467 0.1420000046491623 175 137 130
0.06711754202842712 0.007098959293216467 0.1420000046491623 163 125 118
0.06745143979787827 0.007098959293216467 0.1420000046491623 255 219 214
0.0677853375673294 0.007098959293216467 0.1420000046491623 255 217 212
0.06811923533678055 0.007098959293216467 0.1420000046491623 247 204 206
0.06845313310623169 0.007098959293216467 0.1420000046491623 245 202 204
0.06878703087568283 0.007098959293216467 0.1420000046491623 237 199 203
0.06912093609571457 0.007098959293216467 0.1420000046491623 235 197 201
0.06945483386516571 0.007098959293216467 0.1420000046491623 223 190 189
0.06929726153612137 0.007048966363072395 0.14100000262260437 210 177 176
0.06962880492210388 0.007048966363072395 0.14100000262260437 210 179 177
0.0699603483080864 0.007048966363072395 0.14100000262260437 204 173 171
0.06979337334632874 0.006998973898589611 0.14000000059604645 203 172 172
0.07012256979942322 0.006998973898589611 0.14000000059604645 197 166 166
0.06994853913784027 0.0069489809684455395 0.13899999856948853 201 162 169
0.07027538120746613 0.0069489809684455395 0.13899999856948853 193 154 161
0.07060222327709198 0.0069489809684455395 0.13899999856948853 188 147 155
0.07041878998279572 0.006898988503962755 0.1379999965429306 172 131 139
0.07074327766895294 0.006898988503962755 0.1379999965429306 156 114 113
0.07106777280569077 0.006898988503962755 0.1379999965429306 148 106 105
0.07139226794242859 0.006898988503962755 0.1379999965429306 143 106 101
0.07171675562858582 0.006898988503962755 0.1379999965429306 179 142 137
0.07204125076532364 0.006898988503962755 0.1379999965429306 190 164 160
0.07236573845148087 0.006898988503962755 0.1379999965429306 190 164 160
0.07269023358821869 0.006898988503962755 0.1379999965429306 176 150 150
0.07248563319444656 0.006848995573818684 0.13699999451637268 170 144 144
0.07280777394771576 0.006848995573818684 0.13699999451637268 166 140 140
0.07312991470098495 0.006848995573818684 0.13699999451637268 159 133 133
0.07345205545425415 0.006848995573818684 0.13699999451637268 158 130 127
0.07377419620752335 0.006848995573818684 0.13699999451637268 155 127 124
0.07409633696079254 0.006848995573818684 0.13699999451637268 153 126 118
0.07441847771406174 0.006848995573818684 0.13699999451637268 156 129 121
0.07474061846733093 0.006848995573818684 0.13699999451637268 155 129 118
0.07506275922060013 0.006848995573818684 0.13699999451637268 152 126 115
0.07538489997386932 0.006848995573818684 0.13699999451637268 153 122 113
0.07570704072713852 0.006848995573818684 0.13699999451637268 145 114 105
0.07602918893098831 0.006848995573818684 0.13699999451637268 144 108 100
0.07635132968425751 0.006848995573818684 0.13699999451637268 141 105 97
0.07611380517482758 0.006799003109335899 0.13600000739097595 137 99 88
0.07643359899520874 0.006799003109335899 0.13600000739097595 135 97 86
0.07675338536500931 0.006799003109335899 0.13600000739097595 153 115 108
0.07707317918539047 0.006799003109335899 0.13600000739097595 158 120 113
0.07739296555519104 0.006799003109335899 0.13600000739097595 162 124 124
0.07771275192499161 0.006799003109335899 0.13600000739097595 153 115 115
0.07745877653360367 0.006749010644853115 0.13500000536441803 152 114 116
0.0777762159705162 0.006749010644853115 0.13500000536441803 145 107 109
0.07809365540742874 0.006749010644853115 0.13500000536441803 142 106 106
0.07841108739376068 0.006749010644853115 0.13500000536441803 141 105 105
0.07872852683067322 0.006749010644853115 0.13500000536441803 136 101 98
0.07904596626758575 0.006749010644853115 0.13500000536441803 135 100 97
0.07995127886533737 0.006799003109335899 0.13600000739097595 133 98 93
0.08027107268571854 0.006799003109335899 0.13600000739097595 130 95 90
0.0805908590555191 0.006799003109335899 0.13600000739097595 130 96 88
0.08091065287590027 0.006799003109335899 0.13600000739097595 129 95 87
0.08123043924570084 0.006799003109335899 0.13600000739097595 130 94 84
0.081550233066082 0.006799003109335899 0.13600000739097595 128 92 82
0.08187001943588257 0.006799003109335899 0.13600000739097595 128 90 81
0.08218980580568314 0.006799003109335899 0.13600000739097595 131 93 84
0.0825095996260643 0.006799003109335899 0.13600000739097595 133 95 86
0.08282938599586487 0.006799003109335899 0.13600000739097595 138 100 91
0.08314917981624603 0.006799003109335899 0.13600000739097595 138 100 91
0.0834689661860466 0.006799003109335899 0.13600000739097595 135 97 88
0.08378876000642776 0.006799003109335899 0.13600000739097595 131 95 87
0.08410854637622833 0.006799003109335899 0.13600000739097595 132 96 88
0.0844283327460289 0.006799003109335899 0.13600000739097595 128 97 88
0.08474812656641006 0.006799003109335899 0.13600000739097595 127 96 87
0.08506791293621063 0.006799003109335899 0.13600000739097595 127 96 87
0.0853877067565918 0.006799003109335899 0.13600000739097595 118 87 78
0.08570749312639236 0.006799003109335899 0.13600000739097595 113 84 74
0.08602728694677353 0.006799003109335899 0.13600000739097595 117 88 78
0.08698198199272156 0.006848995573818684 0.13699999451637268 119 88 77
0.08730412274599075 0.006848995573818684 0.13699999451637268 113 82 71
0.08762626349925995 0.006848995573818684 0.13699999451637268 126 88 79
0.08794840425252914 0.006848995573818684 0.13699999451637268 143 105 96
0.08827054500579834 0.006848995573818684 0.13699999451637268 145 104 98
0.08859268575906754 0.006848995573818684 0.13699999451637268 145 104 98
0.08891482651233673 0.006848995573818684 0.13699999451637268 140 105 100
0.08923696726560593 0.006848995573818684 0.13699999451637268 140 105 100
0.08955910801887512 0.006848995573818684 0.13699999451637268 132 105 99
0.08988124877214432 0.006848995573818684 0.13699999451637268 132 105 99
0.09020338952541351 0.006848995573818684 0.13699999451637268 129 104 97
0.09052553027868271 0.006848995573818684 0.13699999451637268 121 96 89
0.0908476710319519 0.006848995573818684 0.13699999451637268 120 95 88
0.0911698117852211 0.006848995573818684 0.13699999451637268 121 96 89
0.0914919525384903 0.006848995573818684 0.13699999451637268 120 88 82
0.09181409329175949 0.006848995573818684 0.13699999451637268 114 82 76
0.09213623404502869 0.006848995573818684 0.13699999451637268 115 79 69
0.09245837479829788 0.006848995573818684 0.13699999451637268 114 78 68
0.09345774352550507 0.006898988503962755 0.1379999965429306 118 82 72
0.09378223866224289 0.006898988503962755 0.1379999965429306 118 82 72
0.09410673379898071 0.006898988503962755 0.1379999965429306 117 81 71
0.09443122148513794 0.006898988503962755 0.1379999965429306 118 82 72
0.09475571662187576 0.006898988503962755 0.1379999965429306 119 81 72
0.09508021175861359 0.006898988503962755 0.1379999965429306 115 77 68
0.09540469944477081 0.006898988503962755 0.1379999965429306 111 75 67
0.09572919458150864 0.006898988503962755 0.1379999965429306 103 67 59
0.09605368226766586 0.006898988503962755 0.1379999965429306 100 64 54
0.09637817740440369 0.006898988503962755 0.1379999965429306 101 65 55
0.06360470503568649 0.00769457733258605 0.1469999998807907 255 212 212
0.06395035982131958 0.00769457733258605 0.1469999998807907 255 234 234
0.06385862827301025 0.007642233278602362 0.1459999978542328 255 237 241
0.06420192867517471 0.007642233278602362 0.1459999978542328 255 237 241
0.06454523652791977 0.007642233278602362 0.1459999978542328 248 209 218
0.06444409489631653 0.007589889224618673 0.14499999582767487 238 199 208
0.06478504836559296 0.007589889224618673 0.14499999582767487 231 186 191
0.06512600183486938 0.007589889224618673 0.14499999582767487 234 189 194
0.06546695530414581 0.007589889224618673 0.14499999582767487 217 174 176
0.06535405665636063 0.007537545170634985 0.14399999380111694 208 165 167
0.06523645669221878 0.007485201116651297 0.14300000667572021 200 161 157
0.06557270884513855 0.007485201116651297 0.14300000667572021 206 167 163
0.06590895354747772 0.007485201116651297 0.14300000667572021 199 160 156
0.06624520570039749 0.007485201116651297 0.14300000667572021 173 134 130
0.0661158487200737 0.007432857062667608 0.1420000046491623 177 138 134
0.06644974648952484 0.007432857062667608 0.1420000046491623 171 132 128
0.06678364425897598 0.007432857062667608 0.1420000046491623 173 135 126
0.06711754202842712 0.007432857062667608 0.1420000046491623 156 118 109
0.06745143979787827 0.007432857062667608 0.1420000046491623 255 217 212
0.0677853375673294 0.007432857062667608 0.1420000046491623 255 217 212
0.06811923533678055 0.007432857062667608 0.1420000046491623 254 207 208
0.06845313310623169 0.007432857062667608 0.1420000046491623 249 202 203
0.06878703087568283 0.007432857062667608 0.1420000046491623 241 196 199
0.06912093609571457 0.007432857062667608 0.1420000046491623 237 192 195
0.06945483386516571 0.007432857062667608 0.1420000046491623 217 175 174
0.06929726153612137 0.00738051300868392 0.14100000262260437 217 175 174
0.06962880492210388 0.00738051300868392 0.14100000262260437 208 173 168
0.0699603483080864 0.00738051300868392 0.14100000262260437 203 168 163
0.06979337334632874 0.0073281689547002316 0.14000000059604645 200 165 162
0.07012256979942322 0.0073281689547002316 0.14000000059604645 200 165 162
0.06994853913784027 0.007275824900716543 0.13899999856948853 203 165 169
0.07027538120746613 0.007275824900716543 0.13899999856948853 201 163 167
0.07060222327709198 0.007275824900716543 0.13899999856948853 190 150 153
0.07041878998279572 0.007223480846732855 0.1379999965429306 160 120 123
0.07074327766895294 0.007223480846732855 0.1379999965429306 157 113 113
0.07106777280569077 0.007223480846732855 0.1379999965429306 150 106 106
0.07139226794242859 0.007223480846732855 0.1379999965429306 141 104 99
0.07171675562858582 0.007223480846732855 0.1379999965429306 180 143 138
0.07204125076532364 0.007223480846732855 0.1379999965429306 191 163 160
0.07236573845148087 0.007223480846732855 0.1379999965429306 187 159 156
0.07269023358821869 0.007223480846732855 0.1379999965429306 180 154 154
0.07248563319444656 0.0071711367927491665 0.13699999451637268 170 144 144
0.07280777394771576 0.0071711367927491665 0.13699999451637268 168 135 136
0.07312991470098495 0.0071711367927491665 0.13699999451637268 161 128 129
0.07345205545425415 0.0071711367927491665 0.13699999451637268 159 127 123
0.07377419620752335 0.0071711367927491665 0.13699999451637268 159 127 123
0.07409633696079254 0.0071711367927491665 0.13699999451637268 151 124 116
0.07441847771406174 0.0071711367927491665 0.13699999451637268 150 123 115
0.07474061846733093 0.0071711367927491665 0.13699999451637268 149 123 112
0.07506275922060013 0.0071711367927491665 0.13699999451637268 148 122 111
0.07538489997386932 0.0071711367927491665 0.13699999451637268 148 114 106
0.07570704072713852 0.0071711367927491665 0.13699999451637268 144 110 102
0.07602918893098831 0.0071711367927491665 0.13699999451637268 145 104 96
0.07635132968425751 0.0071711367927491665 0.13699999451637268 138 97 89
0.07739296555519104 0.007118792738765478 0.13600000739097595 160 121 117
0.07771275192499161 0.007118792738765478 0.13600000739097595 154 115 111
0.07745877653360367 0.00706644868478179 0.13500000536441803 146 109 106
0.0777762159705162 0.00706644868478179 0.13500000536441803 144 107 104
0.07809365540742874 0.00706644868478179 0.13500000536441803 142 105 102
0.07841108739376068 0.00706644868478179 0.13500000536441803 142 105 102
0.07872852683067322 0.00706644868478179 0.13500000536441803 134 99 94
0.07904596626758575 0.00706644868478179 0.13500000536441803 134 99 94
0.07936340570449829 0.00706644868478179 0.13500000536441803 135 101 93
0.08027107268571854 0.007118792738765478 0.13600000739097595 125 91 83
0.0805908590555191 0.007118792738765478 0.13600000739097595 129 93 83
0.08091065287590027 0.007118792738765478 0.13600000739097595 128 92 82
0.08123043924570084 0.007118792738765478 0.13600000739097595 125 87 76
0.081550233066082 0.007118792738765478 0.13600000739097595 123 85 74
0.08187001943588257 0.007118792738765478 0.13600000739097595 123 85 74
0.08218980580568314 0.007118792738765478 0.13600000739097595 125 87 76
0.0825095996260643 0.007118792738765478 0.13600000739097595 131 93 82
0.08282938599586487 0.007118792738765478 0.13600000739097595 136 98 87
0.08314917981624603 0.007118792738765478 0.13600000739097595 137 99 92
0.0834689661860466 0.007118792738765478 0.13600000739097595 136 98 91
0.08378876000642776 0.007118792738765478 0.13600000739097595 128 91 86
0.08410854637622833 0.007118792738765478 0.13600000739097595 127 90 85
0.0844283327460289 0.007118792738765478 0.13600000739097595 130 93 88
0.08474812656641006 0.007118792738765478 0.13600000739097595 129 92 87
0.08506791293621063 0.007118792738765478 0.13600000739097595 125 91 83
0.0853877067565918 0.007118792738765478 0.13600000739097595 127 93 85
0.08633770048618317 0.0071711367927491665 0.13699999451637268 129 95 87
0.08665984123945236 0.0071711367927491665 0.13699999451637268 119 85 77
0.08698198199272156 0.0071711367927491665 0.13699999451637268 116 80 70
0.08730412274599075 0.0071711367927491665 0.13699999451637268 115 79 69
0.08827054500579834 0.0071711367927491665 0.13699999451637268 140 99 91
0.08859268575906754 0.0071711367927491665 0.13699999451637268 138 97 89
0.08891482651233673 0.0071711367927491665 0.13699999451637268 141 105 97
0.08923696726560593 0.0071711367927491665 0.13699999451637268 137 101 93
0.08955910801887512 0.0071711367927491665 0.13699999451637268 131 101 96
0.08988124877214432 0.0071711367927491665 0.13699999451637268 129 99 94
0.09020338952541351 0.0071711367927491665 0.13699999451637268 127 100 94
0.09052553027868271 0.0071711367927491665 0.13699999451637268 124 97 91
0.0908476710319519 0.0071711367927491665 0.13699999451637268 123 96 90
0.0911698117852211 0.0071711367927491665 0.13699999451637268 122 95 89
0.0914919525384903 0.0071711367927491665 0.13699999451637268 123 88 83
0.09181409329175949 0.0071711367927491665 0.13699999451637268 118 83 78
0.09213623404502869 0.0071711367927491665 0.13699999451637268 114 73 65
0.09245837479829788 0.0071711367927491665 0.13699999451637268 116 75 67
0.09540469944477081 0.007223480846732855 0.1379999965429306 109 71 64
0.09572919458150864 0.007223480846732855 0.1379999965429306 102 64 57
0.09605368226766586 0.007223480846732855 0.1379999965429306 102 64 55
0.09637817740440369 0.007223480846732855 0.1379999965429306 100 62 53
0.06395035982131958 0.008040232583880424 0.1469999998807907 255 222 221
0.06385862827301025 0.007985536940395832 0.1459999978542328 255 241 243
0.06420192867517471 0.007985536940395832 0.1459999978542328 255 235 237
0.06454523652791977 0.007985536940395832 0.1459999978542328 241 204 213
0.06444409489631653 0.00793084129691124 0.14499999582767487 239 202 211
0.06478504836559296 0.00793084129691124 0.14499999582767487 219 174 181
0.06512600183486938 0.00793084129691124 0.14499999582767487 225 180 187
0.06546695530414581 0.00793084129691124 0.14499999582767487 217 172 175
0.06535405665636063 0.007876145653426647 0.14399999380111694 209 164 167
0.06569265574216843 0.007876145653426647 0.14399999380111694 195 151 149
0.06557270884513855 0.00782145094126463 0.14300000667572021 189 145 143
0.06590895354747772 0.00782145094126463 0.14300000667572021 199 152 151
0.06624520570039749 0.00782145094126463 0.14300000667572021 188 141 140
0.0661158487200737 0.00776675483211875 0.1420000046491623 175 132 127
0.06644974648952484 0.00776675483211875 0.1420000046491623 173 130 125
0.06878703087568283 0.00776675483211875 0.1420000046491623 240 193 194
0.06912093609571457 0.00776675483211875 0.1420000046491623 235 188 189
0.06945483386516571 0.00776675483211875 0.1420000046491623 227 183 181
0.06929726153612137 0.0077120596542954445 0.14100000262260437 218 174 172
0.06962880492210388 0.0077120596542954445 0.14100000262260437 212 175 170
0.0699603483080864 0.0077120596542954445 0.14100000262260437 208 171 166
0.06979337334632874 0.007657364010810852 0.14000000059604645 203 168 165
0.07012256979942322 0.007657364010810852 0.14000000059604645 198 163 160
0.06994853913784027 0.007602668832987547 0.13899999856948853 191 153 157
0.07027538120746613 0.007602668832987547 0.13899999856948853 184 146 150
0.07060222327709198 0.007602668832987547 0.13899999856948853 183 143 146
0.07041878998279572 0.0075479731895029545 0.1379999965429306 158 118 121
0.07074327766895294 0.0075479731895029545 0.1379999965429306 153 109 109
0.07106777280569077 0.0075479731895029545 0.1379999965429306 150 106 106
0.07139226794242859 0.0075479731895029545 0.1379999965429306 141 99 96
0.07171675562858582 0.0075479731895029545 0.1379999965429306 180 138 135
0.07204125076532364 0.0075479731895029545 0.1379999965429306 195 165 160
0.07236573845148087 0.0075479731895029545 0.1379999965429306 190 160 155
0.07269023358821869 0.0075479731895029545 0.1379999965429306 180 149 151
0.07301472872495651 0.0075479731895029545 0.1379999965429306 171 140 142
0.07280777394771576 0.007493277546018362 0.13699999451637268 171 133 135
0.07312991470098495 0.007493277546018362 0.13699999451637268 166 128 130
0.07345205545425415 0.007493277546018362 0.13699999451637268 158 123 120
0.07377419620752335 0.007493277546018362 0.13699999451637268 157 122 119
0.07409633696079254 0.007493277546018362 0.13699999451637268 153 123 116
0.07441847771406174 0.007493277546018362 0.13699999451637268 151 121 114
0.07474061846733093 0.007493277546018362 0.13699999451637268 152 122 115
0.07506275922060013 0.007493277546018362 0.13699999451637268 148 118 111
0.07538489997386932 0.007493277546018362 0.13699999451637268 150 114 106
0.07570704072713852 0.007493277546018362 0.13699999451637268 145 109 101
0.07739296555519104 0.007438582368195057 0.13600000739097595 158 117 111
0.07771275192499161 0.007438582368195057 0.13600000739097595 152 111 105
0.07745877653360367 0.0073838867247104645 0.13500000536441803 146 107 103
0.0777762159705162 0.0073838867247104645 0.13500000536441803 145 106 102
0.07809365540742874 0.0073838867247104645 0.13500000536441803 145 106 102
0.07841108739376068 0.0073838867247104645 0.13500000536441803 143 104 100
0.07872852683067322 0.0073838867247104645 0.13500000536441803 138 99 95
0.07904596626758575 0.0073838867247104645 0.13500000536441803 136 97 93
0.07936340570449829 0.0073838867247104645 0.13500000536441803 133 95 88
0.08027107268571854 0.007438582368195057 0.13600000739097595 130 92 85
0.0805908590555191 0.007438582368195057 0.13600000739097595 131 93 84
0.08091065287590027 0.007438582368195057 0.13600000739097595 130 92 83
0.08123043924570084 0.007438582368195057 0.13600000739097595 124 86 75
0.081550233066082 0.007438582368195057 0.13600000739097595 122 84 73
0.0825095996260643 0.007438582368195057 0.13600000739097595 134 93 85
0.08282938599586487 0.007438582368195057 0.13600000739097595 137 96 88
0.08314917981624603 0.007438582368195057 0.13600000739097595 137 96 90
0.0834689661860466 0.007438582368195057 0.13600000739097595 138 97 91
0.08378876000642776 0.007438582368195057 0.13600000739097595 134 98 90
0.08410854637622833 0.007438582368195057 0.13600000739097595 130 94 86
0.0844283327460289 0.007438582368195057 0.13600000739097595 131 94 89
0.08474812656641006 0.007438582368195057 0.13600000739097595 127 90 85
0.08506791293621063 0.007438582368195057 0.13600000739097595 118 83 78
0.0853877067565918 0.007438582368195057 0.13600000739097595 121 86 81
0.08633770048618317 0.007493277546018362 0.13699999451637268 122 86 78
0.08665984123945236 0.007493277546018362 0.13699999451637268 117 81 73
0.08698198199272156 0.007493277546018362 0.13699999451637268 119 78 70
0.08730412274599075 0.007493277546018362 0.13699999451637268 118 77 69
0.08891482651233673 0.007493277546018362 0.13699999451637268 138 102 94
0.08923696726560593 0.007493277546018362 0.13699999451637268 138 102 94
0.08955910801887512 0.007493277546018362 0.13699999451637268 137 105 99
0.08988124877214432 0.007493277546018362 0.13699999451637268 131 99 93
0.09020338952541351 0.007493277546018362 0.13699999451637268 129 99 94
0.09052553027868271 0.007493277546018362 0.13699999451637268 127 97 92
0.0908476710319519 0.007493277546018362 0.13699999451637268 123 96 90
0.0911698117852211 0.007493277546018362 0.13699999451637268 120 93 87
0.0914919525384903 0.007493277546018362 0.13699999451637268 121 86 81
0.09181409329175949 0.007493277546018362 0.13699999451637268 113 78 73
0.09540469944477081 0.0075479731895029545 0.1379999965429306 107 68 64
0.09572919458150864 0.0075479731895029545 0.1379999965429306 102 63 59
0.09605368226766586 0.0075479731895029545 0.1379999965429306 100 62 55
0.09637817740440369 0.0075479731895029545 0.1379999965429306 95 57 50
0.06395035982131958 0.008385887369513512 0.1469999998807907 255 222 220
0.06429601460695267 0.008385887369513512 0.1469999998807907 255 242 246
0.06420192867517471 0.008328840136528015 0.1459999978542328 255 228 232
0.06454523652791977 0.008328840136528015 0.1459999978542328 255 216 229
0.06488853693008423 0.008328840136528015 0.1459999978542328 229 189 202
0.06478504836559296 0.008271793834865093 0.14499999582767487 226 182 193
0.06512600183486938 0.008271793834865093 0.14499999582767487 219 175 186
0.06811923533678055 0.008100653067231178 0.1420000046491623 247 204 199
0.06845313310623169 0.008100653067231178 0.1420000046491623 245 202 197
0.06945483386516571 0.008100653067231178 0.1420000046491623 228 181 180
0.06929726153612137 0.008043605834245682 0.14100000262260437 222 175 174
0.06962880492210388 0.008043605834245682 0.14100000262260437 212 175 170
0.0699603483080864 0.008043605834245682 0.14100000262260437 210 173 168
0.06979337334632874 0.00798655953258276 0.14000000059604645 206 173 174
0.07012256979942322 0.00798655953258276 0.14000000059604645 195 162 163
0.06994853913784027 0.007929512299597263 0.13899999856948853 196 157 164
0.07027538120746613 0.007929512299597263 0.13899999856948853 195 156 163
0.07060222327709198 0.007929512299597263 0.13899999856948853 182 142 145
0.07041878998279572 0.007872465997934341 0.1379999965429306 166 126 129
0.07074327766895294 0.007872465997934341 0.1379999965429306 150 111 107
0.07106777280569077 0.007872465997934341 0.1379999965429306 144 105 101
0.07139226794242859 0.007872465997934341 0.1379999965429306 139 98 92
0.07171675562858582 0.007872465997934341 0.1379999965429306 180 139 133
0.07204125076532364 0.007872465997934341 0.1379999965429306 199 167 163
0.07236573845148087 0.007872465997934341 0.1379999965429306 196 164 160
0.07269023358821869 0.007872465997934341 0.1379999965429306 180 149 149
0.07301472872495651 0.007872465997934341 0.1379999965429306 168 137 137
0.07280777394771576 0.007815418764948845 0.13699999451637268 172 134 134
0.07312991470098495 0.007815418764948845 0.13699999451637268 166 128 128
0.07345205545425415 0.007815418764948845 0.13699999451637268 163 126 123
0.07377419620752335 0.007815418764948845 0.13699999451637268 159 122 119
0.07409633696079254 0.007815418764948845 0.13699999451637268 156 121 116
0.07441847771406174 0.007815418764948845 0.13699999451637268 154 119 114
0.07474061846733093 0.007815418764948845 0.13699999451637268 153 118 113
0.07506275922060013 0.007815418764948845 0.13699999451637268 149 114 109
0.07538489997386932 0.007815418764948845 0.13699999451637268 150 114 106
0.07570704072713852 0.007815418764948845 0.13699999451637268 144 108 100
0.07739296555519104 0.007758371997624636 0.13600000739097595 152 114 105
0.07771275192499161 0.007758371997624636 0.13600000739097595 151 113 104
0.07803254574537277 0.007758371997624636 0.13600000739097595 145 106 102
0.0777762159705162 0.0077013252303004265 0.13500000536441803 144 105 101
0.07809365540742874 0.0077013252303004265 0.13500000536441803 142 103 99
0.07841108739376068 0.0077013252303004265 0.13500000536441803 140 101 97
0.07872852683067322 0.0077013252303004265 0.13500000536441803 138 99 95
0.07904596626758575 0.0077013252303004265 0.13500000536441803 137 98 94
0.07936340570449829 0.0077013252303004265 0.13500000536441803 133 95 88
0.08027107268571854 0.007758371997624636 0.13600000739097595 132 94 87
0.0805908590555191 0.007758371997624636 0.13600000739097595 131 93 86
0.08091065287590027 0.007758371997624636 0.13600000739097595 128 90 83
0.08123043924570084 0.007758371997624636 0.13600000739097595 125 84 76
0.081550233066082 0.007758371997624636 0.13600000739097595 121 80 72
0.08187001943588257 0.007758371997624636 0.13600000739097595 118 77 69
0.08218980580568314 0.007758371997624636 0.13600000739097595 119 78 70
0.08314917981624603 0.007758371997624636 0.13600000739097595 134 93 87
0.0834689661860466 0.007758371997624636 0.13600000739097595 137 96 90
0.08378876000642776 0.007758371997624636 0.13600000739097595 136 100 92
0.08410854637622833 0.007758371997624636 0.13600000739097595 132 96 88
0.0844283327460289 0.007758371997624636 0.13600000739097595 130 94 86
0.08474812656641006 0.007758371997624636 0.13600000739097595 124 88 80
0.08506791293621063 0.007758371997624636 0.13600000739097595 123 86 81
0.0853877067565918 0.007758371997624636 0.13600000739097595 123 86 81
0.08633770048618317 0.007815418764948845 0.13699999451637268 117 78 74
0.08665984123945236 0.007815418764948845 0.13699999451637268 117 78 74
0.08698198199272156 0.007815418764948845 0.13699999451637268 117 76 68
0.08730412274599075 0.007815418764948845 0.13699999451637268 118 77 69
0.08891482651233673 0.007815418764948845 0.13699999451637268 138 102 90
0.08923696726560593 0.007815418764948845 0.13699999451637268 141 105 93
0.08955910801887512 0.007815418764948845 0.13699999451637268 135 104 95
0.08988124877214432 0.007815418764948845 0.13699999451637268 132 101 92
0.09020338952541351 0.007815418764948845 0.13699999451637268 130 100 93
0.09052553027868271 0.007815418764948845 0.13699999451637268 129 99 92
0.0908476710319519 0.007815418764948845 0.13699999451637268 127 97 90
0.0911698117852211 0.007815418764948845 0.13699999451637268 120 90 83
0.0914919525384903 0.007815418764948845 0.13699999451637268 119 85 77
0.09181409329175949 0.007815418764948845 0.13699999451637268 107 73 65
0.09475571662187576 0.007872465997934341 0.1379999965429306 117 79 68
0.09508021175861359 0.007872465997934341 0.1379999965429306 114 76 65
0.09540469944477081 0.007872465997934341 0.1379999965429306 107 68 66
0.09572919458150864 0.007872465997934341 0.1379999965429306 101 62 60
0.09605368226766586 0.007872465997934341 0.1379999965429306 101 60 54
0.09637817740440369 0.007872465997934341 0.1379999965429306 97 56 50
0.06429601460695267 0.008731542155146599 0.1469999998807907 255 221 225
0.06420192867517471 0.008672144263982773 0.1459999978542328 255 217 221
0.06454523652791977 0.008672144263982773 0.1459999978542328 255 211 223
0.06488853693008423 0.008672144263982773 0.1459999978542328 244 198 210
0.06811923533678055 0.00843455083668232 0.1420000046491623 239 195 193
0.06845313310623169 0.00843455083668232 0.1420000046491623 242 198 196
0.06945483386516571 0.00843455083668232 0.1420000046491623 233 186 185
0.06978873163461685 0.00843455083668232 0.1420000046491623 221 174 173
0.06962880492210388 0.008375152945518494 0.14100000262260437 211 169 166
0.0699603483080864 0.008375152945518494 0.14100000262260437 211 169 166
0.0702918991446495 0.008375152945518494 0.14100000262260437 206 168 172
0.07012256979942322 0.008315754123032093 0.14000000059604645 196 158 162
0.0704517662525177 0.008315754123032093 0.14000000059604645 185 144 152
0.07027538120746613 0.008256356231868267 0.13899999856948853 177 136 144
0.07060222327709198 0.008256356231868267 0.13899999856948853 171 131 132
0.07092906534671783 0.008256356231868267 0.13899999856948853 147 107 108
0.07074327766895294 0.008196958340704441 0.1379999965429306 140 102 93
0.07106777280569077 0.008196958340704441 0.1379999965429306 140 102 93
0.07139226794242859 0.008196958340704441 0.1379999965429306 131 90 82
0.07171675562858582 0.008196958340704441 0.1379999965429306 162 121 113
0.07204125076532364 0.008196958340704441 0.1379999965429306 201 169 163
0.07236573845148087 0.008196958340704441 0.1379999965429306 198 166 160
0.07269023358821869 0.008196958340704441 0.1379999965429306 199 166 165
0.07301472872495651 0.008196958340704441 0.1379999965429306 172 139 138
0.07333921641111374 0.008196958340704441 0.1379999965429306 167 131 131
0.07312991470098495 0.00813755951821804 0.13699999451637268 158 122 122
0.07345205545425415 0.00813755951821804 0.13699999451637268 164 129 126
0.07377419620752335 0.00813755951821804 0.13699999451637268 161 126 123
0.07409633696079254 0.00813755951821804 0.13699999451637268 159 122 117
0.07441847771406174 0.00813755951821804 0.13699999451637268 155 118 113
0.07474061846733093 0.00813755951821804 0.13699999451637268 152 115 110
0.07506275922060013 0.00813755951821804 0.13699999451637268 148 111 106
0.07538489997386932 0.00813755951821804 0.13699999451637268 146 104 101
0.07570704072713852 0.00813755951821804 0.13699999451637268 146 104 101
0.07739296555519104 0.008078161627054214 0.13600000739097595 152 114 105
0.07771275192499161 0.008078161627054214 0.13600000739097595 153 115 106
0.07803254574537277 0.008078161627054214 0.13600000739097595 152 113 109
0.07835233211517334 0.008078161627054214 0.13600000739097595 143 104 100
0.07809365540742874 0.008018762804567814 0.13500000536441803 138 98 99
0.07841108739376068 0.008018762804567814 0.13500000536441803 137 97 98
0.07872852683067322 0.008018762804567814 0.13500000536441803 134 92 91
0.07904596626758575 0.008018762804567814 0.13500000536441803 133 91 90
0.07995127886533737 0.008078161627054214 0.13600000739097595 134 92 91
0.08027107268571854 0.008078161627054214 0.13600000739097595 130 88 87
0.0805908590555191 0.008078161627054214 0.13600000739097595 131 89 86
0.08091065287590027 0.008078161627054214 0.13600000739097595 126 84 81
0.08123043924570084 0.008078161627054214 0.13600000739097595 121 78 73
0.081550233066082 0.008078161627054214 0.13600000739097595 117 74 69
0.08314917981624603 0.008078161627054214 0.13600000739097595 132 94 85
0.0834689661860466 0.008078161627054214 0.13600000739097595 137 99 90
0.08378876000642776 0.008078161627054214 0.13600000739097595 137 101 91
0.08410854637622833 0.008078161627054214 0.13600000739097595 134 98 88
0.0844283327460289 0.008078161627054214 0.13600000739097595 131 95 87
0.08474812656641006 0.008078161627054214 0.13600000739097595 124 88 80
0.08506791293621063 0.008078161627054214 0.13600000739097595 125 89 81
0.0853877067565918 0.008078161627054214 0.13600000739097595 123 87 79
0.08633770048618317 0.00813755951821804 0.13699999451637268 119 81 74
0.08665984123945236 0.00813755951821804 0.13699999451637268 116 78 71
0.08955910801887512 0.00813755951821804 0.13699999451637268 136 102 90
0.08988124877214432 0.00813755951821804 0.13699999451637268 134 100 88
0.09020338952541351 0.00813755951821804 0.13699999451637268 131 100 91
0.09052553027868271 0.00813755951821804 0.13699999451637268 128 97 88
0.0908476710319519 0.00813755951821804 0.13699999451637268 123 94 84
0.0911698117852211 0.00813755951821804 0.13699999451637268 120 91 81
0.0914919525384903 0.00813755951821804 0.13699999451637268 115 81 69
0.09181409329175949 0.00813755951821804 0.13699999451637268 114 80 68
0.09475571662187576 0.008196958340704441 0.1379999965429306 118 80 69
0.09508021175861359 0.008196958340704441 0.1379999965429306 115 77 66
0.09540469944477081 0.008196958340704441 0.1379999965429306 110 72 65
0.09572919458150864 0.008196958340704441 0.1379999965429306 100 62 55
0.09605368226766586 0.008196958340704441 0.1379999965429306 97 56 50
0.09637817740440369 0.008196958340704441 0.1379999965429306 96 55 49
0.06811923533678055 0.008768448606133461 0.1420000046491623 239 195 193
0.06845313310623169 0.008768448606133461 0.1420000046491623 245 201 199
0.06878703087568283 0.008768448606133461 0.1420000046491623 236 187 188
0.06912093609571457 0.008768448606133461 0.1420000046491623 230 181 182
0.06962880492210388 0.008706699125468731 0.14100000262260437 206 161 164
0.0699603483080864 0.008706699125468731 0.14100000262260437 209 164 167
0.0702918991446495 0.008706699125468731 0.14100000262260437 205 159 169
0.07012256979942322 0.008644949644804 0.14000000059604645 200 154 164
0.0704517662525177 0.008644949644804 0.14000000059604645 196 150 160
0.07027538120746613 0.00858320016413927 0.13899999856948853 164 118 128
0.07060222327709198 0.00858320016413927 0.13899999856948853 156 117 115
0.07092906534671783 0.00858320016413927 0.13899999856948853 146 107 105
0.07074327766895294 0.00852145068347454 0.1379999965429306 143 105 94
0.07106777280569077 0.00852145068347454 0.1379999965429306 136 98 87
0.07204125076532364 0.00852145068347454 0.1379999965429306 200 166 158
0.07236573845148087 0.00852145068347454 0.1379999965429306 197 163 155
0.07269023358821869 0.00852145068347454 0.1379999965429306 196 166 161
0.07301472872495651 0.00852145068347454 0.1379999965429306 172 142 137
0.07333921641111374 0.00852145068347454 0.1379999965429306 165 132 131
0.07312991470098495 0.008459700271487236 0.13699999451637268 163 130 129
0.07345205545425415 0.008459700271487236 0.13699999451637268 162 126 126
0.07377419620752335 0.008459700271487236 0.13699999451637268 156 120 120
0.07409633696079254 0.008459700271487236 0.13699999451637268 156 119 114
0.07441847771406174 0.008459700271487236 0.13699999451637268 156 119 114
0.07474061846733093 0.008459700271487236 0.13699999451637268 153 114 110
0.07506275922060013 0.008459700271487236 0.13699999451637268 146 107 103
0.07538489997386932 0.008459700271487236 0.13699999451637268 147 103 103
0.07570704072713852 0.008459700271487236 0.13699999451637268 143 99 99
0.07739296555519104 0.008397950790822506 0.13600000739097595 151 113 106
0.07771275192499161 0.008397950790822506 0.13600000739097595 151 113 106
0.07803254574537277 0.008397950790822506 0.13600000739097595 150 110 111
0.07835233211517334 0.008397950790822506 0.13600000739097595 144 104 105
0.0786721259355545 0.008397950790822506 0.13600000739097595 138 100 100
0.07841108739376068 0.008336201310157776 0.13500000536441803 136 98 98
0.07872852683067322 0.008336201310157776 0.13500000536441803 132 94 94
0.07904596626758575 0.008336201310157776 0.13500000536441803 131 93 93
0.07995127886533737 0.008397950790822506 0.13600000739097595 134 92 91
0.08027107268571854 0.008397950790822506 0.13600000739097595 130 88 87
0.0805908590555191 0.008397950790822506 0.13600000739097595 128 86 85
0.08091065287590027 0.008397950790822506 0.13600000739097595 126 84 83
0.08378876000642776 0.008397950790822506 0.13600000739097595 132 96 84
0.08410854637622833 0.008397950790822506 0.13600000739097595 131 95 83
0.0844283327460289 0.008397950790822506 0.13600000739097595 131 95 83
0.08474812656641006 0.008397950790822506 0.13600000739097595 124 88 76
0.08506791293621063 0.008397950790822506 0.13600000739097595 128 92 82
0.0853877067565918 0.008397950790822506 0.13600000739097595 118 82 72
0.08633770048618317 0.008459700271487236 0.13699999451637268 115 79 69
0.08665984123945236 0.008459700271487236 0.13699999451637268 114 78 68
0.09020338952541351 0.008459700271487236 0.13699999451637268 126 92 82
0.09052553027868271 0.008459700271487236 0.13699999451637268 123 89 79
0.0908476710319519 0.008459700271487236 0.13699999451637268 118 89 77
0.0911698117852211 0.008459700271487236 0.13699999451637268 118 89 77
0.0914919525384903 0.008459700271487236 0.13699999451637268 113 80 65
0.09181409329175949 0.008459700271487236 0.13699999451637268 111 78 63
0.09540469944477081 0.00852145068347454 0.1379999965429306 114 73 65
0.09572919458150864 0.00852145068347454 0.1379999965429306 107 66 58
0.09605368226766586 0.00852145068347454 0.1379999965429306 98 55 50
0.09637817740440369 0.00852145068347454 0.1379999965429306 97 54 49
0.06945483386516571 0.009102347306907177 0.1420000046491623 231 182 183
0.06978873163461685 0.009102347306907177 0.1420000046491623 221 172 173
0.070122629404068 0.009102347306907177 0.1420000046491623 211 163 169
0.0699603483080864 0.009038246236741543 0.14100000262260437 206 158 164
0.07060222327709198 0.008910044096410275 0.13899999856948853 163 116 115
0.07092906534671783 0.008910044096410275 0.13899999856948853 155 108 107
0.07269023358821869 0.00884594302624464 0.1379999965429306 188 156 152
0.07301472872495651 0.00884594302624464 0.1379999965429306 177 145 141
0.07333921641111374 0.00884594302624464 0.1379999965429306 163 130 129
0.07366371154785156 0.00884594302624464 0.1379999965429306 162 129 128
0.07398820668458939 0.00884594302624464 0.1379999965429306 160 122 122
0.07377419620752335 0.008781841956079006 0.13699999451637268 156 118 118
0.07409633696079254 0.008781841956079006 0.13699999451637268 153 114 112
0.07441847771406174 0.008781841956079006 0.13699999451637268 150 111 109
0.07474061846733093 0.008781841956079006 0.13699999451637268 152 113 111
0.07506275922060013 0.008781841956079006 0.13699999451637268 149 110 108
0.07538489997386932 0.008781841956079006 0.13699999451637268 146 102 102
0.07570704072713852 0.008781841956079006 0.13699999451637268 139 95 95
0.07739296555519104 0.008717740885913372 0.13600000739097595 151 110 104
0.07771275192499161 0.008717740885913372 0.13600000739097595 149 108 102
0.07803254574537277 0.008717740885913372 0.13600000739097595 147 107 110
0.07835233211517334 0.008717740885913372 0.13600000739097595 143 103 106
0.0786721259355545 0.008717740885913372 0.13600000739097595 139 99 102
0.07899191230535507 0.008717740885913372 0.13600000739097595 133 93 96
0.07931170612573624 0.008717740885913372 0.13600000739097595 132 92 93
0.0796314924955368 0.008717740885913372 0.13600000739097595 132 92 93
0.07995127886533737 0.008717740885913372 0.13600000739097595 133 91 90
0.08027107268571854 0.008717740885913372 0.13600000739097595 130 88 87
0.0805908590555191 0.008717740885913372 0.13600000739097595 128 86 85
0.08091065287590027 0.008717740885913372 0.13600000739097595 125 83 82
0.08506791293621063 0.008717740885913372 0.13600000739097595 125 84 76
0.0853877067565918 0.008717740885913372 0.13600000739097595 119 78 70
0.08633770048618317 0.008781841956079006 0.13699999451637268 117 76 68
0.08665984123945236 0.008781841956079006 0.13699999451637268 119 78 70
0.09020338952541351 0.008781841956079006 0.13699999451637268 132 96 84
0.09052553027868271 0.008781841956079006 0.13699999451637268 127 91 79
0.0908476710319519 0.008781841956079006 0.13699999451637268 122 88 78
0.0911698117852211 0.008781841956079006 0.13699999451637268 120 86 76
0.06945483386516571 0.009436245076358318 0.1420000046491623 217 168 169
0.06978873163461685 0.009436245076358318 0.1420000046491623 211 162 163
0.070122629404068 0.009436245076358318 0.1420000046491623 207 159 163
0.0699603483080864 0.00936979241669178 0.14100000262260437 202 154 158
0.07269023358821869 0.00917043536901474 0.1379999965429306 194 159 154
0.07301472872495651 0.00917043536901474 0.1379999965429306 179 144 139
0.07333921641111374 0.00917043536901474 0.1379999965429306 172 132 133
0.07366371154785156 0.00917043536901474 0.1379999965429306 166 126 127
0.07398820668458939 0.00917043536901474 0.1379999965429306 160 117 119
0.07377419620752335 0.009103982709348202 0.13699999451637268 158 115 117
0.07409633696079254 0.009103982709348202 0.13699999451637268 158 116 115
0.07441847771406174 0.009103982709348202 0.13699999451637268 152 110 109
0.07474061846733093 0.009103982709348202 0.13699999451637268 152 110 109
0.07506275922060013 0.009103982709348202 0.13699999451637268 151 109 108
0.07538489997386932 0.009103982709348202 0.13699999451637268 143 99 97
0.07570704072713852 0.009103982709348202 0.13699999451637268 136 92 90
0.07803254574537277 0.009037530049681664 0.13600000739097595 145 102 104
0.07835233211517334 0.009037530049681664 0.13600000739097595 142 99 101
0.0786721259355545 0.009037530049681664 0.13600000739097595 137 97 98
0.07899191230535507 0.009037530049681664 0.13600000739097595 131 91 92
0.07931170612573624 0.009037530049681664 0.13600000739097595 130 90 91
0.0796314924955368 0.009037530049681664 0.13600000739097595 130 90 91
0.07995127886533737 0.009037530049681664 0.13600000739097595 127 85 84
0.08027107268571854 0.009037530049681664 0.13600000739097595 126 84 83
0.0805908590555191 0.009037530049681664 0.13600000739097595 127 83 83
0.08091065287590027 0.009037530049681664 0.13600000739097595 122 78 78
0.0908476710319519 0.009103982709348202 0.13699999451637268 127 86 78
0.0911698117852211 0.009103982709348202 0.13699999451637268 126 85 77
0.06878703087568283 0.00977014284580946 0.1420000046491623 225 176 177
0.06912093609571457 0.00977014284580946 0.1420000046491623 214 165 166
0.06945483386516571 0.00977014284580946 0.1420000046491623 200 153 154
0.06978873163461685 0.00977014284580946 0.1420000046491623 201 154 155
0.06962880492210388 0.009701338596642017 0.14100000262260437 204 156 160
0.0699603483080864 0.009701338596642017 0.14100000262260437 195 147 151
0.07269023358821869 0.00949492771178484 0.1379999965429306 195 154 146
0.07301472872495651 0.00949492771178484 0.1379999965429306 179 138 130
0.07333921641111374 0.00949492771178484 0.1379999965429306 171 126 129
0.07366371154785156 0.00949492771178484 0.1379999965429306 162 117 120
0.07398820668458939 0.00949492771178484 0.1379999965429306 161 114 115
0.07377419620752335 0.009426123462617397 0.13699999451637268 152 105 106
0.07409633696079254 0.009426123462617397 0.13699999451637268 157 108 109
0.07441847771406174 0.009426123462617397 0.13699999451637268 147 98 99
0.0786721259355545 0.00935732014477253 0.13600000739097595 137 90 89
0.07899191230535507 0.00935732014477253 0.13600000739097595 134 87 86
0.07931170612573624 0.00935732014477253 0.13600000739097595 129 85 83
0.0796314924955368 0.00935732014477253 0.13600000739097595 131 87 85
0.07995127886533737 0.00935732014477253 0.13600000739097595 130 83 82
0.08027107268571854 0.00935732014477253 0.13600000739097595 126 79 78
0.06878703087568283 0.010104040615260601 0.1420000046491623 222 175 174
0.06912093609571457 0.010104040615260601 0.1420000046491623 204 157 156
0.06945483386516571 0.010104040615260601 0.1420000046491623 199 155 153
0.06978873163461685 0.010104040615260601 0.1420000046491623 198 154 152
0.06962880492210388 0.01003288570791483 0.14100000262260437 201 154 155
0.0699603483080864 0.01003288570791483 0.14100000262260437 190 143 144
0.07333921641111374 0.00981942005455494 0.1379999965429306 173 124 125
0.07366371154785156 0.00981942005455494 0.1379999965429306 166 117 118
