0.0072836000472307205 0.0037190858274698257 0.1289999932050705 206 211 183
0.006980270612984896 0.0037190858274698257 0.1289999932050705 231 226 206
0.006625181529670954 0.003991234116256237 0.12800000607967377 246 244 223
0.006324202753603458 0.004292212892323732 0.12800000607967377 210 210 186
0.00602322444319725 0.004292212892323732 0.12800000607967377 168 168 144
0.005722246132791042 0.004292212892323732 0.12800000607967377 177 177 157
0.005421267356723547 0.00459319120272994 0.12800000607967377 245 248 225
0.005080286879092455 0.004557306878268719 0.12700000405311584 245 247 234
0.004781659692525864 0.004557306878268719 0.12700000405311584 243 245 232
0.00448303297162056 0.004557306878268719 0.12700000405311584 243 247 242
0.004184405785053968 0.004557306878268719 0.12700000405311584 244 248 243
0.003885778598487377 0.004557306878268719 0.12700000405311584 242 245 244
0.0035871516447514296 0.004557306878268719 0.12700000405311584 235 238 237
0.0032626306638121605 0.004521422553807497 0.12600000202655792 234 233 235
0.0029663550667464733 0.004521422553807497 0.12600000202655792 227 226 228
0.002670079469680786 0.004817698150873184 0.12600000202655792 251 254 253
0.002373803872615099 0.004817698150873184 0.12600000202655792 250 253 252
0.0020610399078577757 0.004779462236911058 0.125 242 255 255
0.0017671155510470271 0.004779462236911058 0.125 235 249 255
-0.009552438743412495 0.0057518151588737965 0.12700000405311584 203 203 197
-0.009928632527589798 0.00579710491001606 0.12800000607967377 225 221 212
-0.010229610837996006 0.00579710491001606 0.12800000607967377 249 245 236
-0.010530590079724789 0.00579710491001606 0.12800000607967377 254 255 244
-0.010831568390130997 0.005496126599609852 0.12800000607967377 239 232 222
-0.011132546700537205 0.005496126599609852 0.12800000607967377 248 248 242
-0.011433525010943413 0.0051951478235423565 0.12800000607967377 220 215 211
-0.01182617899030447 0.005235734861344099 0.1289999932050705 232 229 226
-0.012129508890211582 0.005235734861344099 0.1289999932050705 253 250 247
-0.01334282848984003 0.005235734861344099 0.1289999932050705 254 254 250
-0.013540374115109444 0.0051951478235423565 0.12800000607967377 248 247 249
-0.013841352425515652 0.0051951478235423565 0.12800000607967377 215 214 216
-0.01414233073592186 0.005496126599609852 0.12800000607967377 230 230 230
-0.01455614808946848 0.005842394661158323 0.1289999932050705 238 238 238
-0.014859477989375591 0.006145724561065435 0.1289999932050705 251 249 255
-0.015162806957960129 0.0064490544609725475 0.1289999932050705 246 245 245
-0.01558602973818779 0.006804728414863348 0.12999999523162842 233 208 199
-0.01589171029627323 0.006804728414863348 0.12999999523162842 186 161 152
-0.01589171029627323 0.006804728414863348 0.12999999523162842 186 161 152
-0.01558602973818779 0.007110409438610077 0.12999999523162842 243 228 216
-0.01558602973818779 0.007110409438610077 0.12999999523162842 243 228 216
-0.015162806957960129 0.00675238436087966 0.1289999932050705 254 254 250
-0.014859477989375591 0.0064490544609725475 0.1289999932050705 255 254 254
-0.01455614808946848 0.006145724561065435 0.1289999932050705 254 255 251
-0.014252818189561367 0.005842394661158323 0.1289999932050705 252 252 252
-0.013841352425515652 0.005496126599609852 0.12800000607967377 251 252 246
-0.013540374115109444 0.0051951478235423565 0.12800000607967377 248 247 249
-0.01334282848984003 0.005235734861344099 0.1289999932050705 254 254 250
-0.012129508890211582 0.005235734861344099 0.1289999932050705 253 250 247
-0.01182617899030447 0.005235734861344099 0.1289999932050705 232 229 226
-0.011433525010943413 0.005496126599609852 0.12800000607967377 254 254 248
-0.011132546700537205 0.005496126599609852 0.12800000607967377 248 248 242
-0.010831568390130997 0.005496126599609852 0.12800000607967377 239 232 222
-0.010530590079724789 0.00579710491001606 0.12800000607967377 254 255 244
-0.010229610837996006 0.00579710491001606 0.12800000607967377 249 245 236
-0.009928632527589798 0.00579710491001606 0.12800000607967377 225 221 212
-0.009552438743412495 0.0057518151588737965 0.12700000405311584 203 203 197
-0.009253811091184616 0.0057518151588737965 0.12700000405311584 254 254 248
0.0017671155510470271 0.004779462236911058 0.125 235 249 255
0.0020610399078577757 0.004779462236911058 0.125 242 255 255
0.002373803872615099 0.004817698150873184 0.12600000202655792 250 253 252
0.002670079469680786 0.004817698150873184 0.12600000202655792 251 254 253
0.0029663550667464733 0.004521422553807497 0.12600000202655792 227 226 228
0.0032626306638121605 0.004521422553807497 0.12600000202655792 234 233 235
0.0035871516447514296 0.004557306878268719 0.12700000405311584 235 238 237
0.003885778598487377 0.004557306878268719 0.12700000405311584 242 245 244
0.004184405785053968 0.004557306878268719 0.12700000405311584 244 248 243
0.00448303297162056 0.004557306878268719 0.12700000405311584 243 247 242
0.004781659692525864 0.004557306878268719 0.12700000405311584 243 245 232
0.005080286879092455 0.004557306878268719 0.12700000405311584 245 247 234
0.005421267356723547 0.00459319120272994 0.12800000607967377 245 248 225
0.005722246132791042 0.004292212892323732 0.12800000607967377 177 177 157
0.00602322444319725 0.004292212892323732 0.12800000607967377 168 168 144
0.006324202753603458 0.004292212892323732 0.12800000607967377 210 210 186
0.006625181529670954 0.004292212892323732 0.12800000607967377 255 255 233
0.006980270612984896 0.004022415727376938 0.1289999932050705 255 254 233
0.0072836000472307205 0.0037190858274698257 0.1289999932050705 206 211 183
