0.056834544986486435 0.023060834035277367 0.21199999749660492 255 190 189
0.05733304098248482 0.023060834035277367 0.21199999749660492 255 191 190
0.010399473831057549 0.024559490382671356 0.22100000083446503 255 216 189
0.055804576724767685 0.023337071761488914 0.20999999344348907 255 203 199
0.05656645819544792 0.023448200896382332 0.210999995470047 255 210 216
0.057062603533267975 0.023448200896382332 0.210999995470047 255 201 207
0.05755874887108803 0.023448200896382332 0.210999995470047 255 194 199
0.05833003297448158 0.02355933003127575 0.21199999749660492 255 189 194
0.009566879831254482 0.024284785613417625 0.21400000154972076 255 221 186
0.010211247950792313 0.024625226855278015 0.21699999272823334 242 203 174
0.010820316150784492 0.024852188304066658 0.21899999678134918 239 200 171
0.04845394939184189 0.02314998395740986 0.20399999618530273 255 194 195
0.056792162358760834 0.02383086457848549 0.20999999344348907 255 199 204
0.05728595703840256 0.02383086457848549 0.20999999344348907 255 193 201
0.05805489048361778 0.023944344371557236 0.210999995470047 255 195 203
0.006556667387485504 0.02305050939321518 0.19900000095367432 255 253 201
0.007412889041006565 0.024324657395482063 0.20999999344348907 255 250 198
0.00794433243572712 0.02444048970937729 0.210999995470047 255 234 193
0.008809559978544712 0.02409299463033676 0.20800000429153442 248 214 183
0.009388060308992863 0.024324657395482063 0.20999999344348907 255 239 208
0.010211247950792313 0.025135479867458344 0.21699999272823334 255 234 205
0.010820316150784492 0.025367142632603645 0.21899999678134918 255 235 206
0.01480188313871622 0.028031272813677788 0.24199999868869781 255 235 226
0.015370920300483704 0.028031272813677788 0.24199999868869781 229 172 163
0.04656331613659859 0.023166339844465256 0.20000000298023224 255 203 195
0.04703359305858612 0.023166339844465256 0.20000000298023224 255 196 197
0.04774139076471329 0.02328217215836048 0.20100000500679016 255 205 206
0.04845389351248741 0.023398004472255707 0.20200000703334808 255 192 203
0.0489288754761219 0.023398004472255707 0.20200000703334808 255 187 198
0.05701316520571709 0.024208825081586838 0.20900000631809235 255 192 202
0.05805489048361778 0.02444048970937729 0.210999995470047 255 194 204
0.005564321763813496 0.023282069712877274 0.19699999690055847 255 241 188
0.006027546711266041 0.023282069712877274 0.19699999690055847 255 251 198
0.006523719057440758 0.02340025268495083 0.1979999989271164 255 252 199
0.00698929512873292 0.02340025268495083 0.1979999989271164 255 254 201
0.008320469409227371 0.024582084268331528 0.20800000429153442 238 212 181
0.008809559978544712 0.024582084268331528 0.20800000429153442 245 216 193
0.009388060308992863 0.024818450212478638 0.20999999344348907 255 233 210
0.01593995839357376 0.028600309044122696 0.24199999868869781 251 198 192
0.016440775245428085 0.02848212607204914 0.2409999966621399 173 120 114
0.044710300862789154 0.02316388674080372 0.19599999487400055 255 211 197
0.045401640236377716 0.023282069712877274 0.19699999690055847 255 222 207
0.04609768092632294 0.02340025268495083 0.1979999989271164 255 218 203
0.04656325653195381 0.02340025268495083 0.1979999989271164 255 207 204
0.04726635292172432 0.023518435657024384 0.19900000095367432 255 202 199
0.047734279185533524 0.023518435657024384 0.19900000095367432 255 201 209
0.04844443127512932 0.02363661862909794 0.20000000298023224 255 205 213
0.04915928095579147 0.023754803463816643 0.20100000500679016 241 176 192
0.049878835678100586 0.023872986435890198 0.20200000703334808 245 180 196
0.05474163591861725 0.024345718324184418 0.20600000023841858 255 194 207
0.05549410730600357 0.024463901296257973 0.2070000022649765 255 194 210
0.006027546711266041 0.02374529466032982 0.19699999690055847 255 252 197
0.006490771193057299 0.02374529466032982 0.19699999690055847 255 254 210
0.0069539956748485565 0.02374529466032982 0.19699999690055847 255 255 211
0.007417220156639814 0.02374529466032982 0.19699999690055847 255 243 217
0.007880444638431072 0.02374529466032982 0.19699999690055847 236 221 195
0.008216608315706253 0.023383691906929016 0.1940000057220459 239 222 204
0.008538664318621159 0.023022087290883064 0.19099999964237213 252 235 217
0.008940723724663258 0.02290155366063118 0.1899999976158142 255 253 240
0.009338080883026123 0.022781018167734146 0.1889999955892563 255 254 241
0.00978249404579401 0.022781018167734146 0.1889999955892563 255 255 245
0.013490528799593449 0.02229888178408146 0.1850000023841858 255 243 239
0.013925536535680294 0.02229888178408146 0.1850000023841858 255 249 243
0.01436054427176714 0.02229888178408146 0.1850000023841858 255 249 243
0.014795552007853985 0.02229888178408146 0.1850000023841858 255 252 245
0.01523055974394083 0.02229888178408146 0.1850000023841858 255 252 245
0.015580888837575912 0.022178346291184425 0.18400000035762787 255 251 243
0.01601354591548443 0.022178346291184425 0.18400000035762787 255 251 243
0.016446202993392944 0.022178346291184425 0.18400000035762787 255 247 239
0.016787126660346985 0.02205781266093254 0.18299999833106995 255 240 232
0.029106050729751587 0.021937277168035507 0.18199999630451202 255 214 202
0.029534004628658295 0.021937277168035507 0.18199999630451202 255 225 213
0.029961958527565002 0.021937277168035507 0.18199999630451202 255 245 224
0.03038991242647171 0.021937277168035507 0.18199999630451202 255 248 227
0.03064853698015213 0.021816743537783623 0.1809999942779541 255 251 223
0.03107413835823536 0.021816743537783623 0.1809999942779541 255 251 223
0.03149973973631859 0.021816743537783623 0.1809999942779541 255 250 227
0.03192534297704697 0.021816743537783623 0.1809999942779541 255 246 223
0.032350946217775345 0.021816743537783623 0.1809999942779541 255 222 202
0.035755764693021774 0.021816743537783623 0.1809999942779541 255 216 210
0.03618136793375015 0.021816743537783623 0.1809999942779541 255 238 232
0.03660696744918823 0.021816743537783623 0.1809999942779541 255 247 245
0.037237171083688736 0.021937277168035507 0.18199999630451202 255 247 245
0.04424942657351494 0.023624761030077934 0.19599999487400055 255 207 186
0.04448218643665314 0.0235042255371809 0.19499999284744263 255 224 203
0.04494071006774902 0.0235042255371809 0.19499999284744263 255 220 202
0.045632049441337585 0.023624761030077934 0.19599999487400055 255 216 198
0.0460929200053215 0.023624761030077934 0.19599999487400055 255 210 206
0.04679131507873535 0.02374529466032982 0.19699999690055847 251 198 194
0.0472545400261879 0.02374529466032982 0.19699999690055847 245 186 191
0.047959987074136734 0.023865830153226852 0.1979999989271164 242 183 188
0.04867013543844223 0.023986363783478737 0.19900000095367432 239 182 191
0.049384988844394684 0.02410689741373062 0.20000000298023224 232 175 184
0.04985526576638222 0.02410689741373062 0.20000000298023224 200 143 152
0.05057717114686966 0.024227432906627655 0.20100000500679016 213 156 165
0.05130378156900406 0.02434796653687954 0.20200000703334808 231 180 182
0.05177876353263855 0.02434796653687954 0.20200000703334808 255 205 207
0.05225374549627304 0.02434796653687954 0.20200000703334808 255 206 214
0.05298975855112076 0.024468502029776573 0.2029999941587448 247 192 200
0.05373047664761543 0.024589035660028458 0.20399999618530273 246 178 197
0.054475899785757065 0.02470957115292549 0.20499999821186066 255 187 206
0.054957933723926544 0.02470957115292549 0.20499999821186066 255 190 214
0.055710408836603165 0.024830104783177376 0.20600000023841858 255 186 210
0.005507831461727619 0.023962747305631638 0.19499999284744263 255 250 192
0.005966353230178356 0.023962747305631638 0.19499999284744263 255 255 197
0.006424874998629093 0.023962747305631638 0.19499999284744263 255 255 220
0.00688339676707983 0.023962747305631638 0.19499999284744263 255 255 220
0.007341918535530567 0.023962747305631638 0.19499999284744263 255 252 234
0.00776043813675642 0.023839861154556274 0.1940000057220459 232 227 209
0.008131901733577251 0.023594090715050697 0.19200000166893005 241 234 224
0.008493958972394466 0.02334831841289997 0.1899999976158142 255 253 243
0.008940723724663258 0.02334831841289997 0.1899999976158142 255 255 245
0.009338080883026123 0.023225432261824608 0.1889999955892563 255 255 245
0.00978249404579401 0.023225432261824608 0.1889999955892563 254 255 249
0.013490528799593449 0.022733889520168304 0.1850000023841858 255 253 249
0.013925536535680294 0.022733889520168304 0.1850000023841858 255 254 249
0.01436054427176714 0.022733889520168304 0.1850000023841858 255 254 249
0.014795552007853985 0.022733889520168304 0.1850000023841858 255 254 249
0.01523055974394083 0.022733889520168304 0.1850000023841858 255 254 249
0.015580888837575912 0.02261100336909294 0.18400000035762787 255 254 249
0.01601354591548443 0.02261100336909294 0.18400000035762787 255 254 249
0.016446202993392944 0.02261100336909294 0.18400000035762787 255 254 247
0.016787126660346985 0.022488117218017578 0.18299999833106995 255 254 247
0.017217431217432022 0.022488117218017578 0.18299999833106995 255 249 236
0.02054697647690773 0.022365231066942215 0.18199999630451202 255 250 225
0.020974930375814438 0.022365231066942215 0.18199999630451202 255 249 224
0.02128528617322445 0.022242344915866852 0.1809999942779541 255 245 219
0.021710887551307678 0.022242344915866852 0.1809999942779541 255 240 214
0.02867809683084488 0.022365231066942215 0.18199999630451202 255 239 220
0.029106050729751587 0.022365231066942215 0.18199999630451202 255 253 235
0.029534004628658295 0.022365231066942215 0.18199999630451202 255 253 235
0.029961958527565002 0.022365231066942215 0.18199999630451202 255 253 240
0.03038991242647171 0.022365231066942215 0.18199999630451202 255 254 241
0.030817866325378418 0.022365231066942215 0.18199999630451202 255 254 243
0.031245820224285126 0.022365231066942215 0.18199999630451202 255 254 243
0.031673774123191833 0.022365231066942215 0.18199999630451202 255 255 241
0.03192534297704697 0.022242344915866852 0.1809999942779541 255 255 241
0.032350946217775345 0.022242344915866852 0.1809999942779541 255 251 231
0.03277654945850372 0.022242344915866852 0.1809999942779541 255 239 219
0.03490455821156502 0.022242344915866852 0.1809999942779541 249 199 192
0.035330161452293396 0.022242344915866852 0.1809999942779541 255 237 230
0.035755764693021774 0.022242344915866852 0.1809999942779541 255 251 242
0.03618136793375015 0.022242344915866852 0.1809999942779541 255 252 243
0.03660696744918823 0.022242344915866852 0.1809999942779541 255 253 249
0.037237171083688736 0.022365231066942215 0.18199999630451202 255 253 249
0.0378720760345459 0.022488117218017578 0.18299999833106995 255 252 247
0.043346378952264786 0.023594090715050697 0.19200000166893005 255 238 213
0.0440259613096714 0.02371697500348091 0.19300000369548798 255 247 222
0.04471024498343468 0.023839861154556274 0.1940000057220459 255 249 229
0.045166414231061935 0.023839861154556274 0.1940000057220459 255 235 215
0.045622583478689194 0.023839861154556274 0.1940000057220459 228 194 184
0.046316273510456085 0.023962747305631638 0.19499999284744263 224 190 180
0.047014668583869934 0.024085633456707 0.19599999487400055 239 197 194
0.04747553914785385 0.024085633456707 0.19599999487400055 255 225 222
0.04818098619580269 0.024208519607782364 0.19699999690055847 255 225 225
0.04889113828539848 0.024331405758857727 0.1979999989271164 247 211 211
0.04960598796606064 0.02445429190993309 0.19900000095367432 247 211 213
0.05007391795516014 0.02445429190993309 0.19900000095367432 255 240 242
0.05079582333564758 0.024577176198363304 0.20000000298023224 255 244 243
0.051266103982925415 0.024577176198363304 0.20000000298023224 255 245 244
0.051995061337947845 0.024700062349438667 0.20100000500679016 255 246 248
0.05272872745990753 0.02482294850051403 0.20200000703334808 255 245 247
0.05346709117293358 0.024945834651589394 0.2029999941587448 251 201 220
0.0539444275200367 0.024945834651589394 0.2029999941587448 230 180 199
0.05543997138738632 0.02519160695374012 0.20499999821186066 255 189 213
0.005507831461727619 0.024421269074082375 0.19499999284744263 255 253 197
0.005935756489634514 0.024296032264828682 0.1940000057220459 255 255 200
0.006391926668584347 0.024296032264828682 0.1940000057220459 255 255 228
0.006848097313195467 0.024296032264828682 0.1940000057220459 255 255 229
0.00726661691442132 0.02417079545557499 0.19300000369548798 255 255 245
0.007680433802306652 0.024045556783676147 0.19200000166893005 253 254 243
0.008089547976851463 0.023920319974422455 0.19099999964237213 252 253 244
0.008493958972394466 0.023795083165168762 0.1899999976158142 255 255 247
0.008893667720258236 0.02366984635591507 0.1889999955892563 254 255 249
0.009288673289120197 0.023544607684016228 0.18799999356269836 254 255 249
0.00973073486238718 0.023544607684016228 0.18799999356269836 254 255 249
0.010118686594069004 0.023419370874762535 0.18700000643730164 254 255 249
0.010558397509157658 0.023419370874762535 0.18700000643730164 254 255 251
0.010939294472336769 0.023294134065508842 0.1860000044107437 254 255 251
0.011376653797924519 0.023294134065508842 0.1860000044107437 254 255 251
0.011814013123512268 0.023294134065508842 0.1860000044107437 254 255 251
0.012251372449100018 0.023294134065508842 0.1860000044107437 254 255 251
0.012688731774687767 0.023294134065508842 0.1860000044107437 254 255 251
0.013055521063506603 0.02316889725625515 0.1850000023841858 254 255 251
0.013490528799593449 0.02316889725625515 0.1850000023841858 254 255 251
0.013925536535680294 0.02316889725625515 0.1850000023841858 254 255 251
0.01436054427176714 0.02316889725625515 0.1850000023841858 254 255 251
0.014795552007853985 0.02316889725625515 0.1850000023841858 254 255 251
0.01523055974394083 0.02316889725625515 0.1850000023841858 254 255 251
0.015580888837575912 0.023043658584356308 0.18400000035762787 254 255 251
0.01601354591548443 0.023043658584356308 0.18400000035762787 254 255 251
0.016446202993392944 0.023043658584356308 0.18400000035762787 254 255 251
0.016787126660346985 0.022918421775102615 0.18299999833106995 254 255 251
0.017217431217432022 0.022918421775102615 0.18299999833106995 254 255 246
0.018508346751332283 0.022918421775102615 0.18299999833106995 255 254 243
0.01893865130841732 0.022918421775102615 0.18299999833106995 255 255 241
0.020119022578001022 0.022793184965848923 0.18199999630451202 255 255 243
0.02054697647690773 0.022793184965848923 0.18199999630451202 255 255 243
0.020974930375814438 0.022793184965848923 0.18199999630451202 255 255 243
0.02128528617322445 0.02266794815659523 0.1809999942779541 255 255 239
0.021710887551307678 0.02266794815659523 0.1809999942779541 255 255 239
0.022136490792036057 0.02266794815659523 0.1809999942779541 255 247 225
0.022562092170119286 0.02266794815659523 0.1809999942779541 216 182 160
0.022987695410847664 0.02266794815659523 0.1809999942779541 215 167 148
0.023413296788930893 0.02266794815659523 0.1809999942779541 255 233 214
0.02383890002965927 0.02266794815659523 0.1809999942779541 255 247 235
0.0242645014077425 0.02266794815659523 0.1809999942779541 255 247 235
0.02469010464847088 0.02266794815659523 0.1809999942779541 255 249 245
0.025115706026554108 0.02266794815659523 0.1809999942779541 255 249 245
0.025682421401143074 0.022793184965848923 0.18199999630451202 255 250 247
0.026110375300049782 0.022793184965848923 0.18199999630451202 255 250 247
0.02653832919895649 0.022793184965848923 0.18199999630451202 255 248 245
0.026966281235218048 0.022793184965848923 0.18199999630451202 255 248 245
0.027394235134124756 0.022793184965848923 0.18199999630451202 255 236 224
0.027822189033031464 0.022793184965848923 0.18199999630451202 248 219 207
0.02825014293193817 0.022793184965848923 0.18199999630451202 255 251 229
0.02867809683084488 0.022793184965848923 0.18199999630451202 255 253 231
0.029106050729751587 0.022793184965848923 0.18199999630451202 255 255 241
0.029534004628658295 0.022793184965848923 0.18199999630451202 255 255 241
0.029961958527565002 0.022793184965848923 0.18199999630451202 255 255 247
0.03038991242647171 0.022793184965848923 0.18199999630451202 255 255 247
0.030817866325378418 0.022793184965848923 0.18199999630451202 255 255 247
0.031245820224285126 0.022793184965848923 0.18199999630451202 255 255 247
0.031673774123191833 0.022793184965848923 0.18199999630451202 255 255 249
0.03192534297704697 0.02266794815659523 0.1809999942779541 255 255 249
0.032350946217775345 0.02266794815659523 0.1809999942779541 255 255 239
0.03277654945850372 0.02266794815659523 0.1809999942779541 255 255 239
0.0332021489739418 0.02266794815659523 0.1809999942779541 255 220 198
0.03362775221467018 0.02266794815659523 0.1809999942779541 154 115 93
0.03447895869612694 0.02266794815659523 0.1809999942779541 255 228 211
0.03490455821156502 0.02266794815659523 0.1809999942779541 255 251 241
0.035330161452293396 0.02266794815659523 0.1809999942779541 255 251 241
0.035755764693021774 0.02266794815659523 0.1809999942779541 254 254 248
0.03618136793375015 0.02266794815659523 0.1809999942779541 255 255 249
0.03660696744918823 0.02266794815659523 0.1809999942779541 255 255 249
0.037237171083688736 0.022793184965848923 0.18199999630451202 255 255 249
0.0378720760345459 0.022918421775102615 0.18299999833106995 255 254 249
0.04200132563710213 0.023795083165168762 0.1899999976158142 255 236 214
0.04244808852672577 0.023795083165168762 0.1899999976158142 255 246 224
0.04289485514163971 0.023795083165168762 0.1899999976158142 255 254 233
0.04356973245739937 0.023920319974422455 0.19099999964237213 255 254 233
0.044249314814805984 0.024045556783676147 0.19200000166893005 255 253 239
0.04493359848856926 0.02417079545557499 0.19300000369548798 255 249 235
0.04538741707801819 0.02417079545557499 0.19300000369548798 252 232 222
0.04584123566746712 0.02417079545557499 0.19300000369548798 240 220 210
0.04677479714155197 0.024421269074082375 0.19499999284744263 255 239 234
0.04723331704735756 0.024421269074082375 0.19499999284744263 255 247 242
0.047691840678453445 0.024421269074082375 0.19499999284744263 255 251 245
0.04839728772640228 0.024546505883336067 0.19599999487400055 255 251 245
0.04910743609070778 0.02467174455523491 0.19699999690055847 255 246 245
0.04982228949666023 0.0247969813644886 0.1979999989271164 253 232 231
0.05028786510229111 0.0247969813644886 0.1979999989271164 255 247 246
0.05100977048277855 0.024922218173742294 0.19900000095367432 255 248 247
0.05173638090491295 0.025047456845641136 0.20000000298023224 255 251 249
0.05246769264340401 0.02517269365489483 0.20100000500679016 255 251 249
0.05294032394886017 0.02517269365489483 0.20100000500679016 255 239 251
0.053678691387176514 0.02529793046414852 0.20200000703334808 239 204 216
0.05442176014184952 0.025423167273402214 0.2029999941587448 237 174 191
0.05516953021287918 0.025548405945301056 0.20399999618530273 247 184 201
0.005479585845023394 0.02475220337510109 0.1940000057220459 255 254 201
0.005935756489634514 0.02475220337510109 0.1940000057220459 255 254 201
0.006391926668584347 0.02475220337510109 0.1940000057220459 255 255 235
0.006812797859311104 0.024624614045023918 0.19300000369548798 255 255 235
0.007228965871036053 0.024497024714946747 0.19200000166893005 254 255 247
0.007640431635081768 0.024369437247514725 0.19099999964237213 254 255 247
0.008089547976851463 0.024369437247514725 0.19099999964237213 254 255 249
0.008493958972394466 0.024241847917437553 0.1899999976158142 254 255 249
0.008893667720258236 0.024114258587360382 0.1889999955892563 254 255 251
0.009288673289120197 0.02398667111992836 0.18799999356269836 254 255 251
0.00973073486238718 0.02398667111992836 0.18799999356269836 254 255 251
0.010118686594069004 0.02385908178985119 0.18700000643730164 254 255 251
0.010558397509157658 0.02385908178985119 0.18700000643730164 254 255 251
0.010939294472336769 0.023731492459774017 0.1860000044107437 254 255 251
0.011376653797924519 0.023731492459774017 0.1860000044107437 254 255 251
0.011814013123512268 0.023731492459774017 0.1860000044107437 254 255 251
0.012251372449100018 0.023731492459774017 0.1860000044107437 254 255 251
0.012688731774687767 0.023731492459774017 0.1860000044107437 254 255 251
0.013055521063506603 0.023603904992341995 0.1850000023841858 254 255 251
0.013490528799593449 0.023603904992341995 0.1850000023841858 254 255 251
0.013925536535680294 0.023603904992341995 0.1850000023841858 254 255 251
0.01436054427176714 0.023603904992341995 0.1850000023841858 254 255 251
0.014795552007853985 0.023603904992341995 0.1850000023841858 254 255 251
0.015148232690989971 0.023476315662264824 0.18400000035762787 254 255 251
0.015580888837575912 0.023476315662264824 0.18400000035762787 254 255 251
0.01601354591548443 0.023476315662264824 0.18400000035762787 254 255 251
0.016446202993392944 0.023476315662264824 0.18400000035762787 254 255 251
0.016787126660346985 0.023348728194832802 0.18299999833106995 254 255 251
0.017217431217432022 0.023348728194832802 0.18299999833106995 254 255 251
0.01764773577451706 0.023348728194832802 0.18299999833106995 254 255 251
0.018078040331602097 0.023348728194832802 0.18299999833106995 254 255 249
0.018508346751332283 0.023348728194832802 0.18299999833106995 254 255 249
0.01893865130841732 0.023348728194832802 0.18299999833106995 254 255 249
0.019263114780187607 0.02322113886475563 0.18199999630451202 254 255 249
0.019691068679094315 0.02322113886475563 0.18199999630451202 254 255 249
0.020119022578001022 0.02322113886475563 0.18199999630451202 254 255 249
0.02054697647690773 0.02322113886475563 0.18199999630451202 254 255 249
0.020974930375814438 0.02322113886475563 0.18199999630451202 254 255 249
0.021402884274721146 0.02322113886475563 0.18199999630451202 254 255 247
0.021710887551307678 0.02309354953467846 0.1809999942779541 254 255 247
0.022136490792036057 0.02309354953467846 0.1809999942779541 255 253 235
0.022562092170119286 0.02309354953467846 0.1809999942779541 232 220 202
0.022987695410847664 0.02309354953467846 0.1809999942779541 255 244 226
0.023413296788930893 0.02309354953467846 0.1809999942779541 255 251 233
0.02383890002965927 0.02309354953467846 0.1809999942779541 255 253 238
0.0242645014077425 0.02309354953467846 0.1809999942779541 255 253 238
0.02469010464847088 0.02309354953467846 0.1809999942779541 255 254 247
0.025115706026554108 0.02309354953467846 0.1809999942779541 255 254 247
0.025682421401143074 0.02322113886475563 0.18199999630451202 255 254 249
0.026110375300049782 0.02322113886475563 0.18199999630451202 255 254 249
0.02653832919895649 0.02322113886475563 0.18199999630451202 255 254 249
0.026966281235218048 0.02322113886475563 0.18199999630451202 255 253 248
0.027394235134124756 0.02322113886475563 0.18199999630451202 255 254 243
0.027822189033031464 0.02322113886475563 0.18199999630451202 255 254 243
0.02825014293193817 0.02322113886475563 0.18199999630451202 254 255 242
0.02867809683084488 0.02322113886475563 0.18199999630451202 255 255 243
0.029106050729751587 0.02322113886475563 0.18199999630451202 254 255 247
0.029534004628658295 0.02322113886475563 0.18199999630451202 254 255 247
0.029961958527565002 0.02322113886475563 0.18199999630451202 254 255 249
0.03038991242647171 0.02322113886475563 0.18199999630451202 254 255 249
0.030817866325378418 0.02322113886475563 0.18199999630451202 254 255 249
0.031245820224285126 0.02322113886475563 0.18199999630451202 254 255 249
0.031673774123191833 0.02322113886475563 0.18199999630451202 254 255 249
0.03210172802209854 0.02322113886475563 0.18199999630451202 254 255 249
0.032350946217775345 0.02309354953467846 0.1809999942779541 255 255 247
0.03277654945850372 0.02309354953467846 0.1809999942779541 255 255 247
0.0332021489739418 0.02309354953467846 0.1809999942779541 255 245 227
0.03362775221467018 0.02309354953467846 0.1809999942779541 229 217 199
0.03405335545539856 0.02309354953467846 0.1809999942779541 255 249 232
0.03447895869612694 0.02309354953467846 0.1809999942779541 255 250 233
0.03490455821156502 0.02309354953467846 0.1809999942779541 255 255 245
0.035330161452293396 0.02309354953467846 0.1809999942779541 255 255 245
0.035755764693021774 0.02309354953467846 0.1809999942779541 254 255 249
0.03618136793375015 0.02309354953467846 0.1809999942779541 254 255 249
0.03660696744918823 0.02309354953467846 0.1809999942779541 254 255 251
0.037237171083688736 0.02322113886475563 0.18199999630451202 254 255 251
0.037665124982595444 0.02322113886475563 0.18199999630451202 254 255 251
0.038302380591630936 0.023348728194832802 0.18299999833106995 254 255 251
0.04200132563710213 0.024241847917437553 0.1899999976158142 255 254 237
0.04244808852672577 0.024241847917437553 0.1899999976158142 255 254 237
0.04289485514163971 0.024241847917437553 0.1899999976158142 255 255 241
0.04356973245739937 0.024369437247514725 0.19099999964237213 255 255 241
0.044249314814805984 0.024497024714946747 0.19200000166893005 255 255 245
0.04493359848856926 0.024624614045023918 0.19300000369548798 255 255 245
0.04538741707801819 0.024624614045023918 0.19300000369548798 255 250 243
0.04584123566746712 0.024624614045023918 0.19300000369548798 255 245 238
0.04677479714155197 0.02487979084253311 0.19499999284744263 255 251 246
0.04723331704735756 0.02487979084253311 0.19499999284744263 255 252 247
0.047691840678453445 0.02487979084253311 0.19499999284744263 255 253 247
0.04815036430954933 0.02487979084253311 0.19499999284744263 255 253 247
0.04860888421535492 0.02487979084253311 0.19499999284744263 255 246 246
0.049319032579660416 0.025007380172610283 0.19599999487400055 235 218 218
0.05003388598561287 0.025134969502687454 0.19699999690055847 254 234 235
0.05075344070792198 0.025262556970119476 0.1979999989271164 255 248 249
0.05147770047187805 0.025390146300196648 0.19900000095367432 255 252 249
0.051945626735687256 0.025390146300196648 0.19900000095367432 255 252 249
0.052676938474178314 0.02551773563027382 0.20000000298023224 255 245 253
0.05341295525431633 0.02564532309770584 0.20100000500679016 250 225 233
0.054153669625520706 0.025772912427783012 0.20200000703334808 233 170 187
0.05489909276366234 0.025900499895215034 0.2029999941587448 239 176 193
0.005479585845023394 0.025208372622728348 0.1940000057220459 255 255 207
0.005935756489634514 0.025208372622728348 0.1940000057220459 255 255 206
0.006358978804200888 0.025078432634472847 0.19300000369548798 255 255 237
0.006812797859311104 0.025078432634472847 0.19300000369548798 255 255 237
0.007228965871036053 0.024948492646217346 0.19200000166893005 254 255 247
0.007640431635081768 0.024818552657961845 0.19099999964237213 254 255 247
0.008089547976851463 0.024818552657961845 0.19099999964237213 254 255 249
0.008493958972394466 0.024688612669706345 0.1899999976158142 254 255 249
0.008893667720258236 0.024558672681450844 0.1889999955892563 254 255 251
0.009288673289120197 0.024428732693195343 0.18799999356269836 254 255 251
0.00973073486238718 0.024428732693195343 0.18799999356269836 254 255 251
0.010118686594069004 0.024298792704939842 0.18700000643730164 254 255 251
0.010558397509157658 0.024298792704939842 0.18700000643730164 254 255 251
0.010939294472336769 0.02416885271668434 0.1860000044107437 254 255 251
0.011376653797924519 0.02416885271668434 0.1860000044107437 254 255 251
0.011814013123512268 0.02416885271668434 0.1860000044107437 254 255 251
0.012251372449100018 0.02416885271668434 0.1860000044107437 254 255 251
0.012688731774687767 0.02416885271668434 0.1860000044107437 254 255 251
0.013126091100275517 0.02416885271668434 0.1860000044107437 254 255 251
0.013490528799593449 0.02403891272842884 0.1850000023841858 254 255 251
0.013925536535680294 0.02403891272842884 0.1850000023841858 254 255 251
0.01436054427176714 0.02403891272842884 0.1850000023841858 254 255 251
0.014795552007853985 0.02403891272842884 0.1850000023841858 254 255 251
0.015148232690989971 0.02390897274017334 0.18400000035762787 254 255 251
0.015580888837575912 0.02390897274017334 0.18400000035762787 254 255 251
0.01601354591548443 0.02390897274017334 0.18400000035762787 254 255 251
0.016446202993392944 0.02390897274017334 0.18400000035762787 254 255 251
0.016787126660346985 0.02377903275191784 0.18299999833106995 254 255 251
0.017217431217432022 0.02377903275191784 0.18299999833106995 254 255 251
0.01764773577451706 0.02377903275191784 0.18299999833106995 254 255 251
0.018078040331602097 0.02377903275191784 0.18299999833106995 254 255 251
0.018508346751332283 0.02377903275191784 0.18299999833106995 254 255 251
0.01893865130841732 0.02377903275191784 0.18299999833106995 254 255 251
0.019263114780187607 0.023649092763662338 0.18199999630451202 254 255 251
0.019691068679094315 0.023649092763662338 0.18199999630451202 254 255 251
0.020119022578001022 0.023649092763662338 0.18199999630451202 254 255 251
0.02054697647690773 0.023649092763662338 0.18199999630451202 254 255 251
0.020974930375814438 0.023649092763662338 0.18199999630451202 254 255 251
0.021402884274721146 0.023649092763662338 0.18199999630451202 254 255 251
0.021830838173627853 0.023649092763662338 0.18199999630451202 254 255 251
0.022136490792036057 0.023519152775406837 0.1809999942779541 253 255 244
0.022562092170119286 0.023519152775406837 0.1809999942779541 252 254 243
0.022987695410847664 0.023519152775406837 0.1809999942779541 255 254 242
0.023413296788930893 0.023519152775406837 0.1809999942779541 255 255 243
0.02383890002965927 0.023519152775406837 0.1809999942779541 255 255 247
0.0242645014077425 0.023519152775406837 0.1809999942779541 255 255 247
0.02469010464847088 0.023519152775406837 0.1809999942779541 255 255 249
0.025115706026554108 0.023519152775406837 0.1809999942779541 255 255 249
0.025682421401143074 0.023649092763662338 0.18199999630451202 255 255 249
0.026110375300049782 0.023649092763662338 0.18199999630451202 255 255 249
0.02653832919895649 0.023649092763662338 0.18199999630451202 255 255 249
0.026966281235218048 0.023649092763662338 0.18199999630451202 255 255 249
0.027394235134124756 0.023649092763662338 0.18199999630451202 254 255 249
0.027822189033031464 0.023649092763662338 0.18199999630451202 254 255 249
0.02825014293193817 0.023649092763662338 0.18199999630451202 254 255 249
0.02867809683084488 0.023649092763662338 0.18199999630451202 254 255 249
0.029106050729751587 0.023649092763662338 0.18199999630451202 254 255 249
0.029534004628658295 0.023649092763662338 0.18199999630451202 254 255 249
0.029961958527565002 0.023649092763662338 0.18199999630451202 254 255 249
0.03038991242647171 0.023649092763662338 0.18199999630451202 254 255 249
0.030817866325378418 0.023649092763662338 0.18199999630451202 254 255 249
0.031245820224285126 0.023649092763662338 0.18199999630451202 254 255 249
0.031673774123191833 0.023649092763662338 0.18199999630451202 254 255 249
0.03210172802209854 0.023649092763662338 0.18199999630451202 254 255 249
0.032350946217775345 0.023519152775406837 0.1809999942779541 254 255 249
0.03277654945850372 0.023519152775406837 0.1809999942779541 254 255 249
0.0332021489739418 0.023519152775406837 0.1809999942779541 254 255 244
0.03362775221467018 0.023519152775406837 0.1809999942779541 253 254 243
0.03405335545539856 0.023519152775406837 0.1809999942779541 255 255 243
0.03447895869612694 0.023519152775406837 0.1809999942779541 255 255 243
0.03490455821156502 0.023519152775406837 0.1809999942779541 254 255 249
0.035330161452293396 0.023519152775406837 0.1809999942779541 254 255 249
0.035755764693021774 0.023519152775406837 0.1809999942779541 254 255 251
0.03618136793375015 0.023519152775406837 0.1809999942779541 254 255 251
0.03660696744918823 0.023519152775406837 0.1809999942779541 254 255 251
0.037237171083688736 0.023649092763662338 0.18199999630451202 254 255 251
0.037665124982595444 0.023649092763662338 0.18199999630451202 254 255 251
0.038302380591630936 0.02377903275191784 0.18299999833106995 254 255 251
0.03873268514871597 0.02377903275191784 0.18299999833106995 255 255 249
0.03937699645757675 0.02390897274017334 0.18400000035762787 255 255 249
0.040898434817790985 0.024298792704939842 0.18700000643730164 255 255 247
0.04133814573287964 0.024298792704939842 0.18700000643730164 255 255 245
0.04200126603245735 0.024428732693195343 0.18799999356269836 255 255 245
0.04266909137368202 0.024558672681450844 0.1889999955892563 254 255 247
0.043113503605127335 0.024558672681450844 0.1889999955892563 254 255 247
0.04378838464617729 0.024688612669706345 0.1899999976158142 254 255 249
0.04446796700358391 0.024818552657961845 0.19099999964237213 254 255 249
0.04491708055138588 0.024818552657961845 0.19099999964237213 255 253 249
0.04536619782447815 0.024818552657961845 0.19099999964237213 241 236 232
0.04605518653988838 0.024948492646217346 0.19200000166893005 255 249 248
0.046748872846364975 0.025078432634472847 0.19300000369548798 255 252 251
0.0472026951611042 0.025078432634472847 0.19300000369548798 255 254 251
0.04790343716740608 0.025208372622728348 0.1940000057220459 255 254 251
0.04860888421535492 0.02533831261098385 0.19499999284744263 255 249 247
0.049319032579660416 0.02546825259923935 0.19599999487400055 243 233 231
0.05003388598561287 0.02559819258749485 0.19699999690055847 237 222 221
0.05075344070792198 0.02572813257575035 0.1979999989271164 255 250 249
0.05147770047187805 0.025858072564005852 0.19900000095367432 255 251 250
0.051945626735687256 0.025858072564005852 0.19900000095367432 255 249 248
0.052676938474178314 0.025988014414906502 0.20000000298023224 255 246 252
0.05341295525431633 0.026117954403162003 0.20100000500679016 255 244 250
0.054153669625520706 0.026247894391417503 0.20200000703334808 253 194 214
0.05489909276366234 0.026377834379673004 0.2029999941587448 222 163 183
0.005479585845023394 0.025664543733000755 0.1940000057220459 255 255 202
0.005935756489634514 0.025664543733000755 0.1940000057220459 255 255 202
0.006358978804200888 0.025532251223921776 0.19300000369548798 255 255 231
0.006812797859311104 0.025532251223921776 0.19300000369548798 255 255 231
0.007228965871036053 0.025399960577487946 0.19200000166893005 254 255 245
0.007640431635081768 0.025267669931054115 0.19099999964237213 254 255 245
0.008047194220125675 0.025135377421975136 0.1899999976158142 254 255 249
0.008493958972394466 0.025135377421975136 0.1899999976158142 254 255 249
0.008893667720258236 0.025003086775541306 0.1889999955892563 254 255 249
0.009288673289120197 0.024870794266462326 0.18799999356269836 254 255 249
0.00967897567898035 0.024738503620028496 0.18700000643730164 254 255 251
0.010118686594069004 0.024738503620028496 0.18700000643730164 254 255 251
0.01050193514674902 0.024606211110949516 0.1860000044107437 254 255 251
0.010939294472336769 0.024606211110949516 0.1860000044107437 254 255 251
0.011376653797924519 0.024606211110949516 0.1860000044107437 254 255 251
0.011814013123512268 0.024606211110949516 0.1860000044107437 254 255 251
0.012251372449100018 0.024606211110949516 0.1860000044107437 254 255 251
0.012688731774687767 0.024606211110949516 0.1860000044107437 254 255 251
0.013126091100275517 0.024606211110949516 0.1860000044107437 254 255 251
0.013490528799593449 0.024473920464515686 0.1850000023841858 254 255 251
0.013925536535680294 0.024473920464515686 0.1850000023841858 254 255 251
0.01436054427176714 0.024473920464515686 0.1850000023841858 254 255 251
0.014795552007853985 0.024473920464515686 0.1850000023841858 254 255 251
0.015148232690989971 0.024341629818081856 0.18400000035762787 254 255 251
0.015580888837575912 0.024341629818081856 0.18400000035762787 254 255 251
0.01601354591548443 0.024341629818081856 0.18400000035762787 254 255 251
0.016446202993392944 0.024341629818081856 0.18400000035762787 254 255 251
0.016787126660346985 0.024209337309002876 0.18299999833106995 254 255 251
0.017217431217432022 0.024209337309002876 0.18299999833106995 254 255 251
0.01764773577451706 0.024209337309002876 0.18299999833106995 254 255 251
0.018078040331602097 0.024209337309002876 0.18299999833106995 254 255 251
0.018508346751332283 0.024209337309002876 0.18299999833106995 254 255 251
0.01893865130841732 0.024209337309002876 0.18299999833106995 254 255 251
0.019263114780187607 0.024077046662569046 0.18199999630451202 254 255 251
0.019691068679094315 0.024077046662569046 0.18199999630451202 254 255 251
0.020119022578001022 0.024077046662569046 0.18199999630451202 254 255 251
0.02054697647690773 0.024077046662569046 0.18199999630451202 254 255 251
0.020974930375814438 0.024077046662569046 0.18199999630451202 254 255 251
0.021402884274721146 0.024077046662569046 0.18199999630451202 254 255 251
0.021710887551307678 0.023944754153490067 0.1809999942779541 254 255 251
0.022136490792036057 0.023944754153490067 0.1809999942779541 254 255 251
0.022562092170119286 0.023944754153490067 0.1809999942779541 254 255 251
0.022987695410847664 0.023944754153490067 0.1809999942779541 254 255 249
0.023413296788930893 0.023944754153490067 0.1809999942779541 254 255 249
0.02383890002965927 0.023944754153490067 0.1809999942779541 254 255 249
0.0242645014077425 0.023944754153490067 0.1809999942779541 254 255 249
0.02469010464847088 0.023944754153490067 0.1809999942779541 254 255 249
0.025115706026554108 0.023944754153490067 0.1809999942779541 254 255 249
0.025541309267282486 0.023944754153490067 0.1809999942779541 254 255 249
0.025966910645365715 0.023944754153490067 0.1809999942779541 254 255 249
0.02653832919895649 0.024077046662569046 0.18199999630451202 254 255 249
0.026966281235218048 0.024077046662569046 0.18199999630451202 254 255 249
0.027394235134124756 0.024077046662569046 0.18199999630451202 254 255 249
0.027822189033031464 0.024077046662569046 0.18199999630451202 254 255 249
0.02825014293193817 0.024077046662569046 0.18199999630451202 254 255 249
0.02867809683084488 0.024077046662569046 0.18199999630451202 254 255 249
0.029106050729751587 0.024077046662569046 0.18199999630451202 254 255 249
0.029534004628658295 0.024077046662569046 0.18199999630451202 254 255 249
0.029961958527565002 0.024077046662569046 0.18199999630451202 254 255 249
0.03038991242647171 0.024077046662569046 0.18199999630451202 254 255 249
0.030817866325378418 0.024077046662569046 0.18199999630451202 254 255 249
0.031245820224285126 0.024077046662569046 0.18199999630451202 254 255 249
0.031673774123191833 0.024077046662569046 0.18199999630451202 254 255 249
0.03210172802209854 0.024077046662569046 0.18199999630451202 254 255 249
0.03252968192100525 0.024077046662569046 0.18199999630451202 254 255 249
0.03277654945850372 0.023944754153490067 0.1809999942779541 254 255 249
0.0332021489739418 0.023944754153490067 0.1809999942779541 254 255 249
0.03362775221467018 0.023944754153490067 0.1809999942779541 254 255 249
0.03405335545539856 0.023944754153490067 0.1809999942779541 254 255 249
0.03447895869612694 0.023944754153490067 0.1809999942779541 254 255 249
0.03490455821156502 0.023944754153490067 0.1809999942779541 254 255 249
0.035330161452293396 0.023944754153490067 0.1809999942779541 254 255 249
0.035755764693021774 0.023944754153490067 0.1809999942779541 254 255 249
0.03618136793375015 0.023944754153490067 0.1809999942779541 254 255 249
0.03680921718478203 0.024077046662569046 0.18199999630451202 254 255 249
0.037237171083688736 0.024077046662569046 0.18199999630451202 254 255 249
0.037665124982595444 0.024077046662569046 0.18199999630451202 254 255 249
0.038302380591630936 0.024209337309002876 0.18299999833106995 254 255 249
0.03873268514871597 0.024209337309002876 0.18299999833106995 254 255 251
0.03937699645757675 0.024341629818081856 0.18400000035762787 252 253 249
0.04002600908279419 0.024473920464515686 0.1850000023841858 251 252 248
0.040679726749658585 0.024606211110949516 0.1860000044107437 254 255 251
0.04133814573287964 0.024738503620028496 0.18700000643730164 254 255 251
0.04177785664796829 0.024738503620028496 0.18700000643730164 254 255 251
0.042443327605724335 0.024870794266462326 0.18799999356269836 254 255 251
0.042885392904281616 0.024870794266462326 0.18799999356269836 254 255 251
0.043557919561862946 0.025003086775541306 0.1889999955892563 254 255 251
0.044235147535800934 0.025135377421975136 0.1899999976158142 254 255 251
0.044681914150714874 0.025135377421975136 0.1899999976158142 255 255 251
0.045128677040338516 0.025135377421975136 0.1899999976158142 239 239 235
0.04581531509757042 0.025267669931054115 0.19099999964237213 246 241 239
0.04626442864537239 0.025267669931054115 0.19099999964237213 255 253 251
0.04695811867713928 0.025399960577487946 0.19200000166893005 255 254 251
0.04765651375055313 0.025532251223921776 0.19300000369548798 255 254 251
0.04835960641503334 0.025664543733000755 0.1940000057220459 255 252 251
0.049067407846450806 0.025796834379434586 0.19499999284744263 255 250 249
0.04977990686893463 0.025929126888513565 0.19599999487400055 231 221 221
0.050497110933065414 0.026061417534947395 0.19699999690055847 247 237 237
0.051219016313552856 0.026193710044026375 0.1979999989271164 255 249 248
0.051945626735687256 0.026326000690460205 0.19900000095367432 255 250 249
0.052676938474178314 0.026458293199539185 0.20000000298023224 255 243 247
0.053147219121456146 0.026458293199539185 0.20000000298023224 255 246 250
0.05388558283448219 0.026590583845973015 0.20100000500679016 255 215 235
0.0546286515891552 0.026722874492406845 0.20200000703334808 223 169 189
0.005479585845023394 0.026120714843273163 0.1940000057220459 255 255 193
0.005935756489634514 0.026120714843273163 0.1940000057220459 255 255 195
0.006358978804200888 0.025986071676015854 0.19300000369548798 255 255 220
0.006812797859311104 0.025986071676015854 0.19300000369548798 255 255 220
0.007228965871036053 0.025851428508758545 0.19200000166893005 255 255 239
0.007640431635081768 0.025716785341501236 0.19099999964237213 255 255 239
0.008047194220125675 0.025582142174243927 0.1899999976158142 254 255 245
0.008449253626167774 0.025447499006986618 0.1889999955892563 254 255 245
0.00884661078453064 0.02531285770237446 0.18799999356269836 254 255 249
0.009288673289120197 0.02531285770237446 0.18799999356269836 254 255 249
0.00967897567898035 0.02517821453511715 0.18700000643730164 254 255 249
0.010118686594069004 0.02517821453511715 0.18700000643730164 254 255 249
0.01050193514674902 0.02504357136785984 0.1860000044107437 254 255 249
0.010939294472336769 0.02504357136785984 0.1860000044107437 254 255 249
0.011376653797924519 0.02504357136785984 0.1860000044107437 254 255 251
0.011814013123512268 0.02504357136785984 0.1860000044107437 254 255 251
0.012251372449100018 0.02504357136785984 0.1860000044107437 254 255 251
0.012688731774687767 0.02504357136785984 0.1860000044107437 254 255 251
0.013126091100275517 0.02504357136785984 0.1860000044107437 254 255 251
0.013490528799593449 0.02490892820060253 0.1850000023841858 254 255 251
0.013925536535680294 0.02490892820060253 0.1850000023841858 254 255 251
0.01436054427176714 0.02490892820060253 0.1850000023841858 254 255 251
0.014795552007853985 0.02490892820060253 0.1850000023841858 254 255 251
0.015148232690989971 0.024774285033345222 0.18400000035762787 254 255 251
0.015580888837575912 0.024774285033345222 0.18400000035762787 254 255 251
0.01601354591548443 0.024774285033345222 0.18400000035762787 254 255 251
0.0163568202406168 0.024639641866087914 0.18299999833106995 254 255 251
0.016787126660346985 0.024639641866087914 0.18299999833106995 254 255 251
0.017217431217432022 0.024639641866087914 0.18299999833106995 254 255 251
0.01764773577451706 0.024639641866087914 0.18299999833106995 254 255 251
0.018078040331602097 0.024639641866087914 0.18299999833106995 254 255 251
0.01840720698237419 0.024505000561475754 0.18199999630451202 254 255 251
0.0188351608812809 0.024505000561475754 0.18199999630451202 254 255 251
0.019263114780187607 0.024505000561475754 0.18199999630451202 254 255 251
0.019691068679094315 0.024505000561475754 0.18199999630451202 254 255 251
0.020119022578001022 0.024505000561475754 0.18199999630451202 254 255 251
0.02054697647690773 0.024505000561475754 0.18199999630451202 254 255 251
0.020974930375814438 0.024505000561475754 0.18199999630451202 254 255 251
0.02128528617322445 0.024370357394218445 0.1809999942779541 254 255 251
0.021710887551307678 0.024370357394218445 0.1809999942779541 254 255 251
0.022136490792036057 0.024370357394218445 0.1809999942779541 254 255 251
0.022562092170119286 0.024370357394218445 0.1809999942779541 254 255 251
0.022987695410847664 0.024370357394218445 0.1809999942779541 254 255 251
0.023413296788930893 0.024370357394218445 0.1809999942779541 254 255 251
0.02383890002965927 0.024370357394218445 0.1809999942779541 254 255 251
0.0242645014077425 0.024370357394218445 0.1809999942779541 254 255 251
0.02469010464847088 0.024370357394218445 0.1809999942779541 254 255 251
0.025115706026554108 0.024370357394218445 0.1809999942779541 254 255 251
0.025541309267282486 0.024370357394218445 0.1809999942779541 254 255 251
0.025966910645365715 0.024370357394218445 0.1809999942779541 254 255 251
0.026392513886094093 0.024370357394218445 0.1809999942779541 254 255 251
0.026966281235218048 0.024505000561475754 0.18199999630451202 254 255 251
0.027394235134124756 0.024505000561475754 0.18199999630451202 254 255 249
0.027822189033031464 0.024505000561475754 0.18199999630451202 254 255 249
0.02825014293193817 0.024505000561475754 0.18199999630451202 254 255 249
0.02867809683084488 0.024505000561475754 0.18199999630451202 254 255 249
0.029106050729751587 0.024505000561475754 0.18199999630451202 254 255 249
0.029696280136704445 0.024639641866087914 0.18299999833106995 254 255 249
0.030126584693789482 0.024639641866087914 0.18299999833106995 254 255 249
0.03038991242647171 0.024505000561475754 0.18199999630451202 254 255 249
0.030817866325378418 0.024505000561475754 0.18199999630451202 254 255 249
0.031245820224285126 0.024505000561475754 0.18199999630451202 254 255 249
0.031673774123191833 0.024505000561475754 0.18199999630451202 254 255 249
0.03210172802209854 0.024505000561475754 0.18199999630451202 254 255 249
0.03252968192100525 0.024505000561475754 0.18199999630451202 254 255 249
0.03277654945850372 0.024370357394218445 0.1809999942779541 254 255 249
0.0332021489739418 0.024370357394218445 0.1809999942779541 254 255 249
0.03362775221467018 0.024370357394218445 0.1809999942779541 254 255 249
0.03405335545539856 0.024370357394218445 0.1809999942779541 254 255 249
0.03447895869612694 0.024370357394218445 0.1809999942779541 254 255 249
0.03490455821156502 0.024370357394218445 0.1809999942779541 254 255 249
0.035330161452293396 0.024370357394218445 0.1809999942779541 254 255 249
0.035755764693021774 0.024370357394218445 0.1809999942779541 254 255 249
0.03638126328587532 0.024505000561475754 0.18199999630451202 254 255 249
0.03680921718478203 0.024505000561475754 0.18199999630451202 254 255 249
0.037237171083688736 0.024505000561475754 0.18199999630451202 254 255 249
0.037665124982595444 0.024505000561475754 0.18199999630451202 254 255 249
0.038302380591630936 0.024639641866087914 0.18299999833106995 254 255 249
0.03873268514871597 0.024639641866087914 0.18299999833106995 254 255 251
0.03937699645757675 0.024774285033345222 0.18400000035762787 249 250 246
0.04002600908279419 0.02490892820060253 0.1850000023841858 252 253 249
0.040679726749658585 0.02504357136785984 0.1860000044107437 254 255 251
0.04111708700656891 0.02504357136785984 0.1860000044107437 254 255 251
0.04177785664796829 0.02517821453511715 0.18700000643730164 254 255 251
0.042443327605724335 0.02531285770237446 0.18799999356269836 254 255 251
0.042885392904281616 0.02531285770237446 0.18799999356269836 254 255 251
0.0433274544775486 0.02531285770237446 0.18799999356269836 254 255 251
0.04400233179330826 0.025447499006986618 0.1889999955892563 254 255 251
0.04444674402475357 0.025447499006986618 0.1889999955892563 254 254 250
0.04489115998148918 0.025447499006986618 0.1889999955892563 237 237 233
0.04557544365525246 0.025582142174243927 0.1899999976158142 235 230 228
0.0460222065448761 0.025582142174243927 0.1899999976158142 255 251 249
0.04671354591846466 0.025716785341501236 0.19099999964237213 255 254 251
0.04740958660840988 0.025851428508758545 0.19200000166893005 255 254 251
0.04811033234000206 0.025986071676015854 0.19300000369548798 255 251 249
0.0488157793879509 0.026120714843273163 0.1940000057220459 255 251 249
0.04952592775225639 0.026255356147885323 0.19499999284744263 225 213 213
0.05024078115820885 0.02638999931514263 0.19599999487400055 233 221 221
0.05096033588051796 0.02652464248239994 0.19699999690055847 251 236 237
0.05168459191918373 0.02665928564965725 0.1979999989271164 255 248 249
0.05241355299949646 0.02679392881691456 0.19900000095367432 255 244 251
0.053147219121456146 0.026928571984171867 0.20000000298023224 254 233 240
0.05388558283448219 0.027063213288784027 0.20100000500679016 255 222 242
0.054358214139938354 0.027063213288784027 0.20100000500679016 237 190 210
0.005479585845023394 0.02657688409090042 0.1940000057220459 254 255 186
0.005935756489634514 0.02657688409090042 0.1940000057220459 255 255 189
0.006358978804200888 0.026439890265464783 0.19300000369548798 254 255 203
0.006777498405426741 0.026302896440029144 0.19200000166893005 255 255 204
0.007191315293312073 0.026165902614593506 0.19099999964237213 254 255 224
0.007640431635081768 0.026165902614593506 0.19099999964237213 255 255 226
0.008047194220125675 0.026028906926512718 0.1899999976158142 254 255 239
0.008449253626167774 0.02589191310107708 0.1889999955892563 254 255 239
0.00884661078453064 0.02575491927564144 0.18799999356269836 254 255 247
0.009288673289120197 0.02575491927564144 0.18799999356269836 254 255 247
0.00967897567898035 0.025617925450205803 0.18700000643730164 254 255 249
0.010118686594069004 0.025617925450205803 0.18700000643730164 254 255 249
0.01050193514674902 0.025480929762125015 0.1860000044107437 254 255 249
0.010939294472336769 0.025480929762125015 0.1860000044107437 254 255 249
0.011376653797924519 0.025480929762125015 0.1860000044107437 254 255 251
0.011814013123512268 0.025480929762125015 0.1860000044107437 254 255 251
0.012251372449100018 0.025480929762125015 0.1860000044107437 254 255 251
0.012688731774687767 0.025480929762125015 0.1860000044107437 254 255 251
0.013126091100275517 0.025480929762125015 0.1860000044107437 254 255 251
0.013490528799593449 0.025343935936689377 0.1850000023841858 254 255 251
0.013925536535680294 0.025343935936689377 0.1850000023841858 254 255 251
0.01436054427176714 0.025343935936689377 0.1850000023841858 254 255 251
0.01471557654440403 0.02520694211125374 0.18400000035762787 254 255 251
0.015148232690989971 0.02520694211125374 0.18400000035762787 254 255 251
0.015580888837575912 0.02520694211125374 0.18400000035762787 254 255 251
0.01592651568353176 0.0250699482858181 0.18299999833106995 254 255 251
0.0163568202406168 0.0250699482858181 0.18299999833106995 254 255 251
0.016787126660346985 0.0250699482858181 0.18299999833106995 254 255 251
0.017217431217432022 0.0250699482858181 0.18299999833106995 254 255 251
0.01764773577451706 0.0250699482858181 0.18299999833106995 254 255 251
0.018078040331602097 0.0250699482858181 0.18299999833106995 254 255 251
0.01840720698237419 0.024932952597737312 0.18199999630451202 254 255 251
0.0188351608812809 0.024932952597737312 0.18199999630451202 254 255 251
0.019263114780187607 0.024932952597737312 0.18199999630451202 254 255 251
0.019691068679094315 0.024932952597737312 0.18199999630451202 254 255 251
0.020119022578001022 0.024932952597737312 0.18199999630451202 254 255 251
0.02054697647690773 0.024932952597737312 0.18199999630451202 254 255 251
0.02085968293249607 0.024795958772301674 0.1809999942779541 254 255 251
0.02128528617322445 0.024795958772301674 0.1809999942779541 254 255 251
0.021710887551307678 0.024795958772301674 0.1809999942779541 254 255 251
0.022136490792036057 0.024795958772301674 0.1809999942779541 254 255 251
0.022562092170119286 0.024795958772301674 0.1809999942779541 252 253 249
0.022987695410847664 0.024795958772301674 0.1809999942779541 254 255 251
0.023413296788930893 0.024795958772301674 0.1809999942779541 254 255 251
0.02383890002965927 0.024795958772301674 0.1809999942779541 254 255 251
0.0242645014077425 0.024795958772301674 0.1809999942779541 254 255 251
0.02469010464847088 0.024795958772301674 0.1809999942779541 254 255 251
0.025115706026554108 0.024795958772301674 0.1809999942779541 254 255 251
0.025541309267282486 0.024795958772301674 0.1809999942779541 254 255 251
0.025966910645365715 0.024795958772301674 0.1809999942779541 254 255 251
0.026392513886094093 0.024795958772301674 0.1809999942779541 254 255 251
0.026818115264177322 0.024795958772301674 0.1809999942779541 254 255 251
0.0272437185049057 0.024795958772301674 0.1809999942779541 254 255 249
0.027822189033031464 0.024932952597737312 0.18199999630451202 254 255 249
0.02825014293193817 0.024932952597737312 0.18199999630451202 253 255 246
0.02867809683084488 0.024932952597737312 0.18199999630451202 254 255 247
0.029106050729751587 0.024932952597737312 0.18199999630451202 254 255 247
0.029696280136704445 0.0250699482858181 0.18299999833106995 254 255 247
0.030126584693789482 0.0250699482858181 0.18299999833106995 254 255 249
0.03038991242647171 0.024932952597737312 0.18199999630451202 254 255 249
0.030817866325378418 0.024932952597737312 0.18199999630451202 254 255 249
0.031245820224285126 0.024932952597737312 0.18199999630451202 254 255 249
0.031673774123191833 0.024932952597737312 0.18199999630451202 254 255 249
0.03210172802209854 0.024932952597737312 0.18199999630451202 254 255 249
0.03252968192100525 0.024932952597737312 0.18199999630451202 254 255 249
0.03277654945850372 0.024795958772301674 0.1809999942779541 254 255 249
0.0332021489739418 0.024795958772301674 0.1809999942779541 254 255 249
0.03362775221467018 0.024795958772301674 0.1809999942779541 254 255 249
0.03405335545539856 0.024795958772301674 0.1809999942779541 254 255 249
0.03447895869612694 0.024795958772301674 0.1809999942779541 254 255 249
0.03490455821156502 0.024795958772301674 0.1809999942779541 254 255 249
0.035330161452293396 0.024795958772301674 0.1809999942779541 254 255 249
0.03595330938696861 0.024932952597737312 0.18199999630451202 254 255 249
0.03638126328587532 0.024932952597737312 0.18199999630451202 254 255 249
0.03680921718478203 0.024932952597737312 0.18199999630451202 254 255 249
0.037237171083688736 0.024932952597737312 0.18199999630451202 254 255 249
0.037665124982595444 0.024932952597737312 0.18199999630451202 254 255 249
0.038302380591630936 0.0250699482858181 0.18299999833106995 254 255 249
0.03873268514871597 0.0250699482858181 0.18299999833106995 254 255 251
0.03937699645757675 0.02520694211125374 0.18400000035762787 240 241 237
0.04002600908279419 0.025343935936689377 0.1850000023841858 238 239 235
0.040679726749658585 0.025480929762125015 0.1860000044107437 245 246 242
0.04111708700656891 0.025480929762125015 0.1860000044107437 254 255 251
0.04177785664796829 0.025617925450205803 0.18700000643730164 254 255 251
0.042217567563056946 0.025617925450205803 0.18700000643730164 254 255 251
0.042885392904281616 0.02575491927564144 0.18799999356269836 254 255 251
0.0433274544775486 0.02575491927564144 0.18799999356269836 254 255 251
0.04400233179330826 0.02589191310107708 0.1889999955892563 254 255 251
0.04444674402475357 0.02589191310107708 0.1889999955892563 254 255 251
0.04489115998148918 0.02589191310107708 0.1889999955892563 247 248 244
0.045335572212934494 0.02589191310107708 0.1889999955892563 234 229 227
0.0460222065448761 0.026028906926512718 0.1899999976158142 249 244 242
0.04671354591846466 0.026165902614593506 0.19099999964237213 255 253 250
0.04716266319155693 0.026165902614593506 0.19099999964237213 254 251 248
0.04811033234000206 0.026439890265464783 0.19300000369548798 253 250 247
0.0488157793879509 0.02657688409090042 0.1940000057220459 255 252 249
0.04952592775225639 0.02671387791633606 0.19499999284744263 237 226 221
0.05024078115820885 0.026850873604416847 0.19599999487400055 225 214 209
0.05096033588051796 0.026987867429852486 0.19699999690055847 244 222 226
0.05168459191918373 0.027124861255288124 0.1979999989271164 255 244 248
0.05241355299949646 0.027261855080723763 0.19900000095367432 255 243 249
0.053147219121456146 0.02739885076880455 0.20000000298023224 253 224 230
0.05361749604344368 0.02739885076880455 0.20000000298023224 255 221 240
0.054358214139938354 0.02753584459424019 0.20100000500679016 249 199 218
0.006358978804200888 0.02689370885491371 0.19300000369548798 255 255 196
0.006777498405426741 0.026754364371299744 0.19200000166893005 255 255 197
0.007191315293312073 0.026615018025040627 0.19099999964237213 255 255 212
0.007640431635081768 0.026615018025040627 0.19099999964237213 255 255 213
0.008047194220125675 0.02647567167878151 0.1899999976158142 254 255 234
0.008449253626167774 0.02633632719516754 0.1889999955892563 255 255 235
0.00884661078453064 0.026196980848908424 0.18799999356269836 254 255 245
0.009288673289120197 0.026196980848908424 0.18799999356269836 254 255 245
0.00967897567898035 0.026057634502649307 0.18700000643730164 254 255 249
0.010118686594069004 0.026057634502649307 0.18700000643730164 254 255 249
0.01050193514674902 0.02591829001903534 0.1860000044107437 254 255 249
0.010939294472336769 0.02591829001903534 0.1860000044107437 254 255 249
0.011376653797924519 0.02591829001903534 0.1860000044107437 254 255 251
0.011814013123512268 0.02591829001903534 0.1860000044107437 254 255 251
0.012251372449100018 0.02591829001903534 0.1860000044107437 254 255 251
0.012620512396097183 0.025778943672776222 0.1850000023841858 254 255 251
0.013055521063506603 0.025778943672776222 0.1850000023841858 254 255 251
0.013490528799593449 0.025778943672776222 0.1850000023841858 254 255 251
0.013925536535680294 0.025778943672776222 0.1850000023841858 254 255 251
0.01436054427176714 0.025778943672776222 0.1850000023841858 254 255 251
0.01471557654440403 0.025639599189162254 0.18400000035762787 254 255 251
0.015148232690989971 0.025639599189162254 0.18400000035762787 254 255 251
0.015580888837575912 0.025639599189162254 0.18400000035762787 254 255 251
0.01592651568353176 0.025500252842903137 0.18299999833106995 254 255 251
0.0163568202406168 0.025500252842903137 0.18299999833106995 254 255 251
0.016787126660346985 0.025500252842903137 0.18299999833106995 254 255 251
0.017217431217432022 0.025500252842903137 0.18299999833106995 254 255 251
0.01764773577451706 0.025500252842903137 0.18299999833106995 254 255 251
0.018078040331602097 0.025500252842903137 0.18299999833106995 254 255 251
0.01840720698237419 0.02536090649664402 0.18199999630451202 254 255 251
0.0188351608812809 0.02536090649664402 0.18199999630451202 254 255 251
0.019263114780187607 0.02536090649664402 0.18199999630451202 254 255 251
0.019691068679094315 0.02536090649664402 0.18199999630451202 254 255 251
0.020119022578001022 0.02536090649664402 0.18199999630451202 254 255 251
0.02054697647690773 0.02536090649664402 0.18199999630451202 254 255 251
0.02085968293249607 0.025221562013030052 0.1809999942779541 254 255 251
0.02128528617322445 0.025221562013030052 0.1809999942779541 254 255 251
0.021710887551307678 0.025221562013030052 0.1809999942779541 254 255 251
0.022136490792036057 0.025221562013030052 0.1809999942779541 254 255 249
0.022562092170119286 0.025221562013030052 0.1809999942779541 249 250 244
0.022987695410847664 0.025221562013030052 0.1809999942779541 252 254 245
0.023413296788930893 0.025221562013030052 0.1809999942779541 254 255 247
0.02383890002965927 0.025221562013030052 0.1809999942779541 254 255 249
0.0242645014077425 0.025221562013030052 0.1809999942779541 254 255 249
0.02469010464847088 0.025221562013030052 0.1809999942779541 254 255 249
0.025115706026554108 0.025221562013030052 0.1809999942779541 254 255 249
0.025541309267282486 0.025221562013030052 0.1809999942779541 254 255 249
0.025966910645365715 0.025221562013030052 0.1809999942779541 254 255 249
0.026392513886094093 0.025221562013030052 0.1809999942779541 254 255 249
0.026818115264177322 0.025221562013030052 0.1809999942779541 254 255 249
0.0272437185049057 0.025221562013030052 0.1809999942779541 254 255 247
0.02766931988298893 0.025221562013030052 0.1809999942779541 252 254 245
0.02825014293193817 0.02536090649664402 0.18199999630451202 241 242 233
0.02867809683084488 0.02536090649664402 0.18199999630451202 252 253 244
0.029106050729751587 0.02536090649664402 0.18199999630451202 254 255 247
0.029696280136704445 0.025500252842903137 0.18299999833106995 254 255 247
0.030126584693789482 0.025500252842903137 0.18299999833106995 254 255 247
0.03038991242647171 0.02536090649664402 0.18199999630451202 254 255 247
0.030817866325378418 0.02536090649664402 0.18199999630451202 254 255 249
0.031245820224285126 0.02536090649664402 0.18199999630451202 254 255 249
0.031673774123191833 0.02536090649664402 0.18199999630451202 254 255 249
0.03210172802209854 0.02536090649664402 0.18199999630451202 254 255 249
0.03252968192100525 0.02536090649664402 0.18199999630451202 254 255 249
0.03277654945850372 0.025221562013030052 0.1809999942779541 254 255 249
0.0332021489739418 0.025221562013030052 0.1809999942779541 254 255 249
0.03362775221467018 0.025221562013030052 0.1809999942779541 254 255 249
0.03405335545539856 0.025221562013030052 0.1809999942779541 254 255 249
0.03447895869612694 0.025221562013030052 0.1809999942779541 254 255 249
0.03490455821156502 0.025221562013030052 0.1809999942779541 254 255 249
0.035330161452293396 0.025221562013030052 0.1809999942779541 254 255 249
0.03595330938696861 0.02536090649664402 0.18199999630451202 254 255 249
0.03638126328587532 0.02536090649664402 0.18199999630451202 254 255 249
0.03680921718478203 0.02536090649664402 0.18199999630451202 254 255 249
0.037237171083688736 0.02536090649664402 0.18199999630451202 254 255 249
0.0378720760345459 0.025500252842903137 0.18299999833106995 254 255 249
0.038302380591630936 0.025500252842903137 0.18299999833106995 254 255 249
0.03873268514871597 0.025500252842903137 0.18299999833106995 255 255 251
0.03937699645757675 0.025639599189162254 0.18400000035762787 245 245 241
0.04002600908279419 0.025778943672776222 0.1850000023841858 239 240 236
0.040679726749658585 0.02591829001903534 0.1860000044107437 252 253 249
0.04111708700656891 0.02591829001903534 0.1860000044107437 254 255 251
0.04177785664796829 0.026057634502649307 0.18700000643730164 254 255 251
0.042217567563056946 0.026057634502649307 0.18700000643730164 254 255 251
0.042885392904281616 0.026196980848908424 0.18799999356269836 254 255 251
0.0433274544775486 0.026196980848908424 0.18799999356269836 254 255 251
0.04376951605081558 0.026196980848908424 0.18799999356269836 254 255 251
0.044211577624082565 0.026196980848908424 0.18799999356269836 254 255 251
0.04489115998148918 0.02633632719516754 0.1889999955892563 254 255 251
0.045335572212934494 0.02633632719516754 0.1889999955892563 233 228 226
0.0460222065448761 0.02647567167878151 0.1899999976158142 246 241 239
0.04646897315979004 0.02647567167878151 0.1899999976158142 255 252 251
0.04716266319155693 0.026615018025040627 0.19099999964237213 255 252 251
0.04786105453968048 0.026754364371299744 0.19200000166893005 254 249 247
0.04856415092945099 0.02689370885491371 0.19300000369548798 255 251 249
0.049271948635578156 0.02703305520117283 0.1940000057220459 255 247 242
0.04998445138335228 0.027172399684786797 0.19499999284744263 211 200 195
0.05096033588051796 0.02745109237730503 0.19699999690055847 239 208 210
0.05168459191918373 0.027590436860919 0.1979999989271164 247 216 218
0.052150171250104904 0.027590436860919 0.1979999989271164 255 235 249
0.05288148298859596 0.027729783207178116 0.19900000095367432 255 221 235
0.05361749604344368 0.027869129553437233 0.20000000298023224 255 213 231
0.05408777669072151 0.027869129553437233 0.20000000298023224 254 200 218
0.006358978804200888 0.02734752744436264 0.19300000369548798 255 255 190
0.006777498405426741 0.027205830439925194 0.19200000166893005 255 255 190
0.007191315293312073 0.027064133435487747 0.19099999964237213 250 248 196
0.007600429002195597 0.0269224364310503 0.1899999976158142 247 245 193
0.008047194220125675 0.0269224364310503 0.1899999976158142 246 247 220
0.008449253626167774 0.026780739426612854 0.1889999955892563 255 255 231
0.00884661078453064 0.026639042422175407 0.18799999356269836 254 255 243
0.009288673289120197 0.026639042422175407 0.18799999356269836 254 255 243
0.00967897567898035 0.02649734541773796 0.18700000643730164 254 255 249
0.010118686594069004 0.02649734541773796 0.18700000643730164 254 255 249
0.01050193514674902 0.026355648413300514 0.1860000044107437 254 255 249
0.010939294472336769 0.026355648413300514 0.1860000044107437 254 255 249
0.011376653797924519 0.026355648413300514 0.1860000044107437 254 255 251
0.011814013123512268 0.026355648413300514 0.1860000044107437 254 255 251
0.012251372449100018 0.026355648413300514 0.1860000044107437 254 255 251
0.012620512396097183 0.026213951408863068 0.1850000023841858 254 255 251
0.013055521063506603 0.026213951408863068 0.1850000023841858 254 255 251
0.013490528799593449 0.026213951408863068 0.1850000023841858 254 255 251
0.013925536535680294 0.026213951408863068 0.1850000023841858 254 255 251
0.01436054427176714 0.026213951408863068 0.1850000023841858 254 255 251
0.01471557654440403 0.02607225440442562 0.18400000035762787 254 255 251
0.015148232690989971 0.02607225440442562 0.18400000035762787 254 255 251
0.01549621019512415 0.025930557399988174 0.18299999833106995 254 255 251
0.01592651568353176 0.025930557399988174 0.18299999833106995 254 255 251
0.0163568202406168 0.025930557399988174 0.18299999833106995 254 255 251
0.016787126660346985 0.025930557399988174 0.18299999833106995 254 255 251
0.017217431217432022 0.025930557399988174 0.18299999833106995 254 255 249
0.01764773577451706 0.025930557399988174 0.18299999833106995 252 253 247
0.018078040331602097 0.025930557399988174 0.18299999833106995 252 253 247
0.018508346751332283 0.025930557399988174 0.18299999833106995 254 255 249
0.0188351608812809 0.025788860395550728 0.18199999630451202 252 255 249
0.019263114780187607 0.025788860395550728 0.18199999630451202 252 255 249
0.019691068679094315 0.025788860395550728 0.18199999630451202 252 255 249
0.020119022578001022 0.025788860395550728 0.18199999630451202 252 255 249
0.02054697647690773 0.025788860395550728 0.18199999630451202 252 255 249
0.020974930375814438 0.025788860395550728 0.18199999630451202 252 255 249
0.02128528617322445 0.02564716339111328 0.1809999942779541 252 255 249
0.021710887551307678 0.02564716339111328 0.1809999942779541 252 255 249
0.022136490792036057 0.02564716339111328 0.1809999942779541 254 255 243
0.022562092170119286 0.02564716339111328 0.1809999942779541 233 235 222
0.022987695410847664 0.02564716339111328 0.1809999942779541 247 249 231
0.023413296788930893 0.02564716339111328 0.1809999942779541 253 255 237
0.02383890002965927 0.02564716339111328 0.1809999942779541 254 255 245
0.0242645014077425 0.02564716339111328 0.1809999942779541 254 255 245
0.02469010464847088 0.02564716339111328 0.1809999942779541 254 255 249
0.025115706026554108 0.02564716339111328 0.1809999942779541 254 255 249
0.025541309267282486 0.02564716339111328 0.1809999942779541 254 255 249
0.025966910645365715 0.02564716339111328 0.1809999942779541 254 255 249
0.026392513886094093 0.02564716339111328 0.1809999942779541 254 255 247
0.026818115264177322 0.02564716339111328 0.1809999942779541 254 255 247
0.0272437185049057 0.02564716339111328 0.1809999942779541 254 255 246
0.02766931988298893 0.02564716339111328 0.1809999942779541 253 254 245
0.028094923123717308 0.02564716339111328 0.1809999942779541 225 222 208
0.02867809683084488 0.025788860395550728 0.18199999630451202 242 239 225
0.029106050729751587 0.025788860395550728 0.18199999630451202 254 255 243
0.029534004628658295 0.025788860395550728 0.18199999630451202 254 255 243
0.029961958527565002 0.025788860395550728 0.18199999630451202 254 255 245
0.03038991242647171 0.025788860395550728 0.18199999630451202 254 255 245
0.030817866325378418 0.025788860395550728 0.18199999630451202 254 255 249
0.031245820224285126 0.025788860395550728 0.18199999630451202 254 255 249
0.031673774123191833 0.025788860395550728 0.18199999630451202 254 255 249
0.03210172802209854 0.025788860395550728 0.18199999630451202 254 255 249
0.03252968192100525 0.025788860395550728 0.18199999630451202 254 255 249
0.03277654945850372 0.02564716339111328 0.1809999942779541 254 255 249
0.0332021489739418 0.02564716339111328 0.1809999942779541 249 251 238
0.03362775221467018 0.02564716339111328 0.1809999942779541 238 240 227
0.03405335545539856 0.02564716339111328 0.1809999942779541 255 253 241
0.03466944769024849 0.025788860395550728 0.18199999630451202 255 255 243
0.0350974015891552 0.025788860395550728 0.18199999630451202 254 255 245
0.035525355488061905 0.025788860395550728 0.18199999630451202 254 255 245
0.03595330938696861 0.025788860395550728 0.18199999630451202 254 255 249
0.03638126328587532 0.025788860395550728 0.18199999630451202 254 255 249
0.03680921718478203 0.025788860395550728 0.18199999630451202 254 255 249
0.037237171083688736 0.025788860395550728 0.18199999630451202 254 255 249
0.0378720760345459 0.025930557399988174 0.18299999833106995 254 255 251
0.038302380591630936 0.025930557399988174 0.18299999833106995 254 255 251
0.038944341242313385 0.02607225440442562 0.18400000035762787 253 253 249
0.03937699645757675 0.02607225440442562 0.18400000035762787 243 243 239
0.04002600908279419 0.026213951408863068 0.1850000023841858 248 248 244
0.040679726749658585 0.026355648413300514 0.1860000044107437 254 254 250
0.04111708700656891 0.026355648413300514 0.1860000044107437 254 255 249
0.04177785664796829 0.02649734541773796 0.18700000643730164 254 255 249
0.042217567563056946 0.02649734541773796 0.18700000643730164 254 255 249
0.042885392904281616 0.026639042422175407 0.18799999356269836 254 255 249
0.0433274544775486 0.026639042422175407 0.18799999356269836 254 255 251
0.04376951605081558 0.026639042422175407 0.18799999356269836 254 255 251
0.044211577624082565 0.026639042422175407 0.18799999356269836 254 255 251
0.04489115998148918 0.026780739426612854 0.1889999955892563 252 253 249
0.045335572212934494 0.026780739426612854 0.1889999955892563 235 225 223
0.0460222065448761 0.0269224364310503 0.1899999976158142 245 235 233
0.04646897315979004 0.0269224364310503 0.1899999976158142 255 241 243
0.04716266319155693 0.027064133435487747 0.19099999964237213 255 248 250
0.04786105453968048 0.027205830439925194 0.19200000166893005 255 249 249
0.04856415092945099 0.02734752744436264 0.19300000369548798 255 249 249
0.049271948635578156 0.027489224448800087 0.1940000057220459 255 244 242
0.04998445138335228 0.027630923315882683 0.19499999284744263 217 198 196
0.05070165544748306 0.02777262032032013 0.19599999487400055 238 195 199
0.051423560827970505 0.027914317324757576 0.19699999690055847 254 211 215
0.052150171250104904 0.028056014329195023 0.1979999989271164 254 202 211
0.05288148298859596 0.02819771133363247 0.19900000095367432 252 200 209
0.05361749604344368 0.028339408338069916 0.20000000298023224 255 205 220
0.05408777669072151 0.028339408338069916 0.20000000298023224 255 204 219
0.008047194220125675 0.027369201183319092 0.1899999976158142 235 230 197
0.008449253626167774 0.027225153520703316 0.1889999955892563 255 254 221
0.00884661078453064 0.02708110585808754 0.18799999356269836 254 255 241
0.009288673289120197 0.02708110585808754 0.18799999356269836 254 255 241
0.00967897567898035 0.026937056332826614 0.18700000643730164 254 255 247
0.010118686594069004 0.026937056332826614 0.18700000643730164 254 255 247
0.010558397509157658 0.026937056332826614 0.18700000643730164 254 255 249
0.010939294472336769 0.02679300867021084 0.1860000044107437 254 255 249
0.011376653797924519 0.02679300867021084 0.1860000044107437 254 255 249
0.011814013123512268 0.02679300867021084 0.1860000044107437 254 255 249
0.012251372449100018 0.02679300867021084 0.1860000044107437 254 255 247
0.012688731774687767 0.02679300867021084 0.1860000044107437 254 255 247
0.013055521063506603 0.026648959144949913 0.1850000023841858 254 255 245
0.013490528799593449 0.026648959144949913 0.1850000023841858 254 255 245
0.013925536535680294 0.026648959144949913 0.1850000023841858 254 255 247
0.01436054427176714 0.026648959144949913 0.1850000023841858 254 255 247
0.01471557654440403 0.026504911482334137 0.18400000035762787 254 255 249
0.015148232690989971 0.026504911482334137 0.18400000035762787 254 255 249
0.01549621019512415 0.02636086381971836 0.18299999833106995 254 255 249
0.01592651568353176 0.02636086381971836 0.18299999833106995 254 255 249
0.0163568202406168 0.02636086381971836 0.18299999833106995 254 255 249
0.016787126660346985 0.02636086381971836 0.18299999833106995 254 255 249
0.017217431217432022 0.02636086381971836 0.18299999833106995 255 253 241
0.01764773577451706 0.02636086381971836 0.18299999833106995 221 219 207
0.018078040331602097 0.02636086381971836 0.18299999833106995 251 253 244
0.01840720698237419 0.026216814294457436 0.18199999630451202 254 255 247
0.0188351608812809 0.026216814294457436 0.18199999630451202 254 255 249
0.019263114780187607 0.026216814294457436 0.18199999630451202 254 255 249
0.019691068679094315 0.026216814294457436 0.18199999630451202 254 255 249
0.020119022578001022 0.026216814294457436 0.18199999630451202 254 255 249
0.020434081554412842 0.02607276663184166 0.1809999942779541 254 255 249
0.02085968293249607 0.02607276663184166 0.1809999942779541 254 255 249
0.02128528617322445 0.02607276663184166 0.1809999942779541 254 255 247
0.021710887551307678 0.02607276663184166 0.1809999942779541 254 255 247
0.022136490792036057 0.02607276663184166 0.1809999942779541 255 255 236
0.022562092170119286 0.02607276663184166 0.1809999942779541 208 206 187
0.022987695410847664 0.02607276663184166 0.1809999942779541 202 193 172
0.023413296788930893 0.02607276663184166 0.1809999942779541 255 250 229
0.02383890002965927 0.02607276663184166 0.1809999942779541 254 255 239
0.0242645014077425 0.02607276663184166 0.1809999942779541 254 255 239
0.02469010464847088 0.02607276663184166 0.1809999942779541 254 255 247
0.025115706026554108 0.02607276663184166 0.1809999942779541 254 255 247
0.025541309267282486 0.02607276663184166 0.1809999942779541 254 255 249
0.025966910645365715 0.02607276663184166 0.1809999942779541 254 255 249
0.026392513886094093 0.02607276663184166 0.1809999942779541 254 255 245
0.026818115264177322 0.02607276663184166 0.1809999942779541 254 255 245
0.0272437185049057 0.02607276663184166 0.1809999942779541 254 251 235
0.02766931988298893 0.02607276663184166 0.1809999942779541 236 233 217
0.028094923123717308 0.02607276663184166 0.1809999942779541 224 212 192
0.02867809683084488 0.026216814294457436 0.18199999630451202 242 230 210
0.029106050729751587 0.026216814294457436 0.18199999630451202 255 255 232
0.029534004628658295 0.026216814294457436 0.18199999630451202 255 255 233
0.029961958527565002 0.026216814294457436 0.18199999630451202 254 255 241
0.03038991242647171 0.026216814294457436 0.18199999630451202 254 255 241
0.030817866325378418 0.026216814294457436 0.18199999630451202 254 255 245
0.031245820224285126 0.026216814294457436 0.18199999630451202 254 255 245
0.031673774123191833 0.026216814294457436 0.18199999630451202 254 255 247
0.03210172802209854 0.026216814294457436 0.18199999630451202 254 255 247
0.03252968192100525 0.026216814294457436 0.18199999630451202 254 255 245
0.03295763581991196 0.026216814294457436 0.18199999630451202 254 255 245
0.033385589718818665 0.026216814294457436 0.18199999630451202 237 232 212
0.033813539892435074 0.026216814294457436 0.18199999630451202 229 224 204
0.03424149379134178 0.026216814294457436 0.18199999630451202 237 230 209
0.03466944769024849 0.026216814294457436 0.18199999630451202 255 254 233
0.0350974015891552 0.026216814294457436 0.18199999630451202 255 255 243
0.035525355488061905 0.026216814294457436 0.18199999630451202 255 255 243
0.03595330938696861 0.026216814294457436 0.18199999630451202 254 255 247
0.03638126328587532 0.026216814294457436 0.18199999630451202 254 255 247
0.03680921718478203 0.026216814294457436 0.18199999630451202 254 255 249
0.03744177147746086 0.02636086381971836 0.18299999833106995 254 255 249
0.0378720760345459 0.02636086381971836 0.18299999833106995 254 255 251
0.038302380591630936 0.02636086381971836 0.18299999833106995 254 255 251
0.038944341242313385 0.026504911482334137 0.18400000035762787 253 253 249
0.03937699645757675 0.026504911482334137 0.18400000035762787 238 238 234
0.04002600908279419 0.026648959144949913 0.1850000023841858 239 234 230
0.040679726749658585 0.02679300867021084 0.1860000044107437 255 252 248
0.04111708700656891 0.02679300867021084 0.1860000044107437 255 254 249
0.04177785664796829 0.026937056332826614 0.18700000643730164 255 254 249
0.042217567563056946 0.026937056332826614 0.18700000643730164 254 255 249
0.0426572784781456 0.026937056332826614 0.18700000643730164 254 255 249
0.0433274544775486 0.02708110585808754 0.18799999356269836 254 255 249
0.04376951605081558 0.02708110585808754 0.18799999356269836 254 255 249
0.044211577624082565 0.02708110585808754 0.18799999356269836 255 254 249
0.04465363919734955 0.02708110585808754 0.18799999356269836 250 247 242
0.045335572212934494 0.027225153520703316 0.1889999955892563 232 215 215
0.045779984444379807 0.027225153520703316 0.1889999955892563 235 218 218
0.04646897315979004 0.027369201183319092 0.1899999976158142 255 230 235
0.04716266319155693 0.027513250708580017 0.19099999964237213 255 229 234
0.0476117804646492 0.027513250708580017 0.19099999964237213 248 225 233
0.04856415092945099 0.02780134789645672 0.19300000369548798 255 234 242
0.049271948635578156 0.027945395559072495 0.1940000057220459 255 241 239
0.04998445138335228 0.02808944508433342 0.19499999284744263 236 205 203
0.05070165544748306 0.028233492746949196 0.19599999487400055 235 181 182
0.051423560827970505 0.028377540409564972 0.19699999690055847 253 199 200
0.052150171250104904 0.028521589934825897 0.1979999989271164 255 194 199
0.05288148298859596 0.028665637597441673 0.19900000095367432 255 191 196
0.05334940925240517 0.028665637597441673 0.19900000095367432 255 189 194
0.05408777669072151 0.0288096871227026 0.20000000298023224 255 193 198
0.008047194220125675 0.027815967798233032 0.1899999976158142 201 179 140
0.008449253626167774 0.027669567614793777 0.1889999955892563 255 237 198
0.008893667720258236 0.027669567614793777 0.1889999955892563 255 255 237
0.009288673289120197 0.027523167431354523 0.18799999356269836 255 255 237
0.00967897567898035 0.027376767247915268 0.18700000643730164 254 255 243
0.010118686594069004 0.027376767247915268 0.18700000643730164 254 255 243
0.010558397509157658 0.027376767247915268 0.18700000643730164 254 255 245
0.010939294472336769 0.027230367064476013 0.1860000044107437 254 255 245
0.011376653797924519 0.027230367064476013 0.1860000044107437 255 255 243
0.011814013123512268 0.027230367064476013 0.1860000044107437 255 255 243
0.012251372449100018 0.027230367064476013 0.1860000044107437 255 253 233
0.012688731774687767 0.027230367064476013 0.1860000044107437 246 241 221
0.013055521063506603 0.027083968743681908 0.1850000023841858 233 231 210
0.013490528799593449 0.027083968743681908 0.1850000023841858 255 255 235
0.013925536535680294 0.027083968743681908 0.1850000023841858 254 255 243
0.014282919466495514 0.026937568560242653 0.18400000035762787 254 255 243
0.01471557654440403 0.026937568560242653 0.18400000035762787 250 255 245
0.015148232690989971 0.026937568560242653 0.18400000035762787 250 255 245
0.01549621019512415 0.026791168376803398 0.18299999833106995 250 255 247
0.01592651568353176 0.026791168376803398 0.18299999833106995 250 255 247
0.0163568202406168 0.026791168376803398 0.18299999833106995 254 255 241
0.016787126660346985 0.026791168376803398 0.18299999833106995 254 255 241
0.017217431217432022 0.026791168376803398 0.18299999833106995 255 246 223
0.01764773577451706 0.026791168376803398 0.18299999833106995 200 189 166
0.017979254946112633 0.026644768193364143 0.18199999630451202 252 246 231
0.01840720698237419 0.026644768193364143 0.18199999630451202 255 254 239
0.0188351608812809 0.026644768193364143 0.18199999630451202 254 255 243
0.019263114780187607 0.026644768193364143 0.18199999630451202 254 255 243
0.019582876935601234 0.02649836800992489 0.1809999942779541 250 255 247
0.020008478313684464 0.02649836800992489 0.1809999942779541 250 255 247
0.020434081554412842 0.02649836800992489 0.1809999942779541 252 255 247
0.02085968293249607 0.02649836800992489 0.1809999942779541 252 255 247
0.02128528617322445 0.02649836800992489 0.1809999942779541 254 255 239
0.021710887551307678 0.02649836800992489 0.1809999942779541 254 255 239
0.022136490792036057 0.02649836800992489 0.1809999942779541 255 251 226
0.022562092170119286 0.02649836800992489 0.1809999942779541 200 189 164
0.022987695410847664 0.02649836800992489 0.1809999942779541 194 170 145
0.023413296788930893 0.02649836800992489 0.1809999942779541 255 250 225
0.02383890002965927 0.02649836800992489 0.1809999942779541 255 255 234
0.0242645014077425 0.02649836800992489 0.1809999942779541 255 255 235
0.02469010464847088 0.02649836800992489 0.1809999942779541 254 255 241
0.025115706026554108 0.02649836800992489 0.1809999942779541 253 255 240
0.025541309267282486 0.02649836800992489 0.1809999942779541 253 255 240
0.025966910645365715 0.02649836800992489 0.1809999942779541 254 255 241
0.026392513886094093 0.02649836800992489 0.1809999942779541 254 255 234
0.026818115264177322 0.02649836800992489 0.1809999942779541 252 255 232
0.0272437185049057 0.02649836800992489 0.1809999942779541 255 253 230
0.02766931988298893 0.02649836800992489 0.1809999942779541 242 231 208
0.028094923123717308 0.02649836800992489 0.1809999942779541 224 197 171
0.028520524501800537 0.02649836800992489 0.1809999942779541 217 190 164
0.029106050729751587 0.026644768193364143 0.18199999630451202 255 252 218
0.029534004628658295 0.026644768193364143 0.18199999630451202 255 255 221
0.029961958527565002 0.026644768193364143 0.18199999630451202 255 255 229
0.03038991242647171 0.026644768193364143 0.18199999630451202 255 255 229
0.030817866325378418 0.026644768193364143 0.18199999630451202 254 255 237
0.031245820224285126 0.026644768193364143 0.18199999630451202 254 255 237
0.031673774123191833 0.026644768193364143 0.18199999630451202 254 255 237
0.03210172802209854 0.026644768193364143 0.18199999630451202 254 255 237
0.03252968192100525 0.026644768193364143 0.18199999630451202 255 255 236
0.03295763581991196 0.026644768193364143 0.18199999630451202 254 254 234
0.033385589718818665 0.026644768193364143 0.18199999630451202 214 196 174
0.033813539892435074 0.026644768193364143 0.18199999630451202 216 198 176
0.03424149379134178 0.026644768193364143 0.18199999630451202 243 224 195
0.03466944769024849 0.026644768193364143 0.18199999630451202 255 252 223
0.0350974015891552 0.026644768193364143 0.18199999630451202 255 255 233
0.035525355488061905 0.026644768193364143 0.18199999630451202 255 255 233
0.03595330938696861 0.026644768193364143 0.18199999630451202 255 255 243
0.03638126328587532 0.026644768193364143 0.18199999630451202 255 255 243
0.037011466920375824 0.026791168376803398 0.18299999833106995 254 255 245
0.03744177147746086 0.026791168376803398 0.18299999833106995 254 255 245
0.0378720760345459 0.026791168376803398 0.18299999833106995 255 255 245
0.038302380591630936 0.026791168376803398 0.18299999833106995 255 255 245
0.038944341242313385 0.026937568560242653 0.18400000035762787 255 253 245
0.03959100320935249 0.027083968743681908 0.1850000023841858 243 236 228
0.04002600908279419 0.027083968743681908 0.1850000023841858 240 226 220
0.040679726749658585 0.027230367064476013 0.1860000044107437 255 247 241
0.04111708700656891 0.027230367064476013 0.1860000044107437 255 251 244
0.04177785664796829 0.027376767247915268 0.18700000643730164 255 250 243
0.042217567563056946 0.027376767247915268 0.18700000643730164 255 255 247
0.0426572784781456 0.027376767247915268 0.18700000643730164 255 255 247
0.0433274544775486 0.027523167431354523 0.18799999356269836 255 255 247
0.04376951605081558 0.027523167431354523 0.18799999356269836 255 255 247
0.044211577624082565 0.027523167431354523 0.18799999356269836 255 250 249
0.04465363919734955 0.027523167431354523 0.18799999356269836 255 243 242
0.045335572212934494 0.027669567614793777 0.1889999955892563 234 201 204
0.045779984444379807 0.027669567614793777 0.1889999955892563 226 193 196
0.04646897315979004 0.027815967798233032 0.1899999976158142 255 216 227
0.04691573604941368 0.027815967798233032 0.1899999976158142 255 226 237
0.0476117804646492 0.027962366119027138 0.19099999964237213 255 226 232
0.04831252247095108 0.028108766302466393 0.19200000166893005 255 226 232
0.049271948635578156 0.028401566669344902 0.1940000057220459 255 225 227
0.04998445138335228 0.028547966852784157 0.19499999284744263 255 203 205
0.008449253626167774 0.02811397984623909 0.1889999955892563 255 239 199
0.008893667720258236 0.02811397984623909 0.1889999955892563 255 251 223
0.009288673289120197 0.027965229004621506 0.18799999356269836 255 250 222
0.00973073486238718 0.027965229004621506 0.18799999356269836 255 252 230
0.010118686594069004 0.02781647816300392 0.18700000643730164 255 252 230
0.010558397509157658 0.02781647816300392 0.18700000643730164 255 252 233
0.010939294472336769 0.027667727321386337 0.1860000044107437 255 252 233
0.011376653797924519 0.027667727321386337 0.1860000044107437 255 252 225
0.011814013123512268 0.027667727321386337 0.1860000044107437 255 252 225
0.012251372449100018 0.027667727321386337 0.1860000044107437 255 229 194
0.012688731774687767 0.027667727321386337 0.1860000044107437 244 217 182
0.013055521063506603 0.027518976479768753 0.1850000023841858 250 228 191
0.013490528799593449 0.027518976479768753 0.1850000023841858 255 249 212
0.013925536535680294 0.027518976479768753 0.1850000023841858 255 253 225
0.014282919466495514 0.02737022377550602 0.18400000035762787 255 253 225
0.01471557654440403 0.02737022377550602 0.18400000035762787 255 255 233
0.015148232690989971 0.02737022377550602 0.18400000035762787 255 255 233
0.01549621019512415 0.027221472933888435 0.18299999833106995 255 255 235
0.01592651568353176 0.027221472933888435 0.18299999833106995 255 255 235
0.0163568202406168 0.027221472933888435 0.18299999833106995 255 253 225
0.016787126660346985 0.027221472933888435 0.18299999833106995 255 253 225
0.017217431217432022 0.027221472933888435 0.18299999833106995 252 215 185
0.017551301047205925 0.02707272209227085 0.18199999630451202 199 162 132
0.017979254946112633 0.02707272209227085 0.18199999630451202 219 186 159
0.01840720698237419 0.02707272209227085 0.18199999630451202 255 240 213
0.0188351608812809 0.02707272209227085 0.18199999630451202 255 253 229
0.019263114780187607 0.02707272209227085 0.18199999630451202 255 253 229
0.019582876935601234 0.026923971250653267 0.1809999942779541 255 255 233
0.020008478313684464 0.026923971250653267 0.1809999942779541 255 255 233
0.020434081554412842 0.026923971250653267 0.1809999942779541 255 255 231
0.02085968293249607 0.026923971250653267 0.1809999942779541 255 255 231
0.02128528617322445 0.026923971250653267 0.1809999942779541 255 254 223
0.021710887551307678 0.026923971250653267 0.1809999942779541 255 254 223
0.022136490792036057 0.026923971250653267 0.1809999942779541 255 243 212
0.023413296788930893 0.026923971250653267 0.1809999942779541 255 241 209
0.02383890002965927 0.026923971250653267 0.1809999942779541 255 251 220
0.0242645014077425 0.026923971250653267 0.1809999942779541 255 252 221
0.02469010464847088 0.026923971250653267 0.1809999942779541 255 255 225
0.025115706026554108 0.026923971250653267 0.1809999942779541 255 255 225
0.025541309267282486 0.026923971250653267 0.1809999942779541 255 255 227
0.025966910645365715 0.026923971250653267 0.1809999942779541 255 255 227
0.026392513886094093 0.026923971250653267 0.1809999942779541 255 252 219
0.026818115264177322 0.026923971250653267 0.1809999942779541 255 251 218
0.0272437185049057 0.026923971250653267 0.1809999942779541 255 242 215
0.02766931988298893 0.026923971250653267 0.1809999942779541 244 206 179
0.029106050729751587 0.02707272209227085 0.18199999630451202 255 235 198
0.029534004628658295 0.02707272209227085 0.18199999630451202 255 246 209
0.029961958527565002 0.02707272209227085 0.18199999630451202 255 254 213
0.03038991242647171 0.02707272209227085 0.18199999630451202 255 254 213
0.030817866325378418 0.02707272209227085 0.18199999630451202 255 255 221
0.031245820224285126 0.02707272209227085 0.18199999630451202 255 255 221
0.031673774123191833 0.02707272209227085 0.18199999630451202 255 254 223
0.03210172802209854 0.02707272209227085 0.18199999630451202 255 254 223
0.03252968192100525 0.02707272209227085 0.18199999630451202 255 249 225
0.03295763581991196 0.02707272209227085 0.18199999630451202 255 246 222
0.03466944769024849 0.02707272209227085 0.18199999630451202 255 239 209
0.0350974015891552 0.02707272209227085 0.18199999630451202 255 248 221
0.035525355488061905 0.02707272209227085 0.18199999630451202 255 248 221
0.03595330938696861 0.02707272209227085 0.18199999630451202 255 251 231
0.03638126328587532 0.02707272209227085 0.18199999630451202 255 250 230
0.037011466920375824 0.027221472933888435 0.18299999833106995 255 249 234
0.03744177147746086 0.027221472933888435 0.18299999833106995 255 250 235
0.0378720760345459 0.027221472933888435 0.18299999833106995 255 250 237
0.038302380591630936 0.027221472933888435 0.18299999833106995 255 250 237
0.038944341242313385 0.02737022377550602 0.18400000035762787 255 243 239
0.03959100320935249 0.027518976479768753 0.1850000023841858 255 229 225
0.04002600908279419 0.027518976479768753 0.1850000023841858 255 212 211
0.040679726749658585 0.027667727321386337 0.1860000044107437 255 224 223
0.04111708700656891 0.027667727321386337 0.1860000044107437 255 237 233
0.04177785664796829 0.02781647816300392 0.18700000643730164 255 240 236
0.042217567563056946 0.02781647816300392 0.18700000643730164 255 244 239
0.0426572784781456 0.02781647816300392 0.18700000643730164 255 244 239
0.04309698939323425 0.02781647816300392 0.18700000643730164 255 244 241
0.043536700308322906 0.02781647816300392 0.18700000643730164 255 244 241
0.044211577624082565 0.027965229004621506 0.18799999356269836 255 237 244
0.04465363919734955 0.027965229004621506 0.18799999356269836 255 231 238
0.045335572212934494 0.02811397984623909 0.1889999955892563 255 200 213
0.04691573604941368 0.028262732550501823 0.1899999976158142 255 206 217
0.0476117804646492 0.028411483392119408 0.19099999964237213 255 210 224
0.04831252247095108 0.028560234233736992 0.19200000166893005 255 203 217
0.04901796951889992 0.028708985075354576 0.19300000369548798 255 192 204
0.009288673289120197 0.02840729057788849 0.18799999356269836 255 216 187
0.00973073486238718 0.02840729057788849 0.18799999356269836 246 207 178
0.010118686594069004 0.028256189078092575 0.18700000643730164 247 208 179
0.010558397509157658 0.028256189078092575 0.18700000643730164 255 235 200
0.010998107492923737 0.028256189078092575 0.18700000643730164 255 228 193
0.013925536535680294 0.0279539842158556 0.1850000023841858 255 237 195
0.014282919466495514 0.027802880853414536 0.18400000035762787 255 238 196
0.01471557654440403 0.027802880853414536 0.18400000035762787 255 240 201
0.015148232690989971 0.027802880853414536 0.18400000035762787 255 240 201
0.01549621019512415 0.027651777490973473 0.18299999833106995 255 239 207
0.01592651568353176 0.027651777490973473 0.18299999833106995 255 239 207
0.0163568202406168 0.027651777490973473 0.18299999833106995 255 234 203
0.016787126660346985 0.027651777490973473 0.18299999833106995 255 220 189
0.01840720698237419 0.02750067599117756 0.18199999630451202 255 227 195
0.0188351608812809 0.02750067599117756 0.18199999630451202 255 240 195
0.019157273694872856 0.027349572628736496 0.1809999942779541 255 241 196
0.019582876935601234 0.027349572628736496 0.1809999942779541 255 240 197
0.020008478313684464 0.027349572628736496 0.1809999942779541 255 240 197
0.020321184769272804 0.027198471128940582 0.18000000715255737 255 241 198
0.020744435489177704 0.027198471128940582 0.18000000715255737 255 241 198
0.021167688071727753 0.027198471128940582 0.18000000715255737 255 237 193
0.021590938791632652 0.027198471128940582 0.18000000715255737 255 237 193
0.02383890002965927 0.027349572628736496 0.1809999942779541 255 234 196
0.0242645014077425 0.027349572628736496 0.1809999942779541 255 234 196
0.02469010464847088 0.027349572628736496 0.1809999942779541 255 239 198
0.025115706026554108 0.027349572628736496 0.1809999942779541 255 238 197
0.025541309267282486 0.027349572628736496 0.1809999942779541 255 238 201
0.025966910645365715 0.027349572628736496 0.1809999942779541 255 237 200
0.026392513886094093 0.027349572628736496 0.1809999942779541 255 233 198
0.026818115264177322 0.027349572628736496 0.1809999942779541 255 232 197
0.029961958527565002 0.02750067599117756 0.18199999630451202 255 232 192
0.030222933739423752 0.027349572628736496 0.1809999942779541 255 232 192
0.03064853698015213 0.027349572628736496 0.1809999942779541 255 233 191
0.03107413835823536 0.027349572628736496 0.1809999942779541 255 236 194
0.031673774123191833 0.02750067599117756 0.18199999630451202 255 235 196
0.03192534297704697 0.027349572628736496 0.1809999942779541 255 234 195
0.032350946217775345 0.027349572628736496 0.1809999942779541 255 227 197
0.03595330938696861 0.02750067599117756 0.18199999630451202 255 224 202
0.03638126328587532 0.02750067599117756 0.18199999630451202 255 217 195
0.037011466920375824 0.027651777490973473 0.18299999833106995 255 213 198
0.03744177147746086 0.027651777490973473 0.18299999833106995 255 205 190
