0.05086665228009224 0.02284327894449234 0.20999999344348907 255 188 186
0.051360443234443665 0.02284327894449234 0.20999999344348907 255 189 196
0.055804576724767685 0.02284327894449234 0.20999999344348907 255 199 194
0.05629837140440941 0.02284327894449234 0.20999999344348907 255 204 202
0.056792162358760834 0.02284327894449234 0.20999999344348907 255 202 200
0.05755874887108803 0.022952057421207428 0.210999995470047 255 198 201
0.05062443017959595 0.023225942626595497 0.20900000631809235 255 187 192
0.05111587047576904 0.023225942626595497 0.20900000631809235 255 186 195
0.05160731077194214 0.023225942626595497 0.20900000631809235 255 191 200
0.055047400295734406 0.023225942626595497 0.20900000631809235 255 200 201
0.0555388443171978 0.023225942626595497 0.20900000631809235 255 201 202
0.056030284613370895 0.023225942626595497 0.20900000631809235 255 202 206
0.05652172490954399 0.023225942626595497 0.20900000631809235 255 202 206
0.05701316520571709 0.023225942626595497 0.20900000631809235 255 203 207
0.05777974799275398 0.023337071761488914 0.20999999344348907 255 194 198
0.04916650801897049 0.0234904233366251 0.2070000022649765 255 194 198
0.05549410730600357 0.0234904233366251 0.2070000022649765 249 182 185
0.05625128746032715 0.023603904992341995 0.20800000429153442 255 201 204
0.056740377098321915 0.023603904992341995 0.20800000429153442 255 197 200
0.05750460922718048 0.023717384785413742 0.20900000631809235 255 200 203
0.005620812531560659 0.02305050939321518 0.19900000095367432 255 246 192
0.006149933207780123 0.02328217215836048 0.20100000500679016 255 241 187
0.047261763364076614 0.023513834923505783 0.2029999941587448 255 200 196
0.047739095985889435 0.023513834923505783 0.2029999941587448 255 201 213
0.04845394939184189 0.02362966723740101 0.20399999618530273 255 194 206
0.049413375556468964 0.02386133000254631 0.20600000023841858 255 196 206
0.04989776387810707 0.02386133000254631 0.20600000023841858 254 187 197
0.05522602051496506 0.02386133000254631 0.20600000023841858 237 169 177
0.05598084628582001 0.023977162316441536 0.2070000022649765 251 183 191
0.056467585265636444 0.023977162316441536 0.2070000022649765 255 193 199
0.05722946673631668 0.02409299463033676 0.20800000429153442 255 200 206
0.058273542672395706 0.024324657395482063 0.20999999344348907 255 186 190
0.005564321763813496 0.023282069712877274 0.19699999690055847 255 243 187
0.006088739726692438 0.023518435657024384 0.19900000095367432 255 249 193
0.006556667387485504 0.023518435657024384 0.19900000095367432 255 252 208
0.007059894036501646 0.02363661862909794 0.20000000298023224 255 255 211
0.007530172821134329 0.02363661862909794 0.20000000298023224 255 240 210
0.008000452071428299 0.02363661862909794 0.20000000298023224 243 220 190
0.008343669585883617 0.023282069712877274 0.19699999690055847 240 216 189
0.008806894533336163 0.023282069712877274 0.19699999690055847 248 224 197
0.037011466920375824 0.021627506241202354 0.18299999833106995 232 164 170
0.03744177147746086 0.021627506241202354 0.18299999833106995 218 150 156
0.045394644141197205 0.023518435657024384 0.19900000095367432 255 213 200
0.046093035489320755 0.02363661862909794 0.20000000298023224 255 224 222
0.04656331613659859 0.02363661862909794 0.20000000298023224 255 220 218
0.04703359305858612 0.02363661862909794 0.20000000298023224 255 213 227
0.04774139076471329 0.023754803463816643 0.20100000500679016 255 199 213
0.04845389351248741 0.023872986435890198 0.20200000703334808 255 204 214
0.049171097576618195 0.023991169407963753 0.2029999941587448 255 199 209
0.049648430198431015 0.023991169407963753 0.2029999941587448 255 186 196
0.054475899785757065 0.024227535352110863 0.20499999821186066 255 193 206
0.054957933723926544 0.024227535352110863 0.20499999821186066 255 201 213
0.055710408836603165 0.024345718324184418 0.20600000023841858 254 187 199
0.05619479715824127 0.024345718324184418 0.20600000023841858 250 181 192
0.05695432424545288 0.024463901296257973 0.2070000022649765 255 194 205
0.006027546711266041 0.02374529466032982 0.19699999690055847 255 251 195
0.006490771193057299 0.02374529466032982 0.19699999690055847 255 255 217
0.0069539956748485565 0.02374529466032982 0.19699999690055847 255 255 218
0.007417220156639814 0.02374529466032982 0.19699999690055847 246 236 208
0.007880444638431072 0.02374529466032982 0.19699999690055847 243 233 205
0.008216608315706253 0.023383691906929016 0.1940000057220459 255 246 221
0.008538664318621159 0.023022087290883064 0.19099999964237213 255 247 222
0.008987780660390854 0.023022087290883064 0.19099999964237213 255 255 236
0.010172797366976738 0.02266048453748226 0.18799999356269836 255 255 245
0.010614858940243721 0.02266048453748226 0.18799999356269836 255 255 247
0.010998107492923737 0.022539949044585228 0.18700000643730164 255 255 247
0.01143781840801239 0.022539949044585228 0.18700000643730164 255 255 245
0.013490528799593449 0.02229888178408146 0.1850000023841858 255 246 235
0.013925536535680294 0.02229888178408146 0.1850000023841858 255 249 241
0.01436054427176714 0.02229888178408146 0.1850000023841858 255 249 241
0.014795552007853985 0.02229888178408146 0.1850000023841858 255 251 245
0.01523055974394083 0.02229888178408146 0.1850000023841858 255 251 245
0.030126584693789482 0.02205781266093254 0.18299999833106995 255 243 226
0.03055688925087452 0.02205781266093254 0.18299999833106995 255 246 229
0.03141750022768974 0.02205781266093254 0.18299999833106995 255 251 225
0.031673774123191833 0.021937277168035507 0.18199999630451202 255 248 225
0.03210172802209854 0.021937277168035507 0.18199999630451202 255 241 218
0.03595330938696861 0.021937277168035507 0.18199999630451202 255 220 208
0.03638126328587532 0.021937277168035507 0.18199999630451202 255 240 228
0.037011466920375824 0.02205781266093254 0.18299999833106995 255 248 243
0.03744177147746086 0.02205781266093254 0.18299999833106995 255 248 243
0.0378720760345459 0.02205781266093254 0.18299999833106995 255 242 235
0.03851168230175972 0.022178346291184425 0.18400000035762787 237 199 192
0.04424942657351494 0.023624761030077934 0.19599999487400055 255 216 197
0.044710300862789154 0.023624761030077934 0.19599999487400055 255 229 210
0.045401640236377716 0.02374529466032982 0.19699999690055847 251 206 209
0.04609768092632294 0.023865830153226852 0.1979999989271164 255 211 214
0.04656325653195381 0.023865830153226852 0.1979999989271164 255 218 240
0.047028832137584686 0.023865830153226852 0.1979999989271164 255 201 223
0.04845389351248741 0.02434796653687954 0.20200000703334808 244 182 192
0.04844443127512932 0.02410689741373062 0.20000000298023224 246 184 194
0.04891470819711685 0.02410689741373062 0.20000000298023224 250 189 194
0.049631912261247635 0.024227432906627655 0.20100000500679016 246 185 190
0.05035381764173508 0.02434796653687954 0.20200000703334808 211 150 155
0.05082879960536957 0.02434796653687954 0.20200000703334808 216 155 160
0.05130378156900406 0.02434796653687954 0.20200000703334808 246 185 190
0.05177876353263855 0.02434796653687954 0.20200000703334808 255 205 210
0.05225374549627304 0.02434796653687954 0.20200000703334808 255 207 215
0.05298975855112076 0.024468502029776573 0.2029999941587448 246 191 199
0.05346709117293358 0.024468502029776573 0.2029999941587448 236 168 185
0.0539444275200367 0.024468502029776573 0.2029999941587448 246 178 195
0.05468984693288803 0.024589035660028458 0.20399999618530273 255 203 221
0.05543997138738632 0.02470957115292549 0.20499999821186066 255 194 212
0.005507831461727619 0.023962747305631638 0.19499999284744263 255 252 194
0.0059969499707221985 0.024085633456707 0.19599999487400055 255 254 196
0.006457822863012552 0.024085633456707 0.19599999487400055 255 255 222
0.00688339676707983 0.023962747305631638 0.19499999284744263 255 255 222
0.007341918535530567 0.023962747305631638 0.19499999284744263 255 252 230
0.00776043813675642 0.023839861154556274 0.1940000057220459 239 234 212
0.008089547976851463 0.023471204563975334 0.19099999964237213 254 254 234
0.008493958972394466 0.02334831841289997 0.1899999976158142 255 255 237
0.008940723724663258 0.02334831841289997 0.1899999976158142 254 255 243
0.009338080883026123 0.023225432261824608 0.1889999955892563 254 255 243
0.00978249404579401 0.023225432261824608 0.1889999955892563 254 255 249
0.010172797366976738 0.023102546110749245 0.18799999356269836 254 255 249
0.010558397509157658 0.02297965995967388 0.18700000643730164 254 255 249
0.010998107492923737 0.02297965995967388 0.18700000643730164 254 255 249
0.01143781840801239 0.02297965995967388 0.18700000643730164 254 255 249
0.011877529323101044 0.02297965995967388 0.18700000643730164 254 255 249
0.013490528799593449 0.022733889520168304 0.1850000023841858 255 254 247
0.013925536535680294 0.022733889520168304 0.1850000023841858 255 255 247
0.01436054427176714 0.022733889520168304 0.1850000023841858 255 255 247
0.014795552007853985 0.022733889520168304 0.1850000023841858 255 254 249
0.01523055974394083 0.022733889520168304 0.1850000023841858 255 254 249
0.015580888837575912 0.02261100336909294 0.18400000035762787 255 254 249
0.01601354591548443 0.02261100336909294 0.18400000035762787 255 254 249
0.016446202993392944 0.02261100336909294 0.18400000035762787 255 254 247
0.018508346751332283 0.022488117218017578 0.18299999833106995 255 247 228
0.0188351608812809 0.022365231066942215 0.18199999630451202 255 250 225
0.019263114780187607 0.022365231066942215 0.18199999630451202 255 250 225
0.019691068679094315 0.022365231066942215 0.18199999630451202 255 250 225
0.020119022578001022 0.022365231066942215 0.18199999630451202 255 250 225
0.020434081554412842 0.022242344915866852 0.1809999942779541 255 250 225
0.02085968293249607 0.022242344915866852 0.1809999942779541 255 249 224
0.02128528617322445 0.022242344915866852 0.1809999942779541 255 248 220
0.021710887551307678 0.022242344915866852 0.1809999942779541 255 243 215
0.02883566915988922 0.022488117218017578 0.18299999833106995 255 239 222
0.02926597371697426 0.022488117218017578 0.18299999833106995 255 252 233
0.029696280136704445 0.022488117218017578 0.18299999833106995 255 252 233
0.030126584693789482 0.022488117218017578 0.18299999833106995 255 253 240
0.03055688925087452 0.022488117218017578 0.18299999833106995 255 254 241
0.030987193807959557 0.022488117218017578 0.18299999833106995 255 253 243
0.03141750022768974 0.022488117218017578 0.18299999833106995 255 253 243
0.031673774123191833 0.022365231066942215 0.18199999630451202 255 254 241
0.03210172802209854 0.022365231066942215 0.18199999630451202 255 254 241
0.0350974015891552 0.022365231066942215 0.18199999630451202 242 201 184
0.035525355488061905 0.022365231066942215 0.18199999630451202 255 241 224
0.03595330938696861 0.022365231066942215 0.18199999630451202 255 253 241
0.03638126328587532 0.022365231066942215 0.18199999630451202 255 253 241
0.037011466920375824 0.022488117218017578 0.18299999833106995 255 254 245
0.03744177147746086 0.022488117218017578 0.18299999833106995 255 254 245
0.0378720760345459 0.022488117218017578 0.18299999833106995 255 252 245
0.03851168230175972 0.02261100336909294 0.18400000035762787 255 251 244
0.038944341242313385 0.02261100336909294 0.18400000035762787 255 215 215
0.03959100320935249 0.022733889520168304 0.1850000023841858 150 90 90
0.04357214272022247 0.02371697500348091 0.19300000369548798 255 241 226
0.0440259613096714 0.02371697500348091 0.19300000369548798 255 246 231
0.045401640236377716 0.024208519607782364 0.19699999690055847 252 224 225
0.04609768092632294 0.024331405758857727 0.1979999989271164 249 221 222
0.04656325653195381 0.024331405758857727 0.1979999989271164 219 172 188
0.047028832137584686 0.024331405758857727 0.1979999989271164 212 165 181
0.04844443127512932 0.024577176198363304 0.20000000298023224 255 213 221
0.04891470819711685 0.024577176198363304 0.20000000298023224 245 206 204
0.049138061702251434 0.02445429190993309 0.19900000095367432 231 192 190
0.04960598796606064 0.02445429190993309 0.19900000095367432 237 195 194
0.05032554641366005 0.024577176198363304 0.20000000298023224 255 224 223
0.05079582333564758 0.024577176198363304 0.20000000298023224 255 243 244
0.051266103982925415 0.024577176198363304 0.20000000298023224 255 244 245
0.051995061337947845 0.024700062349438667 0.20100000500679016 255 248 247
0.05246769264340401 0.024700062349438667 0.20100000500679016 255 247 246
0.05320370942354202 0.02482294850051403 0.20200000703334808 255 214 227
0.053678691387176514 0.02482294850051403 0.20200000703334808 229 178 191
0.05442176014184952 0.024945834651589394 0.2029999941587448 255 187 204
0.05516953021287918 0.025068720802664757 0.20399999618530273 255 196 213
0.005479585845023394 0.024296032264828682 0.1940000057220459 255 255 196
0.005935756489634514 0.024296032264828682 0.1940000057220459 255 255 195
0.006391926668584347 0.024296032264828682 0.1940000057220459 255 255 226
0.006812797859311104 0.02417079545557499 0.19300000369548798 255 255 227
0.00726661691442132 0.02417079545557499 0.19300000369548798 255 255 239
0.007680433802306652 0.024045556783676147 0.19200000166893005 253 255 237
0.008089547976851463 0.023920319974422455 0.19099999964237213 253 254 241
0.008493958972394466 0.023795083165168762 0.1899999976158142 255 255 243
0.008940723724663258 0.023795083165168762 0.1899999976158142 254 255 247
0.009338080883026123 0.02366984635591507 0.1889999955892563 254 255 247
0.00973073486238718 0.023544607684016228 0.18799999356269836 254 255 249
0.010118686594069004 0.023419370874762535 0.18700000643730164 254 255 249
0.010558397509157658 0.023419370874762535 0.18700000643730164 254 255 249
0.010998107492923737 0.023419370874762535 0.18700000643730164 254 255 249
0.01143781840801239 0.023419370874762535 0.18700000643730164 254 255 249
0.011814013123512268 0.023294134065508842 0.1860000044107437 254 255 249
0.012251372449100018 0.023294134065508842 0.1860000044107437 254 255 249
0.012688731774687767 0.023294134065508842 0.1860000044107437 254 255 249
0.013126091100275517 0.023294134065508842 0.1860000044107437 254 255 249
0.013490528799593449 0.02316889725625515 0.1850000023841858 254 255 249
0.013925536535680294 0.02316889725625515 0.1850000023841858 254 255 249
0.01436054427176714 0.02316889725625515 0.1850000023841858 254 255 249
0.014795552007853985 0.02316889725625515 0.1850000023841858 254 255 249
0.01523055974394083 0.02316889725625515 0.1850000023841858 254 255 249
0.015580888837575912 0.023043658584356308 0.18400000035762787 254 255 249
0.01601354591548443 0.023043658584356308 0.18400000035762787 254 255 249
0.016446202993392944 0.023043658584356308 0.18400000035762787 254 255 249
0.016787126660346985 0.022918421775102615 0.18299999833106995 254 255 249
0.017217431217432022 0.022918421775102615 0.18299999833106995 255 255 247
0.01764773577451706 0.022918421775102615 0.18299999833106995 255 255 247
0.018078040331602097 0.022918421775102615 0.18299999833106995 255 255 241
0.018508346751332283 0.022918421775102615 0.18299999833106995 255 255 241
0.0188351608812809 0.022793184965848923 0.18199999630451202 255 254 240
0.019263114780187607 0.022793184965848923 0.18199999630451202 255 255 241
0.019691068679094315 0.022793184965848923 0.18199999630451202 255 255 241
0.020119022578001022 0.022793184965848923 0.18199999630451202 255 255 241
0.020434081554412842 0.02266794815659523 0.1809999942779541 255 255 241
0.02085968293249607 0.02266794815659523 0.1809999942779541 255 255 241
0.02128528617322445 0.02266794815659523 0.1809999942779541 255 255 235
0.021710887551307678 0.02266794815659523 0.1809999942779541 255 255 235
0.022136490792036057 0.02266794815659523 0.1809999942779541 255 245 224
0.02243744023144245 0.022542709484696388 0.18000000715255737 216 180 159
0.02328394167125225 0.022542709484696388 0.18000000715255737 255 223 207
0.02370719239115715 0.022542709484696388 0.18000000715255737 255 245 227
0.02413044311106205 0.022542709484696388 0.18000000715255737 255 247 229
0.02469010464847088 0.02266794815659523 0.1809999942779541 255 250 237
0.025115706026554108 0.02266794815659523 0.1809999942779541 255 250 237
0.025541309267282486 0.02266794815659523 0.1809999942779541 255 250 241
0.025966910645365715 0.02266794815659523 0.1809999942779541 255 250 241
0.026392513886094093 0.02266794815659523 0.1809999942779541 255 248 239
0.026818115264177322 0.02266794815659523 0.1809999942779541 255 248 239
0.027394235134124756 0.022793184965848923 0.18199999630451202 255 235 221
0.027822189033031464 0.022793184965848923 0.18199999630451202 250 221 207
0.02825014293193817 0.022793184965848923 0.18199999630451202 255 250 232
0.02867809683084488 0.022793184965848923 0.18199999630451202 255 251 233
0.02926597371697426 0.022918421775102615 0.18299999833106995 255 255 241
0.029696280136704445 0.022918421775102615 0.18299999833106995 255 255 241
0.030126584693789482 0.022918421775102615 0.18299999833106995 255 255 247
0.03055688925087452 0.022918421775102615 0.18299999833106995 255 255 247
0.030987193807959557 0.022918421775102615 0.18299999833106995 255 255 247
0.03141750022768974 0.022918421775102615 0.18299999833106995 255 255 247
0.031673774123191833 0.022793184965848923 0.18199999630451202 255 255 249
0.03210172802209854 0.022793184965848923 0.18199999630451202 255 255 249
0.03252968192100525 0.022793184965848923 0.18199999630451202 255 254 241
0.03295763581991196 0.022793184965848923 0.18199999630451202 255 254 241
0.0332021489739418 0.02266794815659523 0.1809999942779541 241 209 187
0.03362775221467018 0.02266794815659523 0.1809999942779541 147 115 93
0.03405335545539856 0.02266794815659523 0.1809999942779541 220 176 156
0.03466944769024849 0.022793184965848923 0.18199999630451202 255 224 204
0.0350974015891552 0.022793184965848923 0.18199999630451202 255 253 235
0.035525355488061905 0.022793184965848923 0.18199999630451202 255 253 235
0.03595330938696861 0.022793184965848923 0.18199999630451202 255 255 245
0.03638126328587532 0.022793184965848923 0.18199999630451202 255 255 245
0.037011466920375824 0.022918421775102615 0.18299999833106995 255 255 249
0.03744177147746086 0.022918421775102615 0.18299999833106995 255 255 249
0.0378720760345459 0.022918421775102615 0.18299999833106995 255 255 247
0.03851168230175972 0.023043658584356308 0.18400000035762787 255 255 247
0.038944341242313385 0.023043658584356308 0.18400000035762787 255 245 241
0.03959100320935249 0.02316889725625515 0.1850000023841858 221 195 191
0.04045872390270233 0.023419370874762535 0.18700000643730164 210 162 156
0.04155455902218819 0.023795083165168762 0.1899999976158142 255 218 212
0.04200132563710213 0.023795083165168762 0.1899999976158142 255 237 222
0.04244808852672577 0.023795083165168762 0.1899999976158142 255 243 228
0.04289485514163971 0.023795083165168762 0.1899999976158142 255 253 239
0.04356973245739937 0.023920319974422455 0.19099999964237213 255 253 239
0.04401884973049164 0.023920319974422455 0.19099999964237213 255 251 249
0.04493359848856926 0.02417079545557499 0.19300000369548798 255 247 245
0.04538741707801819 0.02417079545557499 0.19300000369548798 243 219 223
0.04584123566746712 0.02417079545557499 0.19300000369548798 219 195 199
0.04677479714155197 0.024421269074082375 0.19499999284744263 255 243 246
0.04723331704735756 0.024421269074082375 0.19499999284744263 255 246 249
0.04793641343712807 0.024546505883336067 0.19599999487400055 255 250 243
0.04839728772640228 0.024546505883336067 0.19599999487400055 255 250 243
0.04910743609070778 0.02467174455523491 0.19699999690055847 255 247 241
0.04982228949666023 0.0247969813644886 0.1979999989271164 255 240 234
0.05028786510229111 0.0247969813644886 0.1979999989271164 255 249 245
0.05100977048277855 0.024922218173742294 0.19900000095367432 255 249 245
0.05147770047187805 0.024922218173742294 0.19900000095367432 255 252 247
0.05220666155219078 0.025047456845641136 0.20000000298023224 255 252 247
0.05294032394886017 0.02517269365489483 0.20100000500679016 255 244 248
0.05341295525431633 0.02517269365489483 0.20100000500679016 238 209 213
0.054153669625520706 0.02529793046414852 0.20200000703334808 233 172 187
0.05489909276366234 0.025423167273402214 0.2029999941587448 249 188 203
0.05537642538547516 0.025423167273402214 0.2029999941587448 255 190 205
0.005479585845023394 0.02475220337510109 0.1940000057220459 255 255 196
0.005935756489634514 0.02475220337510109 0.1940000057220459 255 255 195
0.006391926668584347 0.02475220337510109 0.1940000057220459 255 255 229
0.006812797859311104 0.024624614045023918 0.19300000369548798 255 255 229
0.007228965871036053 0.024497024714946747 0.19200000166893005 255 255 243
0.007680433802306652 0.024497024714946747 0.19200000166893005 255 255 243
0.008089547976851463 0.024369437247514725 0.19099999964237213 254 255 247
0.008493958972394466 0.024241847917437553 0.1899999976158142 254 255 247
0.008893667720258236 0.024114258587360382 0.1889999955892563 254 255 249
0.009338080883026123 0.024114258587360382 0.1889999955892563 254 255 249
0.00973073486238718 0.02398667111992836 0.18799999356269836 254 255 249
0.010118686594069004 0.02385908178985119 0.18700000643730164 254 255 249
0.010558397509157658 0.02385908178985119 0.18700000643730164 254 255 249
0.010998107492923737 0.02385908178985119 0.18700000643730164 254 255 249
0.01143781840801239 0.02385908178985119 0.18700000643730164 254 255 251
0.011814013123512268 0.023731492459774017 0.1860000044107437 254 255 251
0.012251372449100018 0.023731492459774017 0.1860000044107437 254 255 251
0.012688731774687767 0.023731492459774017 0.1860000044107437 254 255 251
0.013126091100275517 0.023731492459774017 0.1860000044107437 254 255 251
0.013490528799593449 0.023603904992341995 0.1850000023841858 254 255 251
0.013925536535680294 0.023603904992341995 0.1850000023841858 254 255 251
0.01436054427176714 0.023603904992341995 0.1850000023841858 254 255 251
0.014795552007853985 0.023603904992341995 0.1850000023841858 254 255 251
0.01523055974394083 0.023603904992341995 0.1850000023841858 254 255 251
0.015580888837575912 0.023476315662264824 0.18400000035762787 254 255 251
0.01601354591548443 0.023476315662264824 0.18400000035762787 254 255 251
0.016446202993392944 0.023476315662264824 0.18400000035762787 254 255 251
0.016787126660346985 0.023348728194832802 0.18299999833106995 254 255 251
0.017217431217432022 0.023348728194832802 0.18299999833106995 254 255 251
0.01764773577451706 0.023348728194832802 0.18299999833106995 254 255 251
0.018078040331602097 0.023348728194832802 0.18299999833106995 254 255 249
0.018508346751332283 0.023348728194832802 0.18299999833106995 254 255 249
0.01893865130841732 0.023348728194832802 0.18299999833106995 254 255 247
0.019263114780187607 0.02322113886475563 0.18199999630451202 254 255 247
0.019691068679094315 0.02322113886475563 0.18199999630451202 254 255 247
0.020119022578001022 0.02322113886475563 0.18199999630451202 254 255 247
0.020434081554412842 0.02309354953467846 0.1809999942779541 254 255 247
0.02085968293249607 0.02309354953467846 0.1809999942779541 254 255 247
0.02128528617322445 0.02309354953467846 0.1809999942779541 254 255 245
0.021710887551307678 0.02309354953467846 0.1809999942779541 254 255 245
0.022136490792036057 0.02309354953467846 0.1809999942779541 255 253 235
0.022562092170119286 0.02309354953467846 0.1809999942779541 233 221 203
0.022987695410847664 0.02309354953467846 0.1809999942779541 255 245 224
0.02328394167125225 0.022965962067246437 0.18000000715255737 255 252 231
0.02370719239115715 0.022965962067246437 0.18000000715255737 255 253 233
0.0242645014077425 0.02309354953467846 0.1809999942779541 255 254 234
0.02469010464847088 0.02309354953467846 0.1809999942779541 255 254 243
0.025115706026554108 0.02309354953467846 0.1809999942779541 255 254 243
0.025541309267282486 0.02309354953467846 0.1809999942779541 255 254 245
0.025966910645365715 0.02309354953467846 0.1809999942779541 255 254 245
0.026392513886094093 0.02309354953467846 0.1809999942779541 255 253 244
0.026818115264177322 0.02309354953467846 0.1809999942779541 255 253 244
0.0272437185049057 0.02309354953467846 0.1809999942779541 255 254 241
0.027822189033031464 0.02322113886475563 0.18199999630451202 255 254 241
0.02825014293193817 0.02322113886475563 0.18199999630451202 254 255 240
0.02867809683084488 0.02322113886475563 0.18199999630451202 255 255 241
0.029106050729751587 0.02322113886475563 0.18199999630451202 254 255 247
0.029696280136704445 0.023348728194832802 0.18299999833106995 254 255 247
0.030126584693789482 0.023348728194832802 0.18299999833106995 254 255 249
0.03055688925087452 0.023348728194832802 0.18299999833106995 254 255 249
0.030987193807959557 0.023348728194832802 0.18299999833106995 254 255 249
0.03141750022768974 0.023348728194832802 0.18299999833106995 254 255 249
0.031673774123191833 0.02322113886475563 0.18199999630451202 254 255 249
0.03210172802209854 0.02322113886475563 0.18199999630451202 254 255 249
0.03252968192100525 0.02322113886475563 0.18199999630451202 255 255 245
0.03295763581991196 0.02322113886475563 0.18199999630451202 255 255 245
0.033385589718818665 0.02322113886475563 0.18199999630451202 255 250 227
0.033813539892435074 0.02322113886475563 0.18199999630451202 243 232 209
0.03424149379134178 0.02322113886475563 0.18199999630451202 255 252 226
0.03466944769024849 0.02322113886475563 0.18199999630451202 255 253 227
0.0350974015891552 0.02322113886475563 0.18199999630451202 255 255 241
0.035525355488061905 0.02322113886475563 0.18199999630451202 255 255 241
0.03595330938696861 0.02322113886475563 0.18199999630451202 254 255 249
0.03638126328587532 0.02322113886475563 0.18199999630451202 254 255 249
0.037011466920375824 0.023348728194832802 0.18299999833106995 254 255 249
0.03744177147746086 0.023348728194832802 0.18299999833106995 254 255 249
0.0378720760345459 0.023348728194832802 0.18299999833106995 254 255 251
0.03851168230175972 0.023476315662264824 0.18400000035762787 254 255 251
0.038944341242313385 0.023476315662264824 0.18400000035762787 255 252 245
0.03959100320935249 0.023603904992341995 0.1850000023841858 255 251 244
0.04045872390270233 0.02385908178985119 0.18700000643730164 255 246 240
0.041117142885923386 0.02398667111992836 0.18799999356269836 255 246 240
0.0417802631855011 0.024114258587360382 0.1889999955892563 255 253 241
0.04244808852672577 0.024241847917437553 0.1899999976158142 255 253 241
0.04289485514163971 0.024241847917437553 0.1899999976158142 255 255 245
0.04356973245739937 0.024369437247514725 0.19099999964237213 255 255 245
0.04401884973049164 0.024369437247514725 0.19099999964237213 255 254 249
0.04493359848856926 0.024624614045023918 0.19300000369548798 255 254 249
0.04538741707801819 0.024624614045023918 0.19300000369548798 255 250 250
0.04584123566746712 0.024624614045023918 0.19300000369548798 248 236 236
0.04677479714155197 0.02487979084253311 0.19499999284744263 255 249 250
0.04723331704735756 0.02487979084253311 0.19499999284744263 255 250 251
0.04793641343712807 0.025007380172610283 0.19599999487400055 255 253 245
0.04815036430954933 0.02487979084253311 0.19499999284744263 253 246 238
0.04860888421535492 0.02487979084253311 0.19499999284744263 242 228 222
0.049319032579660416 0.025007380172610283 0.19599999487400055 236 222 216
0.05003388598561287 0.025134969502687454 0.19699999690055847 254 240 236
0.05075344070792198 0.025262556970119476 0.1979999989271164 255 251 247
0.051219016313552856 0.025262556970119476 0.1979999989271164 255 253 249
0.051945626735687256 0.025390146300196648 0.19900000095367432 255 253 249
0.052676938474178314 0.02551773563027382 0.20000000298023224 255 249 251
0.053147219121456146 0.02551773563027382 0.20000000298023224 251 234 236
0.05388558283448219 0.02564532309770584 0.20100000500679016 233 177 192
0.0546286515891552 0.025772912427783012 0.20200000703334808 238 182 197
0.05537642538547516 0.025900499895215034 0.2029999941587448 255 189 206
0.005479585845023394 0.025208372622728348 0.1940000057220459 255 255 197
0.0059051597490906715 0.025078432634472847 0.19300000369548798 255 255 197
0.006358978804200888 0.025078432634472847 0.19300000369548798 255 255 229
0.006812797859311104 0.025078432634472847 0.19300000369548798 255 255 229
0.007228965871036053 0.024948492646217346 0.19200000166893005 254 255 243
0.007640431635081768 0.024818552657961845 0.19099999964237213 254 255 243
0.008047194220125675 0.024688612669706345 0.1899999976158142 254 255 247
0.008493958972394466 0.024688612669706345 0.1899999976158142 254 255 247
0.008893667720258236 0.024558672681450844 0.1889999955892563 254 255 249
0.009338080883026123 0.024558672681450844 0.1889999955892563 254 255 249
0.00973073486238718 0.024428732693195343 0.18799999356269836 254 255 249
0.010118686594069004 0.024298792704939842 0.18700000643730164 254 255 249
0.010558397509157658 0.024298792704939842 0.18700000643730164 254 255 251
0.010998107492923737 0.024298792704939842 0.18700000643730164 254 255 251
0.01143781840801239 0.024298792704939842 0.18700000643730164 254 255 251
0.011814013123512268 0.02416885271668434 0.1860000044107437 254 255 251
0.012251372449100018 0.02416885271668434 0.1860000044107437 254 255 251
0.012688731774687767 0.02416885271668434 0.1860000044107437 254 255 251
0.013126091100275517 0.02416885271668434 0.1860000044107437 254 255 251
0.013490528799593449 0.02403891272842884 0.1850000023841858 254 255 251
0.013925536535680294 0.02403891272842884 0.1850000023841858 254 255 251
0.01436054427176714 0.02403891272842884 0.1850000023841858 254 255 251
0.014795552007853985 0.02403891272842884 0.1850000023841858 254 255 251
0.01523055974394083 0.02403891272842884 0.1850000023841858 254 255 251
0.015580888837575912 0.02390897274017334 0.18400000035762787 254 255 251
0.01601354591548443 0.02390897274017334 0.18400000035762787 254 255 251
0.016446202993392944 0.02390897274017334 0.18400000035762787 254 255 251
0.016787126660346985 0.02377903275191784 0.18299999833106995 254 255 251
0.017217431217432022 0.02377903275191784 0.18299999833106995 254 255 251
0.01764773577451706 0.02377903275191784 0.18299999833106995 254 255 251
0.018078040331602097 0.02377903275191784 0.18299999833106995 254 255 251
0.018508346751332283 0.02377903275191784 0.18299999833106995 254 255 251
0.01893865130841732 0.02377903275191784 0.18299999833106995 254 255 251
0.019263114780187607 0.023649092763662338 0.18199999630451202 254 255 251
0.019691068679094315 0.023649092763662338 0.18199999630451202 254 255 251
0.020119022578001022 0.023649092763662338 0.18199999630451202 254 255 251
0.020434081554412842 0.023519152775406837 0.1809999942779541 254 255 251
0.02085968293249607 0.023519152775406837 0.1809999942779541 254 255 251
0.02128528617322445 0.023519152775406837 0.1809999942779541 254 255 251
0.021710887551307678 0.023519152775406837 0.1809999942779541 254 255 251
0.022136490792036057 0.023519152775406837 0.1809999942779541 253 255 244
0.022562092170119286 0.023519152775406837 0.1809999942779541 253 255 244
0.022987695410847664 0.023519152775406837 0.1809999942779541 255 254 242
0.023413296788930893 0.023519152775406837 0.1809999942779541 255 255 243
0.02383890002965927 0.023519152775406837 0.1809999942779541 255 255 245
0.0242645014077425 0.023519152775406837 0.1809999942779541 255 255 245
0.02469010464847088 0.023519152775406837 0.1809999942779541 255 255 247
0.025115706026554108 0.023519152775406837 0.1809999942779541 255 255 247
0.025541309267282486 0.023519152775406837 0.1809999942779541 255 255 247
0.025966910645365715 0.023519152775406837 0.1809999942779541 255 255 247
0.026392513886094093 0.023519152775406837 0.1809999942779541 255 255 249
0.026818115264177322 0.023519152775406837 0.1809999942779541 255 255 249
0.0272437185049057 0.023519152775406837 0.1809999942779541 254 255 247
0.02766931988298893 0.023519152775406837 0.1809999942779541 254 255 247
0.02825014293193817 0.023649092763662338 0.18199999630451202 254 255 247
0.02867809683084488 0.023649092763662338 0.18199999630451202 254 255 247
0.029106050729751587 0.023649092763662338 0.18199999630451202 254 255 249
0.029534004628658295 0.023649092763662338 0.18199999630451202 254 255 249
0.029961958527565002 0.023649092763662338 0.18199999630451202 254 255 249
0.03038991242647171 0.023649092763662338 0.18199999630451202 254 255 249
0.030987193807959557 0.02377903275191784 0.18299999833106995 254 255 249
0.031245820224285126 0.023649092763662338 0.18199999630451202 254 255 249
0.031673774123191833 0.023649092763662338 0.18199999630451202 254 255 249
0.03210172802209854 0.023649092763662338 0.18199999630451202 254 255 249
0.03252968192100525 0.023649092763662338 0.18199999630451202 254 255 249
0.03295763581991196 0.023649092763662338 0.18199999630451202 254 255 249
0.033385589718818665 0.023649092763662338 0.18199999630451202 254 255 242
0.033813539892435074 0.023649092763662338 0.18199999630451202 254 255 242
0.03424149379134178 0.023649092763662338 0.18199999630451202 255 255 239
0.03466944769024849 0.023649092763662338 0.18199999630451202 255 255 239
0.0350974015891552 0.023649092763662338 0.18199999630451202 254 255 245
0.035525355488061905 0.023649092763662338 0.18199999630451202 254 255 245
0.03595330938696861 0.023649092763662338 0.18199999630451202 254 255 249
0.03638126328587532 0.023649092763662338 0.18199999630451202 254 255 249
0.037011466920375824 0.02377903275191784 0.18299999833106995 254 255 249
0.03744177147746086 0.02377903275191784 0.18299999833106995 254 255 249
0.0378720760345459 0.02377903275191784 0.18299999833106995 254 255 249
0.03851168230175972 0.02390897274017334 0.18400000035762787 254 255 249
0.038944341242313385 0.02390897274017334 0.18400000035762787 255 253 250
0.03959100320935249 0.02403891272842884 0.1850000023841858 246 243 240
0.04002600908279419 0.02403891272842884 0.1850000023841858 253 243 241
0.040898434817790985 0.024298792704939842 0.18700000643730164 250 240 238
0.04133814573287964 0.024298792704939842 0.18700000643730164 255 252 248
0.04200126603245735 0.024428732693195343 0.18799999356269836 255 253 249
0.04266909137368202 0.024558672681450844 0.1889999955892563 254 255 249
0.043113503605127335 0.024558672681450844 0.1889999955892563 254 255 249
0.04378838464617729 0.024688612669706345 0.1899999976158142 254 255 251
0.044235147535800934 0.024688612669706345 0.1899999976158142 254 255 251
0.044681914150714874 0.024688612669706345 0.1899999976158142 255 252 251
0.04536619782447815 0.024818552657961845 0.19099999964237213 248 240 239
0.04605518653988838 0.024948492646217346 0.19200000166893005 249 239 239
0.04650665074586868 0.024948492646217346 0.19200000166893005 255 251 251
0.0472026951611042 0.025078432634472847 0.19300000369548798 255 254 247
0.04790343716740608 0.025208372622728348 0.1940000057220459 255 254 247
0.04860888421535492 0.02533831261098385 0.19499999284744263 255 253 243
0.049319032579660416 0.02546825259923935 0.19599999487400055 245 238 228
0.05003388598561287 0.02559819258749485 0.19699999690055847 233 224 215
0.05075344070792198 0.02572813257575035 0.1979999989271164 255 249 240
0.051219016313552856 0.02572813257575035 0.1979999989271164 255 254 247
0.051945626735687256 0.025858072564005852 0.19900000095367432 255 254 247
0.052676938474178314 0.025988014414906502 0.20000000298023224 255 251 251
0.053147219121456146 0.025988014414906502 0.20000000298023224 255 251 251
0.05388558283448219 0.026117954403162003 0.20100000500679016 239 188 199
0.0546286515891552 0.026247894391417503 0.20200000703334808 225 174 185
0.005479585845023394 0.025664543733000755 0.1940000057220459 255 255 195
0.0059051597490906715 0.025532251223921776 0.19300000369548798 255 255 197
0.006358978804200888 0.025532251223921776 0.19300000369548798 255 255 226
0.006777498405426741 0.025399960577487946 0.19200000166893005 255 255 227
0.007228965871036053 0.025399960577487946 0.19200000166893005 254 255 241
0.007640431635081768 0.025267669931054115 0.19099999964237213 254 255 241
0.008047194220125675 0.025135377421975136 0.1899999976158142 254 255 245
0.008449253626167774 0.025003086775541306 0.1889999955892563 254 255 245
0.008893667720258236 0.025003086775541306 0.1889999955892563 254 255 249
0.009288673289120197 0.024870794266462326 0.18799999356269836 254 255 249
0.00973073486238718 0.024870794266462326 0.18799999356269836 254 255 249
0.010118686594069004 0.024738503620028496 0.18700000643730164 254 255 249
0.010558397509157658 0.024738503620028496 0.18700000643730164 254 255 249
0.010998107492923737 0.024738503620028496 0.18700000643730164 254 255 249
0.01143781840801239 0.024738503620028496 0.18700000643730164 254 255 251
0.011814013123512268 0.024606211110949516 0.1860000044107437 254 255 251
0.012251372449100018 0.024606211110949516 0.1860000044107437 254 255 251
0.012688731774687767 0.024606211110949516 0.1860000044107437 254 255 251
0.013126091100275517 0.024606211110949516 0.1860000044107437 254 255 251
0.013490528799593449 0.024473920464515686 0.1850000023841858 254 255 251
0.013925536535680294 0.024473920464515686 0.1850000023841858 254 255 251
0.01436054427176714 0.024473920464515686 0.1850000023841858 254 255 251
0.014795552007853985 0.024473920464515686 0.1850000023841858 254 255 251
0.015148232690989971 0.024341629818081856 0.18400000035762787 254 255 251
0.015580888837575912 0.024341629818081856 0.18400000035762787 254 255 251
0.01601354591548443 0.024341629818081856 0.18400000035762787 254 255 251
0.016446202993392944 0.024341629818081856 0.18400000035762787 254 255 251
0.016787126660346985 0.024209337309002876 0.18299999833106995 254 255 251
0.017217431217432022 0.024209337309002876 0.18299999833106995 254 255 251
0.01764773577451706 0.024209337309002876 0.18299999833106995 254 255 251
0.018078040331602097 0.024209337309002876 0.18299999833106995 254 255 251
0.018508346751332283 0.024209337309002876 0.18299999833106995 254 255 251
0.01893865130841732 0.024209337309002876 0.18299999833106995 254 255 251
0.019263114780187607 0.024077046662569046 0.18199999630451202 254 255 251
0.019691068679094315 0.024077046662569046 0.18199999630451202 254 255 251
0.020119022578001022 0.024077046662569046 0.18199999630451202 254 255 251
0.020434081554412842 0.023944754153490067 0.1809999942779541 254 255 251
0.02085968293249607 0.023944754153490067 0.1809999942779541 254 255 251
0.02128528617322445 0.023944754153490067 0.1809999942779541 254 255 251
0.021710887551307678 0.023944754153490067 0.1809999942779541 254 255 251
0.022136490792036057 0.023944754153490067 0.1809999942779541 254 255 249
0.022562092170119286 0.023944754153490067 0.1809999942779541 254 255 249
0.022987695410847664 0.023944754153490067 0.1809999942779541 254 255 247
0.023413296788930893 0.023944754153490067 0.1809999942779541 254 255 247
0.02383890002965927 0.023944754153490067 0.1809999942779541 254 255 249
0.0242645014077425 0.023944754153490067 0.1809999942779541 254 255 249
0.02469010464847088 0.023944754153490067 0.1809999942779541 254 255 249
0.025115706026554108 0.023944754153490067 0.1809999942779541 254 255 249
0.025541309267282486 0.023944754153490067 0.1809999942779541 254 255 249
0.025966910645365715 0.023944754153490067 0.1809999942779541 254 255 249
0.026392513886094093 0.023944754153490067 0.1809999942779541 254 255 249
0.026818115264177322 0.023944754153490067 0.1809999942779541 254 255 249
0.0272437185049057 0.023944754153490067 0.1809999942779541 254 255 249
0.02766931988298893 0.023944754153490067 0.1809999942779541 254 255 249
0.02825014293193817 0.024077046662569046 0.18199999630451202 254 255 249
0.02867809683084488 0.024077046662569046 0.18199999630451202 254 255 249
0.029106050729751587 0.024077046662569046 0.18199999630451202 254 255 249
0.029534004628658295 0.024077046662569046 0.18199999630451202 254 255 249
0.029961958527565002 0.024077046662569046 0.18199999630451202 254 255 249
0.03038991242647171 0.024077046662569046 0.18199999630451202 254 255 249
0.030817866325378418 0.024077046662569046 0.18199999630451202 254 255 249
0.031245820224285126 0.024077046662569046 0.18199999630451202 254 255 249
0.031673774123191833 0.024077046662569046 0.18199999630451202 254 255 249
0.03210172802209854 0.024077046662569046 0.18199999630451202 254 255 249
0.03252968192100525 0.024077046662569046 0.18199999630451202 254 255 249
0.03295763581991196 0.024077046662569046 0.18199999630451202 254 255 249
0.033385589718818665 0.024077046662569046 0.18199999630451202 254 255 249
0.033813539892435074 0.024077046662569046 0.18199999630451202 254 255 249
0.03424149379134178 0.024077046662569046 0.18199999630451202 254 255 247
0.03466944769024849 0.024077046662569046 0.18199999630451202 254 255 247
0.0350974015891552 0.024077046662569046 0.18199999630451202 254 255 249
0.035525355488061905 0.024077046662569046 0.18199999630451202 254 255 249
0.03595330938696861 0.024077046662569046 0.18199999630451202 254 255 249
0.03638126328587532 0.024077046662569046 0.18199999630451202 254 255 249
0.037011466920375824 0.024209337309002876 0.18299999833106995 254 255 249
0.03744177147746086 0.024209337309002876 0.18299999833106995 254 255 249
0.0378720760345459 0.024209337309002876 0.18299999833106995 254 255 249
0.03851168230175972 0.024341629818081856 0.18400000035762787 254 255 249
0.038944341242313385 0.024341629818081856 0.18400000035762787 255 255 251
0.03937699645757675 0.024341629818081856 0.18400000035762787 241 241 237
0.04002600908279419 0.024473920464515686 0.1850000023841858 237 237 233
0.040679726749658585 0.024606211110949516 0.1860000044107437 253 253 249
0.04111708700656891 0.024606211110949516 0.1860000044107437 255 255 251
0.04177785664796829 0.024738503620028496 0.18700000643730164 255 255 251
0.042217567563056946 0.024738503620028496 0.18700000643730164 254 255 251
0.0426572784781456 0.024738503620028496 0.18700000643730164 254 255 251
0.0433274544775486 0.024870794266462326 0.18799999356269836 254 255 251
0.04376951605081558 0.024870794266462326 0.18799999356269836 254 255 251
0.044211577624082565 0.024870794266462326 0.18799999356269836 255 253 250
0.04489115998148918 0.025003086775541306 0.1889999955892563 240 237 234
0.04557544365525246 0.025135377421975136 0.1899999976158142 242 236 238
0.0460222065448761 0.025135377421975136 0.1899999976158142 255 252 254
0.04671354591846466 0.025267669931054115 0.19099999964237213 255 255 247
0.04765651375055313 0.025532251223921776 0.19300000369548798 255 255 247
0.04835960641503334 0.025664543733000755 0.1940000057220459 255 254 240
0.049067407846450806 0.025796834379434586 0.19499999284744263 254 251 237
0.04977990686893463 0.025929126888513565 0.19599999487400055 233 230 214
0.050497110933065414 0.026061417534947395 0.19699999690055847 249 246 230
0.051219016313552856 0.026193710044026375 0.1979999989271164 255 254 245
0.05168459191918373 0.026193710044026375 0.1979999989271164 255 254 245
0.05241355299949646 0.026326000690460205 0.19900000095367432 255 249 249
0.053147219121456146 0.026458293199539185 0.20000000298023224 255 246 246
0.05361749604344368 0.026458293199539185 0.20000000298023224 246 206 211
0.054358214139938354 0.026590583845973015 0.20100000500679016 217 177 182
0.005479585845023394 0.026120714843273163 0.1940000057220459 255 255 192
0.0059051597490906715 0.025986071676015854 0.19300000369548798 255 255 194
0.006358978804200888 0.025986071676015854 0.19300000369548798 255 255 219
0.006777498405426741 0.025851428508758545 0.19200000166893005 255 255 220
0.007191315293312073 0.025716785341501236 0.19099999964237213 254 255 235
0.007640431635081768 0.025716785341501236 0.19099999964237213 254 255 235
0.008047194220125675 0.025582142174243927 0.1899999976158142 254 255 243
0.008449253626167774 0.025447499006986618 0.1889999955892563 254 255 243
0.008893667720258236 0.025447499006986618 0.1889999955892563 254 255 249
0.009288673289120197 0.02531285770237446 0.18799999356269836 254 255 249
0.00973073486238718 0.02531285770237446 0.18799999356269836 254 255 249
0.010118686594069004 0.02517821453511715 0.18700000643730164 254 255 249
0.010558397509157658 0.02517821453511715 0.18700000643730164 254 255 249
0.010998107492923737 0.02517821453511715 0.18700000643730164 254 255 249
0.011376653797924519 0.02504357136785984 0.1860000044107437 254 255 251
0.011814013123512268 0.02504357136785984 0.1860000044107437 254 255 251
0.012251372449100018 0.02504357136785984 0.1860000044107437 254 255 251
0.012688731774687767 0.02504357136785984 0.1860000044107437 254 255 251
0.013126091100275517 0.02504357136785984 0.1860000044107437 254 255 251
0.013490528799593449 0.02490892820060253 0.1850000023841858 254 255 251
0.013925536535680294 0.02490892820060253 0.1850000023841858 254 255 251
0.01436054427176714 0.02490892820060253 0.1850000023841858 254 255 251
0.014795552007853985 0.02490892820060253 0.1850000023841858 254 255 251
0.015148232690989971 0.024774285033345222 0.18400000035762787 254 255 251
0.015580888837575912 0.024774285033345222 0.18400000035762787 254 255 251
0.01601354591548443 0.024774285033345222 0.18400000035762787 254 255 251
0.016446202993392944 0.024774285033345222 0.18400000035762787 254 255 251
0.016787126660346985 0.024639641866087914 0.18299999833106995 254 255 251
0.017217431217432022 0.024639641866087914 0.18299999833106995 254 255 251
0.01764773577451706 0.024639641866087914 0.18299999833106995 254 255 251
0.018078040331602097 0.024639641866087914 0.18299999833106995 254 255 251
0.018508346751332283 0.024639641866087914 0.18299999833106995 254 255 251
0.0188351608812809 0.024505000561475754 0.18199999630451202 254 255 251
0.019263114780187607 0.024505000561475754 0.18199999630451202 254 255 251
0.019691068679094315 0.024505000561475754 0.18199999630451202 254 255 251
0.020119022578001022 0.024505000561475754 0.18199999630451202 254 255 251
0.020434081554412842 0.024370357394218445 0.1809999942779541 254 255 251
0.02085968293249607 0.024370357394218445 0.1809999942779541 254 255 251
0.02128528617322445 0.024370357394218445 0.1809999942779541 254 255 251
0.021710887551307678 0.024370357394218445 0.1809999942779541 254 255 251
0.022014189511537552 0.024235714226961136 0.18000000715255737 254 255 251
0.02243744023144245 0.024235714226961136 0.18000000715255737 245 246 242
0.02286069095134735 0.024235714226961136 0.18000000715255737 252 253 249
0.02328394167125225 0.024235714226961136 0.18000000715255737 254 255 251
0.02370719239115715 0.024235714226961136 0.18000000715255737 254 255 251
0.02413044311106205 0.024235714226961136 0.18000000715255737 254 255 251
0.02455369383096695 0.024235714226961136 0.18000000715255737 254 255 251
0.024976946413517 0.024235714226961136 0.18000000715255737 254 255 251
0.025400197133421898 0.024235714226961136 0.18000000715255737 254 255 251
0.025823447853326797 0.024235714226961136 0.18000000715255737 254 255 251
0.026246698573231697 0.024235714226961136 0.18000000715255737 254 255 251
0.026818115264177322 0.024370357394218445 0.1809999942779541 254 255 251
0.0272437185049057 0.024370357394218445 0.1809999942779541 254 255 249
0.02766931988298893 0.024370357394218445 0.1809999942779541 254 255 249
0.028094923123717308 0.024370357394218445 0.1809999942779541 254 255 247
0.02867809683084488 0.024505000561475754 0.18199999630451202 254 255 247
0.029106050729751587 0.024505000561475754 0.18199999630451202 254 255 247
0.029534004628658295 0.024505000561475754 0.18199999630451202 254 255 247
0.029961958527565002 0.024505000561475754 0.18199999630451202 254 255 249
0.03038991242647171 0.024505000561475754 0.18199999630451202 254 255 249
0.030817866325378418 0.024505000561475754 0.18199999630451202 254 255 249
0.031245820224285126 0.024505000561475754 0.18199999630451202 254 255 249
0.031673774123191833 0.024505000561475754 0.18199999630451202 254 255 249
0.03210172802209854 0.024505000561475754 0.18199999630451202 254 255 249
0.03252968192100525 0.024505000561475754 0.18199999630451202 254 255 249
0.03295763581991196 0.024505000561475754 0.18199999630451202 254 255 249
0.033385589718818665 0.024505000561475754 0.18199999630451202 254 255 249
0.033813539892435074 0.024505000561475754 0.18199999630451202 254 255 249
0.03424149379134178 0.024505000561475754 0.18199999630451202 254 255 249
0.03466944769024849 0.024505000561475754 0.18199999630451202 254 255 249
0.0350974015891552 0.024505000561475754 0.18199999630451202 254 255 249
0.035525355488061905 0.024505000561475754 0.18199999630451202 254 255 249
0.03595330938696861 0.024505000561475754 0.18199999630451202 254 255 249
0.03638126328587532 0.024505000561475754 0.18199999630451202 254 255 249
0.037011466920375824 0.024639641866087914 0.18299999833106995 254 255 249
0.03744177147746086 0.024639641866087914 0.18299999833106995 254 255 249
0.0378720760345459 0.024639641866087914 0.18299999833106995 254 255 249
0.03851168230175972 0.024774285033345222 0.18400000035762787 254 255 249
0.038944341242313385 0.024774285033345222 0.18400000035762787 254 255 251
0.03937699645757675 0.024774285033345222 0.18400000035762787 247 248 244
0.04002600908279419 0.02490892820060253 0.1850000023841858 252 252 248
0.040679726749658585 0.02504357136785984 0.1860000044107437 255 255 251
0.04111708700656891 0.02504357136785984 0.1860000044107437 254 255 251
0.041554443538188934 0.02504357136785984 0.1860000044107437 254 255 251
0.042217567563056946 0.02517821453511715 0.18700000643730164 254 255 251
0.0426572784781456 0.02517821453511715 0.18700000643730164 254 255 251
0.04309698939323425 0.02517821453511715 0.18700000643730164 254 255 251
0.04376951605081558 0.02531285770237446 0.18799999356269836 254 255 251
0.044211577624082565 0.02531285770237446 0.18799999356269836 255 255 251
0.04465363919734955 0.02531285770237446 0.18799999356269836 247 247 243
0.045335572212934494 0.025447499006986618 0.1889999955892563 243 235 234
0.0460222065448761 0.025582142174243927 0.1899999976158142 253 245 244
0.04646897315979004 0.025582142174243927 0.1899999976158142 255 254 245
0.04716266319155693 0.025716785341501236 0.19099999964237213 255 253 244
0.04811033234000206 0.025986071676015854 0.19300000369548798 255 254 238
0.0488157793879509 0.026120714843273163 0.1940000057220459 254 251 235
0.04952592775225639 0.026255356147885323 0.19499999284744263 234 229 211
0.05024078115820885 0.02638999931514263 0.19599999487400055 248 243 225
0.05096033588051796 0.02652464248239994 0.19699999690055847 255 252 243
0.05168459191918373 0.02665928564965725 0.1979999989271164 255 252 243
0.05241355299949646 0.02679392881691456 0.19900000095367432 252 235 235
0.05288148298859596 0.02679392881691456 0.19900000095367432 249 232 232
0.05361749604344368 0.026928571984171867 0.20000000298023224 255 224 231
0.054358214139938354 0.027063213288784027 0.20100000500679016 238 199 206
0.005479585845023394 0.02657688409090042 0.1940000057220459 254 255 188
0.0059051597490906715 0.026439890265464783 0.19300000369548798 255 255 191
0.006358978804200888 0.026439890265464783 0.19300000369548798 255 255 209
0.006777498405426741 0.026302896440029144 0.19200000166893005 255 255 209
0.007191315293312073 0.026165902614593506 0.19099999964237213 254 255 230
0.007640431635081768 0.026165902614593506 0.19099999964237213 254 255 230
0.008047194220125675 0.026028906926512718 0.1899999976158142 254 255 241
0.008449253626167774 0.02589191310107708 0.1889999955892563 254 255 241
0.008893667720258236 0.02589191310107708 0.1889999955892563 254 255 247
0.009288673289120197 0.02575491927564144 0.18799999356269836 254 255 247
0.00973073486238718 0.02575491927564144 0.18799999356269836 254 255 249
0.010118686594069004 0.025617925450205803 0.18700000643730164 254 255 249
0.010558397509157658 0.025617925450205803 0.18700000643730164 254 255 249
0.010998107492923737 0.025617925450205803 0.18700000643730164 254 255 249
0.011376653797924519 0.025480929762125015 0.1860000044107437 254 255 251
0.011814013123512268 0.025480929762125015 0.1860000044107437 254 255 251
0.012251372449100018 0.025480929762125015 0.1860000044107437 254 255 251
0.012688731774687767 0.025480929762125015 0.1860000044107437 254 255 251
0.013055521063506603 0.025343935936689377 0.1850000023841858 254 255 251
0.013490528799593449 0.025343935936689377 0.1850000023841858 254 255 251
0.013925536535680294 0.025343935936689377 0.1850000023841858 254 255 251
0.01436054427176714 0.025343935936689377 0.1850000023841858 254 255 251
0.014795552007853985 0.025343935936689377 0.1850000023841858 254 255 251
0.015148232690989971 0.02520694211125374 0.18400000035762787 254 255 251
0.015580888837575912 0.02520694211125374 0.18400000035762787 254 255 251
0.01601354591548443 0.02520694211125374 0.18400000035762787 254 255 251
0.016446202993392944 0.02520694211125374 0.18400000035762787 254 255 251
0.016787126660346985 0.0250699482858181 0.18299999833106995 254 255 251
0.017217431217432022 0.0250699482858181 0.18299999833106995 254 255 251
0.01764773577451706 0.0250699482858181 0.18299999833106995 254 255 251
0.018078040331602097 0.0250699482858181 0.18299999833106995 254 255 251
0.018508346751332283 0.0250699482858181 0.18299999833106995 254 255 251
0.0188351608812809 0.024932952597737312 0.18199999630451202 254 255 251
0.019263114780187607 0.024932952597737312 0.18199999630451202 254 255 251
0.019691068679094315 0.024932952597737312 0.18199999630451202 254 255 251
0.020008478313684464 0.024795958772301674 0.1809999942779541 254 255 251
0.020434081554412842 0.024795958772301674 0.1809999942779541 254 255 251
0.02085968293249607 0.024795958772301674 0.1809999942779541 254 255 251
0.02128528617322445 0.024795958772301674 0.1809999942779541 254 255 251
0.021710887551307678 0.024795958772301674 0.1809999942779541 254 255 251
0.022014189511537552 0.024658964946866035 0.18000000715255737 254 255 251
0.02243744023144245 0.024658964946866035 0.18000000715255737 238 239 235
0.02286069095134735 0.024658964946866035 0.18000000715255737 252 253 249
0.02328394167125225 0.024658964946866035 0.18000000715255737 254 255 251
0.02370719239115715 0.024658964946866035 0.18000000715255737 254 255 251
0.02413044311106205 0.024658964946866035 0.18000000715255737 254 255 251
0.02455369383096695 0.024658964946866035 0.18000000715255737 254 255 251
0.024976946413517 0.024658964946866035 0.18000000715255737 254 255 251
0.025400197133421898 0.024658964946866035 0.18000000715255737 254 255 251
0.025823447853326797 0.024658964946866035 0.18000000715255737 254 255 251
0.026246698573231697 0.024658964946866035 0.18000000715255737 254 255 251
0.026669949293136597 0.024658964946866035 0.18000000715255737 254 255 251
0.0272437185049057 0.024795958772301674 0.1809999942779541 254 255 249
0.02766931988298893 0.024795958772301674 0.1809999942779541 253 254 248
0.028094923123717308 0.024795958772301674 0.1809999942779541 252 253 247
0.028520524501800537 0.024795958772301674 0.1809999942779541 254 255 249
0.029106050729751587 0.024932952597737312 0.18199999630451202 254 255 249
0.029534004628658295 0.024932952597737312 0.18199999630451202 254 255 249
0.029961958527565002 0.024932952597737312 0.18199999630451202 254 255 249
0.03038991242647171 0.024932952597737312 0.18199999630451202 254 255 249
0.030817866325378418 0.024932952597737312 0.18199999630451202 254 255 249
0.031245820224285126 0.024932952597737312 0.18199999630451202 254 255 249
0.031673774123191833 0.024932952597737312 0.18199999630451202 254 255 249
0.03210172802209854 0.024932952597737312 0.18199999630451202 254 255 249
0.03252968192100525 0.024932952597737312 0.18199999630451202 254 255 249
0.03295763581991196 0.024932952597737312 0.18199999630451202 254 255 249
0.033385589718818665 0.024932952597737312 0.18199999630451202 254 255 249
0.033813539892435074 0.024932952597737312 0.18199999630451202 253 254 248
0.03424149379134178 0.024932952597737312 0.18199999630451202 254 255 249
0.03466944769024849 0.024932952597737312 0.18199999630451202 254 255 249
0.0350974015891552 0.024932952597737312 0.18199999630451202 254 255 249
0.035525355488061905 0.024932952597737312 0.18199999630451202 254 255 249
0.03595330938696861 0.024932952597737312 0.18199999630451202 254 255 249
0.03638126328587532 0.024932952597737312 0.18199999630451202 254 255 249
0.037011466920375824 0.0250699482858181 0.18299999833106995 254 255 249
0.03744177147746086 0.0250699482858181 0.18299999833106995 254 255 249
0.0378720760345459 0.0250699482858181 0.18299999833106995 254 255 249
0.03851168230175972 0.02520694211125374 0.18400000035762787 254 255 249
0.038944341242313385 0.02520694211125374 0.18400000035762787 255 255 251
0.03937699645757675 0.02520694211125374 0.18400000035762787 254 254 250
0.04002600908279419 0.025343935936689377 0.1850000023841858 247 247 243
0.040461018681526184 0.025343935936689377 0.1850000023841858 255 255 251
0.04111708700656891 0.025480929762125015 0.1860000044107437 254 255 251
0.041554443538188934 0.025480929762125015 0.1860000044107437 254 255 251
0.04199180379509926 0.025480929762125015 0.1860000044107437 254 255 251
0.0426572784781456 0.025617925450205803 0.18700000643730164 254 255 251
0.04309698939323425 0.025617925450205803 0.18700000643730164 254 255 251
0.04376951605081558 0.02575491927564144 0.18799999356269836 254 255 251
0.044211577624082565 0.02575491927564144 0.18799999356269836 254 255 251
0.04465363919734955 0.02575491927564144 0.18799999356269836 252 253 249
0.045335572212934494 0.02589191310107708 0.1889999955892563 236 231 227
0.045779984444379807 0.02589191310107708 0.1889999955892563 247 242 238
0.04646897315979004 0.026028906926512718 0.1899999976158142 255 253 243
0.04716266319155693 0.026165902614593506 0.19099999964237213 255 252 242
0.04786105453968048 0.026302896440029144 0.19200000166893005 255 254 237
0.04856415092945099 0.026439890265464783 0.19300000369548798 243 242 225
0.04952592775225639 0.02671387791633606 0.19499999284744263 235 225 211
0.05024078115820885 0.026850873604416847 0.19599999487400055 230 220 206
0.05096033588051796 0.026987867429852486 0.19699999690055847 245 224 221
0.05168459191918373 0.027124861255288124 0.1979999989271164 255 244 241
0.05241355299949646 0.027261855080723763 0.19900000095367432 255 244 243
0.05288148298859596 0.027261855080723763 0.19900000095367432 255 239 238
0.05361749604344368 0.02739885076880455 0.20000000298023224 255 214 225
0.05408777669072151 0.02739885076880455 0.20000000298023224 255 219 230
0.006358978804200888 0.02689370885491371 0.19300000369548798 254 255 197
0.006777498405426741 0.026754364371299744 0.19200000166893005 255 255 198
0.007191315293312073 0.026615018025040627 0.19099999964237213 254 255 216
0.007640431635081768 0.026615018025040627 0.19099999964237213 253 255 215
0.008047194220125675 0.02647567167878151 0.1899999976158142 254 255 237
0.008449253626167774 0.02633632719516754 0.1889999955892563 254 255 237
0.008893667720258236 0.02633632719516754 0.1889999955892563 254 255 247
0.009288673289120197 0.026196980848908424 0.18799999356269836 254 255 247
0.00973073486238718 0.026196980848908424 0.18799999356269836 254 255 249
0.010118686594069004 0.026057634502649307 0.18700000643730164 254 255 249
0.010558397509157658 0.026057634502649307 0.18700000643730164 254 255 249
0.010939294472336769 0.02591829001903534 0.1860000044107437 254 255 249
0.011376653797924519 0.02591829001903534 0.1860000044107437 254 255 251
0.011814013123512268 0.02591829001903534 0.1860000044107437 254 255 251
0.012251372449100018 0.02591829001903534 0.1860000044107437 254 255 251
0.012688731774687767 0.02591829001903534 0.1860000044107437 254 255 251
0.013055521063506603 0.025778943672776222 0.1850000023841858 254 255 251
0.013490528799593449 0.025778943672776222 0.1850000023841858 254 255 251
0.013925536535680294 0.025778943672776222 0.1850000023841858 254 255 251
0.01436054427176714 0.025778943672776222 0.1850000023841858 254 255 251
0.01471557654440403 0.025639599189162254 0.18400000035762787 254 255 251
0.015148232690989971 0.025639599189162254 0.18400000035762787 254 255 251
0.015580888837575912 0.025639599189162254 0.18400000035762787 254 255 251
0.01601354591548443 0.025639599189162254 0.18400000035762787 254 255 251
0.0163568202406168 0.025500252842903137 0.18299999833106995 254 255 251
0.016787126660346985 0.025500252842903137 0.18299999833106995 254 255 251
0.017217431217432022 0.025500252842903137 0.18299999833106995 254 255 251
0.01764773577451706 0.025500252842903137 0.18299999833106995 254 255 251
0.018078040331602097 0.025500252842903137 0.18299999833106995 254 255 251
0.018508346751332283 0.025500252842903137 0.18299999833106995 254 255 251
0.0188351608812809 0.02536090649664402 0.18199999630451202 254 255 251
0.019263114780187607 0.02536090649664402 0.18199999630451202 254 255 251
0.019691068679094315 0.02536090649664402 0.18199999630451202 254 255 251
0.020008478313684464 0.025221562013030052 0.1809999942779541 254 255 251
0.020434081554412842 0.025221562013030052 0.1809999942779541 254 255 251
0.02085968293249607 0.025221562013030052 0.1809999942779541 254 255 251
0.02128528617322445 0.025221562013030052 0.1809999942779541 254 255 251
0.021710887551307678 0.025221562013030052 0.1809999942779541 254 255 251
0.022014189511537552 0.025082215666770935 0.18000000715255737 254 255 249
0.02243744023144245 0.025082215666770935 0.18000000715255737 228 229 223
0.02286069095134735 0.025082215666770935 0.18000000715255737 250 251 245
0.02328394167125225 0.025082215666770935 0.18000000715255737 254 255 249
0.02370719239115715 0.025082215666770935 0.18000000715255737 254 255 249
0.02413044311106205 0.025082215666770935 0.18000000715255737 254 255 249
0.02455369383096695 0.025082215666770935 0.18000000715255737 254 255 251
0.024976946413517 0.025082215666770935 0.18000000715255737 254 255 251
0.025400197133421898 0.025082215666770935 0.18000000715255737 254 255 251
0.025823447853326797 0.025082215666770935 0.18000000715255737 254 255 251
0.026246698573231697 0.025082215666770935 0.18000000715255737 254 255 251
0.026669949293136597 0.025082215666770935 0.18000000715255737 254 255 251
0.0272437185049057 0.025221562013030052 0.1809999942779541 254 255 249
0.02766931988298893 0.025221562013030052 0.1809999942779541 250 251 245
0.028094923123717308 0.025221562013030052 0.1809999942779541 244 244 238
0.028520524501800537 0.025221562013030052 0.1809999942779541 254 254 248
0.028946127742528915 0.025221562013030052 0.1809999942779541 254 255 249
0.029371729120612144 0.025221562013030052 0.1809999942779541 254 255 249
0.029961958527565002 0.02536090649664402 0.18199999630451202 254 255 249
0.03038991242647171 0.02536090649664402 0.18199999630451202 254 255 249
0.030817866325378418 0.02536090649664402 0.18199999630451202 254 255 249
0.031245820224285126 0.02536090649664402 0.18199999630451202 254 255 249
0.031673774123191833 0.02536090649664402 0.18199999630451202 254 255 251
0.03210172802209854 0.02536090649664402 0.18199999630451202 254 255 251
0.03252968192100525 0.02536090649664402 0.18199999630451202 254 255 249
0.03295763581991196 0.02536090649664402 0.18199999630451202 254 255 249
0.033385589718818665 0.02536090649664402 0.18199999630451202 252 254 243
0.033813539892435074 0.02536090649664402 0.18199999630451202 238 240 229
0.03424149379134178 0.02536090649664402 0.18199999630451202 254 255 244
0.03466944769024849 0.02536090649664402 0.18199999630451202 255 255 245
0.0350974015891552 0.02536090649664402 0.18199999630451202 254 255 247
0.035525355488061905 0.02536090649664402 0.18199999630451202 254 255 247
0.03595330938696861 0.02536090649664402 0.18199999630451202 254 255 249
0.03638126328587532 0.02536090649664402 0.18199999630451202 254 255 249
0.037011466920375824 0.025500252842903137 0.18299999833106995 254 255 249
0.03744177147746086 0.025500252842903137 0.18299999833106995 254 255 249
0.0378720760345459 0.025500252842903137 0.18299999833106995 254 255 249
0.03851168230175972 0.025639599189162254 0.18400000035762787 254 255 249
0.038944341242313385 0.025639599189162254 0.18400000035762787 255 255 251
0.03937699645757675 0.025639599189162254 0.18400000035762787 246 246 242
0.04002600908279419 0.025778943672776222 0.1850000023841858 229 229 223
0.040461018681526184 0.025778943672776222 0.1850000023841858 255 255 249
0.04111708700656891 0.02591829001903534 0.1860000044107437 255 255 249
0.041554443538188934 0.02591829001903534 0.1860000044107437 255 255 249
0.04199180379509926 0.02591829001903534 0.1860000044107437 254 255 249
0.0426572784781456 0.026057634502649307 0.18700000643730164 254 255 249
0.04309698939323425 0.026057634502649307 0.18700000643730164 254 255 251
0.043536700308322906 0.026057634502649307 0.18700000643730164 254 255 251
0.04397641122341156 0.026057634502649307 0.18700000643730164 254 255 251
0.04465363919734955 0.026196980848908424 0.18799999356269836 254 255 251
0.04509570077061653 0.026196980848908424 0.18799999356269836 232 228 221
0.045779984444379807 0.02633632719516754 0.1889999955892563 243 239 232
0.04646897315979004 0.02647567167878151 0.1899999976158142 255 250 240
0.04716266319155693 0.026615018025040627 0.19099999964237213 255 253 243
0.04786105453968048 0.026754364371299744 0.19200000166893005 255 255 241
0.04856415092945099 0.02689370885491371 0.19300000369548798 255 254 240
0.049271948635578156 0.02703305520117283 0.1940000057220459 254 240 232
0.04998445138335228 0.027172399684786797 0.19499999284744263 222 208 200
0.05096033588051796 0.02745109237730503 0.19699999690055847 238 210 209
0.05168459191918373 0.027590436860919 0.1979999989271164 249 221 220
0.052150171250104904 0.027590436860919 0.1979999989271164 255 233 237
0.05288148298859596 0.027729783207178116 0.19900000095367432 255 233 237
0.05361749604344368 0.027869129553437233 0.20000000298023224 255 212 225
0.05408777669072151 0.027869129553437233 0.20000000298023224 255 210 223
0.006777498405426741 0.027205830439925194 0.19200000166893005 255 255 189
0.007191315293312073 0.027064133435487747 0.19099999964237213 255 255 201
0.007640431635081768 0.027064133435487747 0.19099999964237213 242 236 182
0.008047194220125675 0.0269224364310503 0.1899999976158142 247 251 221
0.008449253626167774 0.026780739426612854 0.1889999955892563 255 255 229
0.008893667720258236 0.026780739426612854 0.1889999955892563 254 255 245
0.009288673289120197 0.026639042422175407 0.18799999356269836 254 255 245
0.00973073486238718 0.026639042422175407 0.18799999356269836 254 255 249
0.010118686594069004 0.02649734541773796 0.18700000643730164 254 255 249
0.010558397509157658 0.02649734541773796 0.18700000643730164 254 255 249
0.010939294472336769 0.026355648413300514 0.1860000044107437 254 255 249
0.011376653797924519 0.026355648413300514 0.1860000044107437 254 255 251
0.011814013123512268 0.026355648413300514 0.1860000044107437 254 255 251
0.012251372449100018 0.026355648413300514 0.1860000044107437 254 255 251
0.012688731774687767 0.026355648413300514 0.1860000044107437 254 255 251
0.013055521063506603 0.026213951408863068 0.1850000023841858 254 255 251
0.013490528799593449 0.026213951408863068 0.1850000023841858 254 255 251
0.013925536535680294 0.026213951408863068 0.1850000023841858 254 255 251
0.01436054427176714 0.026213951408863068 0.1850000023841858 254 255 251
0.01471557654440403 0.02607225440442562 0.18400000035762787 254 255 251
0.015148232690989971 0.02607225440442562 0.18400000035762787 254 255 251
0.015580888837575912 0.02607225440442562 0.18400000035762787 254 255 251
0.01601354591548443 0.02607225440442562 0.18400000035762787 254 255 251
0.0163568202406168 0.025930557399988174 0.18299999833106995 254 255 251
0.016787126660346985 0.025930557399988174 0.18299999833106995 254 255 251
0.017217431217432022 0.025930557399988174 0.18299999833106995 254 255 249
0.01764773577451706 0.025930557399988174 0.18299999833106995 254 255 249
0.018078040331602097 0.025930557399988174 0.18299999833106995 254 255 247
0.018508346751332283 0.025930557399988174 0.18299999833106995 254 255 247
0.0188351608812809 0.025788860395550728 0.18199999630451202 254 255 249
0.019263114780187607 0.025788860395550728 0.18199999630451202 254 255 249
0.019691068679094315 0.025788860395550728 0.18199999630451202 254 255 249
0.020008478313684464 0.02564716339111328 0.1809999942779541 254 255 249
0.020434081554412842 0.02564716339111328 0.1809999942779541 254 255 249
0.02085968293249607 0.02564716339111328 0.1809999942779541 254 255 249
0.02128528617322445 0.02564716339111328 0.1809999942779541 254 255 249
0.021710887551307678 0.02564716339111328 0.1809999942779541 254 255 249
0.022014189511537552 0.025505466386675835 0.18000000715255737 254 255 241
0.02243744023144245 0.025505466386675835 0.18000000715255737 216 219 203
0.02286069095134735 0.025505466386675835 0.18000000715255737 225 228 210
0.02328394167125225 0.025505466386675835 0.18000000715255737 254 255 239
0.02370719239115715 0.025505466386675835 0.18000000715255737 252 255 247
0.02413044311106205 0.025505466386675835 0.18000000715255737 252 255 247
0.02455369383096695 0.025505466386675835 0.18000000715255737 252 255 249
0.024976946413517 0.025505466386675835 0.18000000715255737 252 255 249
0.025400197133421898 0.025505466386675835 0.18000000715255737 252 255 249
0.025823447853326797 0.025505466386675835 0.18000000715255737 252 255 249
0.026246698573231697 0.025505466386675835 0.18000000715255737 252 255 249
0.026669949293136597 0.025505466386675835 0.18000000715255737 252 255 249
0.0272437185049057 0.02564716339111328 0.1809999942779541 255 255 247
0.02766931988298893 0.02564716339111328 0.1809999942779541 246 247 238
0.028094923123717308 0.02564716339111328 0.1809999942779541 237 233 224
0.028520524501800537 0.02564716339111328 0.1809999942779541 250 246 237
0.028946127742528915 0.02564716339111328 0.1809999942779541 254 255 247
0.029371729120612144 0.02564716339111328 0.1809999942779541 254 255 247
0.029797332361340523 0.02564716339111328 0.1809999942779541 254 255 249
0.03038991242647171 0.025788860395550728 0.18199999630451202 254 255 249
0.030817866325378418 0.025788860395550728 0.18199999630451202 254 255 249
0.031245820224285126 0.025788860395550728 0.18199999630451202 254 255 249
0.031673774123191833 0.025788860395550728 0.18199999630451202 254 255 251
0.03210172802209854 0.025788860395550728 0.18199999630451202 254 255 251
0.03252968192100525 0.025788860395550728 0.18199999630451202 254 255 249
0.03295763581991196 0.025788860395550728 0.18199999630451202 254 255 249
0.033385589718818665 0.025788860395550728 0.18199999630451202 250 253 237
0.033813539892435074 0.025788860395550728 0.18199999630451202 237 240 224
0.03424149379134178 0.025788860395550728 0.18199999630451202 255 255 235
0.03466944769024849 0.025788860395550728 0.18199999630451202 255 255 236
0.0350974015891552 0.025788860395550728 0.18199999630451202 254 255 243
0.035525355488061905 0.025788860395550728 0.18199999630451202 254 255 243
0.03595330938696861 0.025788860395550728 0.18199999630451202 254 255 249
0.03658116236329079 0.025930557399988174 0.18299999833106995 254 255 249
0.037011466920375824 0.025930557399988174 0.18299999833106995 254 255 249
0.03744177147746086 0.025930557399988174 0.18299999833106995 254 255 249
0.0378720760345459 0.025930557399988174 0.18299999833106995 254 255 249
0.038302380591630936 0.025930557399988174 0.18299999833106995 254 255 249
0.038944341242313385 0.02607225440442562 0.18400000035762787 255 252 247
0.03937699645757675 0.02607225440442562 0.18400000035762787 249 246 241
0.04002600908279419 0.026213951408863068 0.1850000023841858 232 228 219
0.040461018681526184 0.026213951408863068 0.1850000023841858 250 246 237
0.04089602455496788 0.026213951408863068 0.1850000023841858 255 255 245
0.041554443538188934 0.026355648413300514 0.1860000044107437 255 255 245
0.04199180379509926 0.026355648413300514 0.1860000044107437 254 255 247
0.04242916405200958 0.026355648413300514 0.1860000044107437 254 255 247
0.04309698939323425 0.02649734541773796 0.18700000643730164 254 255 249
0.043536700308322906 0.02649734541773796 0.18700000643730164 254 255 249
0.04397641122341156 0.02649734541773796 0.18700000643730164 254 255 249
0.04465363919734955 0.026639042422175407 0.18799999356269836 253 254 248
0.04509570077061653 0.026639042422175407 0.18799999356269836 223 221 211
0.045779984444379807 0.026780739426612854 0.1889999955892563 228 226 216
0.04646897315979004 0.0269224364310503 0.1899999976158142 240 236 225
0.04691573604941368 0.0269224364310503 0.1899999976158142 255 252 241
0.04786105453968048 0.027205830439925194 0.19200000166893005 255 251 242
0.04856415092945099 0.02734752744436264 0.19300000369548798 255 253 244
0.049271948635578156 0.027489224448800087 0.1940000057220459 255 242 244
0.04998445138335228 0.027630923315882683 0.19499999284744263 219 197 199
0.05070165544748306 0.02777262032032013 0.19599999487400055 236 193 199
0.051423560827970505 0.027914317324757576 0.19699999690055847 243 200 206
0.052150171250104904 0.028056014329195023 0.1979999989271164 255 206 212
0.05288148298859596 0.02819771133363247 0.19900000095367432 255 208 214
0.05361749604344368 0.028339408338069916 0.20000000298023224 255 201 211
0.05408777669072151 0.028339408338069916 0.20000000298023224 252 190 200
0.008047194220125675 0.027369201183319092 0.1899999976158142 234 233 191
0.008493958972394466 0.027369201183319092 0.1899999976158142 255 255 217
0.008893667720258236 0.027225153520703316 0.1889999955892563 254 255 243
0.009288673289120197 0.02708110585808754 0.18799999356269836 254 255 243
0.00973073486238718 0.02708110585808754 0.18799999356269836 254 255 247
0.010118686594069004 0.026937056332826614 0.18700000643730164 254 255 247
0.010558397509157658 0.026937056332826614 0.18700000643730164 254 255 249
0.010939294472336769 0.02679300867021084 0.1860000044107437 254 255 249
0.011376653797924519 0.02679300867021084 0.1860000044107437 254 255 251
0.011814013123512268 0.02679300867021084 0.1860000044107437 254 255 251
0.012251372449100018 0.02679300867021084 0.1860000044107437 254 255 247
0.012688731774687767 0.02679300867021084 0.1860000044107437 252 254 245
0.013055521063506603 0.026648959144949913 0.1850000023841858 253 255 246
0.013490528799593449 0.026648959144949913 0.1850000023841858 254 255 247
0.013925536535680294 0.026648959144949913 0.1850000023841858 254 255 249
0.01436054427176714 0.026648959144949913 0.1850000023841858 254 255 249
0.01471557654440403 0.026504911482334137 0.18400000035762787 254 255 249
0.015148232690989971 0.026504911482334137 0.18400000035762787 254 255 249
0.015580888837575912 0.026504911482334137 0.18400000035762787 254 255 249
0.01592651568353176 0.02636086381971836 0.18299999833106995 254 255 249
0.0163568202406168 0.02636086381971836 0.18299999833106995 254 255 249
0.016787126660346985 0.02636086381971836 0.18299999833106995 254 255 249
0.017217431217432022 0.02636086381971836 0.18299999833106995 254 255 238
0.01764773577451706 0.02636086381971836 0.18299999833106995 240 242 224
0.018078040331602097 0.02636086381971836 0.18299999833106995 253 255 240
0.018508346751332283 0.02636086381971836 0.18299999833106995 254 255 241
0.0188351608812809 0.026216814294457436 0.18199999630451202 254 255 245
0.019263114780187607 0.026216814294457436 0.18199999630451202 254 255 245
0.019691068679094315 0.026216814294457436 0.18199999630451202 254 255 249
0.020008478313684464 0.02607276663184166 0.1809999942779541 254 255 249
0.020434081554412842 0.02607276663184166 0.1809999942779541 254 255 249
0.02085968293249607 0.02607276663184166 0.1809999942779541 254 255 249
0.02128528617322445 0.02607276663184166 0.1809999942779541 254 255 245
0.021710887551307678 0.02607276663184166 0.1809999942779541 254 255 245
0.022136490792036057 0.02607276663184166 0.1809999942779541 255 255 233
0.022562092170119286 0.02607276663184166 0.1809999942779541 212 210 187
0.022987695410847664 0.02607276663184166 0.1809999942779541 208 197 172
0.023413296788930893 0.02607276663184166 0.1809999942779541 255 254 229
0.02370719239115715 0.025928717106580734 0.18000000715255737 254 255 239
0.02413044311106205 0.025928717106580734 0.18000000715255737 254 255 239
0.02455369383096695 0.025928717106580734 0.18000000715255737 254 255 247
0.024976946413517 0.025928717106580734 0.18000000715255737 254 255 247
0.025400197133421898 0.025928717106580734 0.18000000715255737 254 255 249
0.025823447853326797 0.025928717106580734 0.18000000715255737 254 255 249
0.026246698573231697 0.025928717106580734 0.18000000715255737 254 255 247
0.026669949293136597 0.025928717106580734 0.18000000715255737 254 255 247
0.0272437185049057 0.02607276663184166 0.1809999942779541 255 255 239
0.02766931988298893 0.02607276663184166 0.1809999942779541 247 244 228
0.028094923123717308 0.02607276663184166 0.1809999942779541 243 231 213
0.028520524501800537 0.02607276663184166 0.1809999942779541 255 245 227
0.028946127742528915 0.02607276663184166 0.1809999942779541 255 255 237
0.029371729120612144 0.02607276663184166 0.1809999942779541 255 255 237
0.029797332361340523 0.02607276663184166 0.1809999942779541 254 255 245
0.03038991242647171 0.026216814294457436 0.18199999630451202 254 255 245
0.030817866325378418 0.026216814294457436 0.18199999630451202 254 255 247
0.031245820224285126 0.026216814294457436 0.18199999630451202 254 255 247
0.031673774123191833 0.026216814294457436 0.18199999630451202 254 255 249
0.03210172802209854 0.026216814294457436 0.18199999630451202 254 255 249
0.03252968192100525 0.026216814294457436 0.18199999630451202 254 255 245
0.03295763581991196 0.026216814294457436 0.18199999630451202 254 255 245
0.033385589718818665 0.026216814294457436 0.18199999630451202 246 242 217
0.033813539892435074 0.026216814294457436 0.18199999630451202 232 228 203
0.03424149379134178 0.026216814294457436 0.18199999630451202 252 246 220
0.03466944769024849 0.026216814294457436 0.18199999630451202 255 254 228
0.0350974015891552 0.026216814294457436 0.18199999630451202 254 255 239
0.035525355488061905 0.026216814294457436 0.18199999630451202 254 255 239
0.03595330938696861 0.026216814294457436 0.18199999630451202 254 255 247
0.03658116236329079 0.02636086381971836 0.18299999833106995 254 255 247
0.037011466920375824 0.02636086381971836 0.18299999833106995 254 255 249
0.03744177147746086 0.02636086381971836 0.18299999833106995 254 255 249
0.0378720760345459 0.02636086381971836 0.18299999833106995 254 255 249
0.038302380591630936 0.02636086381971836 0.18299999833106995 252 253 247
0.038944341242313385 0.026504911482334137 0.18400000035762787 249 247 239
0.03937699645757675 0.026504911482334137 0.18400000035762787 246 244 236
0.03980965539813042 0.026504911482334137 0.18400000035762787 246 238 226
0.040461018681526184 0.026648959144949913 0.1850000023841858 243 235 223
0.04089602455496788 0.026648959144949913 0.1850000023841858 249 248 231
0.041331034153699875 0.026648959144949913 0.1850000023841858 255 255 239
0.04199180379509926 0.02679300867021084 0.1860000044107437 254 255 245
0.04242916405200958 0.02679300867021084 0.1860000044107437 254 255 245
0.04286652430891991 0.02679300867021084 0.1860000044107437 254 255 249
0.04330388084053993 0.02679300867021084 0.1860000044107437 254 255 249
0.04397641122341156 0.026937056332826614 0.18700000643730164 254 255 249
0.04465363919734955 0.02708110585808754 0.18799999356269836 250 251 245
0.04509570077061653 0.02708110585808754 0.18799999356269836 221 214 206
0.045537762343883514 0.02708110585808754 0.18799999356269836 229 222 214
0.04622440040111542 0.027225153520703316 0.1889999955892563 255 246 238
0.04691573604941368 0.027369201183319092 0.1899999976158142 255 250 242
0.0476117804646492 0.027513250708580017 0.19099999964237213 255 241 234
0.04831252247095108 0.027657298371195793 0.19200000166893005 255 242 235
0.04901796951889992 0.02780134789645672 0.19300000369548798 255 227 230
0.049728117883205414 0.027945395559072495 0.1940000057220459 223 190 193
0.05070165544748306 0.028233492746949196 0.19599999487400055 232 177 185
0.051423560827970505 0.028377540409564972 0.19699999690055847 253 198 206
0.052150171250104904 0.028521589934825897 0.1979999989271164 255 209 222
0.05288148298859596 0.028665637597441673 0.19900000095367432 255 187 200
0.05334940925240517 0.028665637597441673 0.19900000095367432 255 193 203
0.05408777669072151 0.0288096871227026 0.20000000298023224 255 191 201
0.008047194220125675 0.027815967798233032 0.1899999976158142 230 211 164
0.008493958972394466 0.027815967798233032 0.1899999976158142 255 254 207
0.008893667720258236 0.027669567614793777 0.1889999955892563 255 255 235
0.009288673289120197 0.027523167431354523 0.18799999356269836 255 255 235
0.00973073486238718 0.027523167431354523 0.18799999356269836 254 255 243
0.010118686594069004 0.027376767247915268 0.18700000643730164 254 255 243
0.010558397509157658 0.027376767247915268 0.18700000643730164 254 255 245
0.010939294472336769 0.027230367064476013 0.1860000044107437 254 255 245
0.011376653797924519 0.027230367064476013 0.1860000044107437 255 255 243
0.011814013123512268 0.027230367064476013 0.1860000044107437 255 255 243
0.012251372449100018 0.027230367064476013 0.1860000044107437 255 254 237
0.012688731774687767 0.027230367064476013 0.1860000044107437 246 239 222
0.013055521063506603 0.027083968743681908 0.1850000023841858 233 231 210
0.013490528799593449 0.027083968743681908 0.1850000023841858 254 252 231
0.013925536535680294 0.027083968743681908 0.1850000023841858 254 255 239
0.014282919466495514 0.026937568560242653 0.18400000035762787 254 255 239
0.01471557654440403 0.026937568560242653 0.18400000035762787 252 255 243
0.015148232690989971 0.026937568560242653 0.18400000035762787 252 255 243
0.015580888837575912 0.026937568560242653 0.18400000035762787 250 255 243
0.01592651568353176 0.026791168376803398 0.18299999833106995 250 255 243
0.0163568202406168 0.026791168376803398 0.18299999833106995 252 255 239
0.016787126660346985 0.026791168376803398 0.18299999833106995 252 255 239
0.017217431217432022 0.026791168376803398 0.18299999833106995 255 252 221
0.01764773577451706 0.026791168376803398 0.18299999833106995 205 198 167
0.018078040331602097 0.026791168376803398 0.18299999833106995 249 248 220
0.018508346751332283 0.026791168376803398 0.18299999833106995 255 255 229
0.0188351608812809 0.026644768193364143 0.18199999630451202 254 255 237
0.019263114780187607 0.026644768193364143 0.18199999630451202 254 255 237
0.019582876935601234 0.02649836800992489 0.1809999942779541 252 255 243
0.020008478313684464 0.02649836800992489 0.1809999942779541 252 255 243
0.020434081554412842 0.02649836800992489 0.1809999942779541 252 255 241
0.02085968293249607 0.02649836800992489 0.1809999942779541 252 255 241
0.02128528617322445 0.02649836800992489 0.1809999942779541 253 255 232
0.021590938791632652 0.026351967826485634 0.18000000715255737 252 255 231
0.022014189511537552 0.026351967826485634 0.18000000715255737 255 254 223
0.022562092170119286 0.02649836800992489 0.1809999942779541 215 203 172
0.02286069095134735 0.026351967826485634 0.18000000715255737 199 177 142
0.02328394167125225 0.026351967826485634 0.18000000715255737 255 252 217
0.02370719239115715 0.026351967826485634 0.18000000715255737 255 255 229
0.02413044311106205 0.026351967826485634 0.18000000715255737 255 255 231
0.02455369383096695 0.026351967826485634 0.18000000715255737 254 255 237
0.024976946413517 0.026351967826485634 0.18000000715255737 254 255 237
0.025400197133421898 0.026351967826485634 0.18000000715255737 252 255 241
0.025823447853326797 0.026351967826485634 0.18000000715255737 252 255 241
0.026246698573231697 0.026351967826485634 0.18000000715255737 254 255 234
0.026669949293136597 0.026351967826485634 0.18000000715255737 254 255 234
0.0272437185049057 0.02649836800992489 0.1809999942779541 255 253 226
0.02766931988298893 0.02649836800992489 0.1809999942779541 235 223 196
0.028094923123717308 0.02649836800992489 0.1809999942779541 194 162 138
0.028520524501800537 0.02649836800992489 0.1809999942779541 210 178 154
0.028946127742528915 0.02649836800992489 0.1809999942779541 255 250 219
0.029371729120612144 0.02649836800992489 0.1809999942779541 255 254 223
0.029797332361340523 0.02649836800992489 0.1809999942779541 255 255 233
0.03038991242647171 0.026644768193364143 0.18199999630451202 255 255 233
0.030817866325378418 0.026644768193364143 0.18199999630451202 254 255 241
0.031245820224285126 0.026644768193364143 0.18199999630451202 254 255 241
0.031673774123191833 0.026644768193364143 0.18199999630451202 254 255 241
0.03210172802209854 0.026644768193364143 0.18199999630451202 254 255 241
0.03252968192100525 0.026644768193364143 0.18199999630451202 255 255 233
0.03295763581991196 0.026644768193364143 0.18199999630451202 255 255 233
0.033385589718818665 0.026644768193364143 0.18199999630451202 211 196 159
0.033813539892435074 0.026644768193364143 0.18199999630451202 209 194 157
0.03424149379134178 0.026644768193364143 0.18199999630451202 255 237 201
0.03466944769024849 0.026644768193364143 0.18199999630451202 255 253 217
0.0350974015891552 0.026644768193364143 0.18199999630451202 255 255 228
0.035525355488061905 0.026644768193364143 0.18199999630451202 255 255 229
0.03595330938696861 0.026644768193364143 0.18199999630451202 254 255 241
0.03658116236329079 0.026791168376803398 0.18299999833106995 254 255 241
0.037011466920375824 0.026791168376803398 0.18299999833106995 254 255 245
0.03744177147746086 0.026791168376803398 0.18299999833106995 254 255 245
0.0378720760345459 0.026791168376803398 0.18299999833106995 255 255 247
0.038302380591630936 0.026791168376803398 0.18299999833106995 254 255 246
0.038944341242313385 0.026937568560242653 0.18400000035762787 255 251 241
0.03937699645757675 0.026937568560242653 0.18400000035762787 245 238 228
0.03980965539813042 0.026937568560242653 0.18400000035762787 249 235 220
0.040461018681526184 0.027083968743681908 0.1850000023841858 255 241 226
0.04089602455496788 0.027083968743681908 0.1850000023841858 246 235 212
0.041331034153699875 0.027083968743681908 0.1850000023841858 255 250 227
0.04176604375243187 0.027083968743681908 0.1850000023841858 255 255 236
0.04242916405200958 0.027230367064476013 0.1860000044107437 255 255 237
0.04286652430891991 0.027230367064476013 0.1860000044107437 255 255 245
0.04330388084053993 0.027230367064476013 0.1860000044107437 255 255 245
0.04397641122341156 0.027376767247915268 0.18700000643730164 255 252 249
0.044416118413209915 0.027376767247915268 0.18700000643730164 255 252 249
0.04509570077061653 0.027523167431354523 0.18799999356269836 231 208 205
0.045537762343883514 0.027523167431354523 0.18799999356269836 237 214 211
0.04622440040111542 0.027669567614793777 0.1889999955892563 255 241 239
0.04691573604941368 0.027815967798233032 0.1899999976158142 255 243 241
0.0476117804646492 0.027962366119027138 0.19099999964237213 255 241 239
0.04831252247095108 0.028108766302466393 0.19200000166893005 255 227 225
0.04901796951889992 0.028255166485905647 0.19300000369548798 255 212 217
0.049728117883205414 0.028401566669344902 0.1940000057220459 254 195 200
0.008493958972394466 0.028262732550501823 0.1899999976158142 255 242 190
0.008893667720258236 0.02811397984623909 0.1889999955892563 255 253 217
0.009288673289120197 0.027965229004621506 0.18799999356269836 255 252 216
0.00973073486238718 0.027965229004621506 0.18799999356269836 255 253 230
0.010118686594069004 0.02781647816300392 0.18700000643730164 255 253 230
0.010558397509157658 0.02781647816300392 0.18700000643730164 255 254 231
0.010939294472336769 0.027667727321386337 0.1860000044107437 255 254 231
0.011376653797924519 0.027667727321386337 0.1860000044107437 255 252 227
0.011814013123512268 0.027667727321386337 0.1860000044107437 255 248 223
0.012251372449100018 0.027667727321386337 0.1860000044107437 255 246 217
0.012688731774687767 0.027667727321386337 0.1860000044107437 255 239 210
0.013055521063506603 0.027518976479768753 0.1850000023841858 255 235 202
0.013490528799593449 0.027518976479768753 0.1850000023841858 255 252 219
0.013925536535680294 0.027518976479768753 0.1850000023841858 255 254 225
0.014282919466495514 0.02737022377550602 0.18400000035762787 255 254 225
0.01471557654440403 0.02737022377550602 0.18400000035762787 255 255 227
0.015148232690989971 0.02737022377550602 0.18400000035762787 255 255 227
0.01549621019512415 0.027221472933888435 0.18299999833106995 255 255 229
0.01592651568353176 0.027221472933888435 0.18299999833106995 255 255 229
0.0163568202406168 0.027221472933888435 0.18299999833106995 255 254 221
0.016787126660346985 0.027221472933888435 0.18299999833106995 255 254 221
0.017217431217432022 0.027221472933888435 0.18299999833106995 255 231 191
0.018078040331602097 0.027221472933888435 0.18299999833106995 215 185 151
0.01840720698237419 0.02707272209227085 0.18199999630451202 255 249 215
0.0188351608812809 0.02707272209227085 0.18199999630451202 255 255 223
0.019263114780187607 0.02707272209227085 0.18199999630451202 255 255 223
0.019582876935601234 0.026923971250653267 0.1809999942779541 255 255 225
0.020008478313684464 0.026923971250653267 0.1809999942779541 255 255 225
0.020434081554412842 0.026923971250653267 0.1809999942779541 255 255 227
0.02085968293249607 0.026923971250653267 0.1809999942779541 255 255 227
0.021167688071727753 0.026775220409035683 0.18000000715255737 255 253 220
0.021590938791632652 0.026775220409035683 0.18000000715255737 255 254 221
0.022014189511537552 0.026775220409035683 0.18000000715255737 255 241 209
0.02328394167125225 0.026775220409035683 0.18000000715255737 255 238 201
0.02370719239115715 0.026775220409035683 0.18000000715255737 255 253 217
0.02413044311106205 0.026775220409035683 0.18000000715255737 255 253 217
0.02455369383096695 0.026775220409035683 0.18000000715255737 255 255 223
0.025115706026554108 0.026923971250653267 0.1809999942779541 255 252 219
0.025400197133421898 0.026775220409035683 0.18000000715255737 255 255 226
0.025823447853326797 0.026775220409035683 0.18000000715255737 255 255 227
0.026392513886094093 0.026923971250653267 0.1809999942779541 255 252 220
0.026818115264177322 0.026923971250653267 0.1809999942779541 255 253 221
0.0272437185049057 0.026923971250653267 0.1809999942779541 255 237 207
0.028946127742528915 0.026923971250653267 0.1809999942779541 255 228 198
0.029371729120612144 0.026923971250653267 0.1809999942779541 255 243 213
0.029797332361340523 0.026923971250653267 0.1809999942779541 255 253 219
0.03038991242647171 0.02707272209227085 0.18199999630451202 255 253 219
0.030817866325378418 0.02707272209227085 0.18199999630451202 255 255 225
0.031245820224285126 0.02707272209227085 0.18199999630451202 255 255 225
0.031673774123191833 0.02707272209227085 0.18199999630451202 255 254 225
0.03210172802209854 0.02707272209227085 0.18199999630451202 255 254 225
0.03252968192100525 0.02707272209227085 0.18199999630451202 255 251 215
0.03313871845602989 0.027221472933888435 0.18299999833106995 255 246 210
0.03485994040966034 0.027221472933888435 0.18299999833106995 255 235 195
0.03529024496674538 0.027221472933888435 0.18299999833106995 255 249 217
0.035720549523830414 0.027221472933888435 0.18299999833106995 255 249 217
0.03615085408091545 0.027221472933888435 0.18299999833106995 255 252 227
0.03658116236329079 0.027221472933888435 0.18299999833106995 255 252 227
0.037011466920375824 0.027221472933888435 0.18299999833106995 255 250 234
0.03744177147746086 0.027221472933888435 0.18299999833106995 255 251 235
0.0378720760345459 0.027221472933888435 0.18299999833106995 255 250 237
0.038302380591630936 0.027221472933888435 0.18299999833106995 255 250 237
0.038944341242313385 0.02737022377550602 0.18400000035762787 255 244 237
0.03937699645757675 0.02737022377550602 0.18400000035762787 255 237 230
0.03980965539813042 0.02737022377550602 0.18400000035762787 255 228 214
0.040461018681526184 0.027518976479768753 0.1850000023841858 255 238 224
0.04089602455496788 0.027518976479768753 0.1850000023841858 255 242 226
0.041331034153699875 0.027518976479768753 0.1850000023841858 255 239 223
0.04176604375243187 0.027518976479768753 0.1850000023841858 255 245 233
0.04242916405200958 0.027667727321386337 0.1860000044107437 255 245 233
0.04286652430891991 0.027667727321386337 0.1860000044107437 255 244 239
0.04330388084053993 0.027667727321386337 0.1860000044107437 255 244 239
0.043741241097450256 0.027667727321386337 0.1860000044107437 255 239 245
0.044416118413209915 0.02781647816300392 0.18700000643730164 255 234 240
0.04485582932829857 0.02781647816300392 0.18700000643730164 255 194 200
0.04529554024338722 0.02781647816300392 0.18700000643730164 250 182 188
0.045979827642440796 0.027965229004621506 0.18799999356269836 255 189 199
0.04666881263256073 0.02811397984623909 0.1889999955892563 255 193 203
0.04736250266432762 0.028262732550501823 0.1899999976158142 255 196 203
0.04806089401245117 0.028411483392119408 0.19099999964237213 255 201 208
0.04901796951889992 0.028708985075354576 0.19300000369548798 255 193 205
0.010118686594069004 0.028256189078092575 0.18700000643730164 255 224 186
0.01050193514674902 0.028105085715651512 0.1860000044107437 255 234 197
0.010939294472336769 0.028105085715651512 0.1860000044107437 255 223 186
0.013850263319909573 0.027802880853414536 0.18400000035762787 255 238 197
0.014282919466495514 0.027802880853414536 0.18400000035762787 255 238 197
0.01471557654440403 0.027802880853414536 0.18400000035762787 255 240 192
0.015148232690989971 0.027802880853414536 0.18400000035762787 255 241 193
0.01549621019512415 0.027651777490973473 0.18299999833106995 255 241 195
0.01592651568353176 0.027651777490973473 0.18299999833106995 255 241 195
0.0163568202406168 0.027651777490973473 0.18299999833106995 255 237 190
0.01840720698237419 0.02750067599117756 0.18199999630451202 255 231 191
0.0188351608812809 0.02750067599117756 0.18199999630451202 255 239 195
0.019263114780187607 0.02750067599117756 0.18199999630451202 255 240 196
0.019582876935601234 0.027349572628736496 0.1809999942779541 255 242 196
0.020008478313684464 0.027349572628736496 0.1809999942779541 255 242 196
0.020434081554412842 0.027349572628736496 0.1809999942779541 255 241 198
0.02085968293249607 0.027349572628736496 0.1809999942779541 255 240 197
0.021167688071727753 0.027198471128940582 0.18000000715255737 255 236 198
0.021590938791632652 0.027198471128940582 0.18000000715255737 255 231 193
0.02370719239115715 0.027198471128940582 0.18000000715255737 255 233 198
0.02413044311106205 0.027198471128940582 0.18000000715255737 255 233 198
0.02469010464847088 0.027349572628736496 0.1809999942779541 255 241 200
0.025115706026554108 0.027349572628736496 0.1809999942779541 255 241 200
0.025541309267282486 0.027349572628736496 0.1809999942779541 255 240 202
0.025966910645365715 0.027349572628736496 0.1809999942779541 255 239 201
0.026392513886094093 0.027349572628736496 0.1809999942779541 255 229 195
0.029961958527565002 0.02750067599117756 0.18199999630451202 255 232 197
0.03038991242647171 0.02750067599117756 0.18199999630451202 255 232 197
0.030817866325378418 0.02750067599117756 0.18199999630451202 255 235 198
0.031245820224285126 0.02750067599117756 0.18199999630451202 255 235 198
0.031673774123191833 0.02750067599117756 0.18199999630451202 255 236 199
0.03227810934185982 0.027651777490973473 0.18299999833106995 255 234 197
0.032708413898944855 0.027651777490973473 0.18299999833106995 255 219 186
0.03615085408091545 0.027651777490973473 0.18299999833106995 255 226 198
0.03658116236329079 0.027651777490973473 0.18299999833106995 255 227 199
0.037011466920375824 0.027651777490973473 0.18299999833106995 255 218 200
0.03744177147746086 0.027651777490973473 0.18299999833106995 255 205 187
