-0.014626889489591122 0.01929512992501259 0.12200000137090683 202 194 168
-0.014340019784867764 0.01929512992501259 0.12200000137090683 206 191 165
-0.01405314914882183 0.019581999629735947 0.12200000137090683 224 214 186
-0.013766279444098473 0.019581999629735947 0.12200000137090683 204 192 161
-0.01347940880805254 0.019868869334459305 0.12200000137090683 233 228 197
-0.013084403239190578 0.019706008955836296 0.12099999934434891 218 209 174
-0.012799885123968124 0.019990528002381325 0.12099999934434891 224 219 188
-0.012515366077423096 0.020275047048926353 0.12099999934434891 255 255 229
-0.012230847962200642 0.020275047048926353 0.12099999934434891 248 247 219
-0.011946328915655613 0.020275047048926353 0.12099999934434891 231 226 208
-0.011661809869110584 0.020275047048926353 0.12099999934434891 193 188 170
-0.01137729175388813 0.020275047048926353 0.12099999934434891 210 211 207
-0.011092772707343102 0.020275047048926353 0.12099999934434891 254 255 251
-0.010808253660798073 0.020275047048926353 0.12099999934434891 252 255 251
-0.010523735545575619 0.019990528002381325 0.12099999934434891 249 255 255
-0.01023921649903059 0.019706008955836296 0.12099999934434891 240 244 239
-0.009954698383808136 0.019706008955836296 0.12099999934434891 243 247 242
-0.009670179337263107 0.019706008955836296 0.12099999934434891 245 247 238
-0.009385660290718079 0.019706008955836296 0.12099999934434891 244 246 237
-0.009101142175495625 0.019706008955836296 0.12099999934434891 242 244 231
-0.008816623128950596 0.019990528002381325 0.12099999934434891 251 255 242
-0.008532105013728142 0.019990528002381325 0.12099999934434891 253 255 242
-0.008179424330592155 0.019825316965579987 0.11999999731779099 252 254 241
-0.00789725687354803 0.019825316965579987 0.11999999731779099 250 253 235
-0.007615089416503906 0.019825316965579987 0.11999999731779099 242 245 227
-0.007332922425121069 0.020107485353946686 0.11999999731779099 254 255 238
-0.0036952870432287455 0.020559566095471382 0.12099999934434891 255 255 226
-0.003410768462345004 0.020559566095471382 0.12099999934434891 255 255 226
-0.003126249648630619 0.020559566095471382 0.12099999934434891 255 254 224
-0.0028182456735521555 0.020389651879668236 0.11999999731779099 252 247 216
-0.0025360784493386745 0.020389651879668236 0.11999999731779099 245 240 209
-0.00225391099229455 0.020389651879668236 0.11999999731779099 246 236 204
-0.001971743768081069 0.020389651879668236 0.11999999731779099 240 230 198
-0.001689576543867588 0.020389651879668236 0.11999999731779099 244 230 195
-0.001395680825226009 0.02049955353140831 0.11900000274181366 255 253 223
-0.0011158649576827884 0.02077936939895153 0.11900000274181366 255 255 227
-0.0008360490319319069 0.02077936939895153 0.11900000274181366 223 218 189
-0.0005562331643886864 0.02077936939895153 0.11900000274181366 234 225 190
-0.000276417238637805 0.02077936939895153 0.11900000274181366 255 255 221
3.398642775209737e-06 0.02077936939895153 0.11900000274181366 255 255 221
0.0002832145255524665 0.02049955353140831 0.11900000274181366 255 242 199
0.0005630304221995175 0.02049955353140831 0.11900000274181366 252 236 192
0.0008428463479503989 0.02049955353140831 0.11900000274181366 255 243 199
0.0011320963967591524 0.020671818405389786 0.11999999731779099 255 247 205
0.0014142636209726334 0.020671818405389786 0.11999999731779099 255 243 201
0.0016964309616014361 0.020389651879668236 0.11999999731779099 230 215 174
0.001978598302230239 0.020389651879668236 0.11999999731779099 228 213 172
0.00226076552644372 0.020389651879668236 0.11999999731779099 219 209 166
0.002542932750657201 0.020389651879668236 0.11999999731779099 225 215 172
0.002848642645403743 0.020559566095471382 0.12099999934434891 218 209 163
0.003133161226287484 0.020559566095471382 0.12099999934434891 220 211 165
0.003417680040001869 0.020559566095471382 0.12099999934434891 222 210 163
0.0037021986208856106 0.020559566095471382 0.12099999934434891 220 208 161
0.003986717201769352 0.020559566095471382 0.12099999934434891 207 193 147
0.004271235782653093 0.020559566095471382 0.12099999934434891 200 186 140
0.004555754829198122 0.020559566095471382 0.12099999934434891 255 251 210
0.004555754829198122 0.020275047048926353 0.12099999934434891 249 235 202
0.004840273410081863 0.019990528002381325 0.12099999934434891 255 241 212
0.005124791990965605 0.019706008955836296 0.12099999934434891 213 199 166
0.005124791990965605 0.019706008955836296 0.12099999934434891 213 199 166
0.004840273410081863 0.019706008955836296 0.12099999934434891 231 214 196
0.004555754829198122 0.019990528002381325 0.12099999934434891 237 220 191
0.004555754829198122 0.020275047048926353 0.12099999934434891 249 235 202
0.004271235782653093 0.020559566095471382 0.12099999934434891 200 186 140
0.003986717201769352 0.020559566095471382 0.12099999934434891 207 193 147
0.0037021986208856106 0.020559566095471382 0.12099999934434891 220 208 161
0.003417680040001869 0.020559566095471382 0.12099999934434891 222 210 163
0.003133161226287484 0.020559566095471382 0.12099999934434891 220 211 165
0.002848642645403743 0.020559566095471382 0.12099999934434891 218 209 163
0.002542932750657201 0.020389651879668236 0.11999999731779099 225 215 172
0.00226076552644372 0.020389651879668236 0.11999999731779099 219 209 166
0.001978598302230239 0.020389651879668236 0.11999999731779099 228 213 172
0.0016964309616014361 0.020389651879668236 0.11999999731779099 230 215 174
0.0014142636209726334 0.020671818405389786 0.11999999731779099 255 243 201
0.0011320963967591524 0.020671818405389786 0.11999999731779099 255 247 205
0.0008428463479503989 0.02049955353140831 0.11900000274181366 255 243 199
0.0005630304221995175 0.02049955353140831 0.11900000274181366 252 236 192
0.0002832145255524665 0.02049955353140831 0.11900000274181366 255 242 199
3.398642775209737e-06 0.02077936939895153 0.11900000274181366 255 255 221
-0.000276417238637805 0.02077936939895153 0.11900000274181366 255 255 221
-0.0005562331643886864 0.02077936939895153 0.11900000274181366 234 225 190
-0.0008360490319319069 0.02077936939895153 0.11900000274181366 223 218 189
-0.0011158649576827884 0.02049955353140831 0.11900000274181366 255 241 207
-0.0014074092032387853 0.020389651879668236 0.11999999731779099 235 221 186
-0.001689576543867588 0.020389651879668236 0.11999999731779099 244 230 195
-0.001971743768081069 0.020389651879668236 0.11999999731779099 240 230 198
-0.00225391099229455 0.020389651879668236 0.11999999731779099 246 236 204
-0.0025360784493386745 0.020389651879668236 0.11999999731779099 245 240 209
-0.0028182456735521555 0.020389651879668236 0.11999999731779099 252 247 216
-0.003126249648630619 0.020559566095471382 0.12099999934434891 255 254 224
-0.003410768462345004 0.020559566095471382 0.12099999934434891 255 255 226
-0.0036952870432287455 0.020559566095471382 0.12099999934434891 255 255 226
-0.007332922425121069 0.020107485353946686 0.11999999731779099 254 255 238
-0.007615089416503906 0.019825316965579987 0.11999999731779099 242 245 227
-0.00789725687354803 0.019825316965579987 0.11999999731779099 250 253 235
-0.008179424330592155 0.019825316965579987 0.11999999731779099 252 254 241
-0.008532105013728142 0.019990528002381325 0.12099999934434891 253 255 242
-0.008816623128950596 0.019990528002381325 0.12099999934434891 251 255 242
-0.009101142175495625 0.019706008955836296 0.12099999934434891 242 244 231
-0.009385660290718079 0.019706008955836296 0.12099999934434891 244 246 237
-0.009670179337263107 0.019706008955836296 0.12099999934434891 245 247 238
-0.009954698383808136 0.019706008955836296 0.12099999934434891 243 247 242
-0.01023921649903059 0.019706008955836296 0.12099999934434891 240 244 239
-0.010523735545575619 0.019706008955836296 0.12099999934434891 228 235 241
-0.010808253660798073 0.019990528002381325 0.12099999934434891 249 255 255
-0.011092772707343102 0.020275047048926353 0.12099999934434891 254 255 251
-0.01137729175388813 0.020275047048926353 0.12099999934434891 210 211 207
-0.011661809869110584 0.020275047048926353 0.12099999934434891 193 188 170
-0.011946328915655613 0.020275047048926353 0.12099999934434891 231 226 208
-0.012230847962200642 0.020275047048926353 0.12099999934434891 248 247 219
-0.012515366077423096 0.019990528002381325 0.12099999934434891 209 204 173
-0.012799885123968124 0.019706008955836296 0.12099999934434891 205 196 161
-0.013084403239190578 0.019706008955836296 0.12099999934434891 218 209 174
-0.013766279444098473 0.019581999629735947 0.12200000137090683 204 192 161
-0.014340019784867764 0.01929512992501259 0.12200000137090683 206 191 165
-0.014626889489591122 0.01929512992501259 0.12200000137090683 202 194 168
