0.006573422346264124 0.003960052505135536 0.12700000405311584 210 205 183
0.006274795159697533 0.003960052505135536 0.12700000405311584 222 220 199
0.005976167973130941 0.003960052505135536 0.12700000405311584 225 223 202
0.00567754078656435 0.003960052505135536 0.12700000405311584 234 232 213
0.005378914065659046 0.003960052505135536 0.12700000405311584 237 235 216
0.005040284711867571 0.003928871359676123 0.12600000202655792 241 238 224
0.004744009114801884 0.003928871359676123 0.12600000202655792 239 236 222
0.0044477335177361965 0.003928871359676123 0.12600000202655792 222 226 219
0.004151457455009222 0.003928871359676123 0.12600000202655792 219 223 216
0.0038551820907741785 0.00422514695674181 0.12600000202655792 253 255 240
0.0035306611098349094 0.004191613756120205 0.125 252 255 239
0.0032367368694394827 0.004191613756120205 0.125 248 255 245
0.002942812629044056 0.004191613756120205 0.125 248 255 245
0.002648888388648629 0.004485538229346275 0.125 250 255 249
0.0023549641482532024 0.004485538229346275 0.125 248 255 247
0.0020610399078577757 0.004485538229346275 0.125 205 212 204
0.0017671155510470271 0.004485538229346275 0.125 233 240 232
0.0014849768485873938 0.00422514695674181 0.12600000202655792 236 242 240
0.0011887011351063848 0.00422514695674181 0.12600000202655792 249 255 253
0.0008924255380406976 0.00422514695674181 0.12600000202655792 251 255 250
-0.008724719285964966 0.0051951478235423565 0.12800000607967377 243 243 237
-0.009025697596371174 0.0051951478235423565 0.12800000607967377 183 183 177
-0.009326675906777382 0.0051951478235423565 0.12800000607967377 217 218 207
-0.00962765421718359 0.0051951478235423565 0.12800000607967377 247 248 237
-0.010006200522184372 0.005235734861344099 0.1289999932050705 251 253 242
-0.010309530422091484 0.004932405427098274 0.1289999932050705 214 215 204
-0.010612860321998596 0.004932405427098274 0.1289999932050705 226 227 221
-0.010916189290583134 0.004629075527191162 0.1289999932050705 225 226 217
-0.011219519190490246 0.004629075527191162 0.1289999932050705 239 239 235
-0.011612174101173878 0.004664959851652384 0.12999999523162842 237 237 233
-0.01191785465925932 0.004664959851652384 0.12999999523162842 243 244 240
-0.012129508890211582 0.004629075527191162 0.1289999932050705 249 250 246
-0.012432838790118694 0.004629075527191162 0.1289999932050705 249 252 251
-0.012736168690025806 0.004629075527191162 0.1289999932050705 243 246 245
-0.013039498589932919 0.004629075527191162 0.1289999932050705 221 231 238
-0.01334282848984003 0.004932405427098274 0.1289999932050705 232 239 243
-0.013646158389747143 0.005235734861344099 0.1289999932050705 241 246 253
-0.013949488289654255 0.005539064761251211 0.1289999932050705 250 253 254
-0.0143633047118783 0.005887684412300587 0.12999999523162842 250 250 250
-0.014668986201286316 0.006193365901708603 0.12999999523162842 243 244 238
-0.014974667690694332 0.006193365901708603 0.12999999523162842 185 167 156
-0.015280348248779774 0.006193365901708603 0.12999999523162842 173 155 144
-0.014974667690694332 0.006193365901708603 0.12999999523162842 185 167 156
-0.014668986201286316 0.006499046925455332 0.12999999523162842 253 254 245
-0.014668986201286316 0.006804728414863348 0.12999999523162842 254 255 247
-0.014668986201286316 0.006804728414863348 0.12999999523162842 254 255 247
-0.014668986201286316 0.006499046925455332 0.12999999523162842 253 254 245
-0.0143633047118783 0.006193365901708603 0.12999999523162842 253 254 248
-0.013949488289654255 0.005842394661158323 0.1289999932050705 252 255 254
-0.013646158389747143 0.005539064761251211 0.1289999932050705 252 255 255
-0.01334282848984003 0.005235734861344099 0.1289999932050705 252 255 255
-0.013039498589932919 0.004932405427098274 0.1289999932050705 248 255 255
-0.012736168690025806 0.004629075527191162 0.1289999932050705 243 246 245
-0.012432838790118694 0.004629075527191162 0.1289999932050705 249 252 251
-0.012129508890211582 0.004629075527191162 0.1289999932050705 249 250 246
-0.01191785465925932 0.004664959851652384 0.12999999523162842 243 244 240
-0.011612174101173878 0.004664959851652384 0.12999999523162842 237 237 233
-0.011219519190490246 0.004629075527191162 0.1289999932050705 239 239 235
-0.010916189290583134 0.004932405427098274 0.1289999932050705 252 253 247
-0.010612860321998596 0.004932405427098274 0.1289999932050705 226 227 221
-0.010309530422091484 0.004932405427098274 0.1289999932050705 214 215 204
-0.010006200522184372 0.005235734861344099 0.1289999932050705 251 253 242
-0.00962765421718359 0.0051951478235423565 0.12800000607967377 247 248 237
-0.009326675906777382 0.0051951478235423565 0.12800000607967377 217 218 207
-0.009025697596371174 0.0051951478235423565 0.12800000607967377 183 183 177
-0.008724719285964966 0.0051951478235423565 0.12800000607967377 243 243 237
0.0008924255380406976 0.00422514695674181 0.12600000202655792 251 255 250
0.0011887011351063848 0.00422514695674181 0.12600000202655792 249 255 253
0.0014731913106516004 0.004485538229346275 0.125 250 255 254
0.0017671155510470271 0.004485538229346275 0.125 233 240 232
0.0020610399078577757 0.004485538229346275 0.125 205 212 204
0.0023549641482532024 0.004485538229346275 0.125 248 255 247
0.002648888388648629 0.004485538229346275 0.125 250 255 249
0.002942812629044056 0.004191613756120205 0.125 248 255 245
0.0032367368694394827 0.004191613756120205 0.125 248 255 245
0.0035306611098349094 0.004191613756120205 0.125 252 255 239
0.0038551820907741785 0.00422514695674181 0.12600000202655792 253 255 240
0.004151457455009222 0.003928871359676123 0.12600000202655792 219 223 216
0.0044477335177361965 0.003928871359676123 0.12600000202655792 222 226 219
0.004744009114801884 0.003928871359676123 0.12600000202655792 239 236 222
0.005040284711867571 0.003928871359676123 0.12600000202655792 241 238 224
0.005378914065659046 0.003960052505135536 0.12700000405311584 237 235 216
0.00567754078656435 0.003960052505135536 0.12700000405311584 234 232 213
0.005976167973130941 0.003960052505135536 0.12700000405311584 225 223 202
0.006274795159697533 0.003960052505135536 0.12700000405311584 222 220 199
0.006573422346264124 0.003960052505135536 0.12700000405311584 210 205 183
