-0.01263743918389082 0.01783624291419983 0.12800000607967377 169 161 135
-0.012938417494297028 0.018137220293283463 0.12800000607967377 191 179 161
-0.013239395804703236 0.018438199535012245 0.12800000607967377 216 208 184
-0.013540374115109444 0.01873917691409588 0.12800000607967377 239 226 188
-0.013949488289654255 0.019188906997442245 0.1289999932050705 254 247 214
-0.013540374115109444 0.01904015615582466 0.12800000607967377 255 255 223
-0.013239395804703236 0.01873917691409588 0.12800000607967377 255 253 231
-0.012938417494297028 0.018438199535012245 0.12800000607967377 242 234 210
-0.01263743918389082 0.018137220293283463 0.12800000607967377 203 196 165
-0.012336459942162037 0.01783624291419983 0.12800000607967377 176 168 142
-0.012035481631755829 0.01783624291419983 0.12800000607967377 190 179 143
-0.01173450332134962 0.01783624291419983 0.12800000607967377 197 186 150
-0.011433525010943413 0.01783624291419983 0.12800000607967377 198 182 148
-0.011132546700537205 0.01783624291419983 0.12800000607967377 198 182 148
-0.010831568390130997 0.018137220293283463 0.12800000607967377 251 241 211
-0.010530590079724789 0.018137220293283463 0.12800000607967377 213 203 173
-0.010229610837996006 0.018438199535012245 0.12800000607967377 238 232 196
-0.009928632527589798 0.018438199535012245 0.12800000607967377 223 217 181
-0.009552438743412495 0.018592778593301773 0.12700000405311584 248 240 198
-0.009253811091184616 0.018891405314207077 0.12700000405311584 255 255 222
-0.00888467114418745 0.018742654472589493 0.12600000202655792 255 252 220
-0.008588395081460476 0.018742654472589493 0.12600000202655792 215 212 180
-0.008292119950056076 0.018742654472589493 0.12600000202655792 216 219 196
-0.007995843887329102 0.01844637840986252 0.12600000202655792 241 241 219
-0.007699568290263414 0.018742654472589493 0.12600000202655792 254 255 245
-0.007403292693197727 0.01844637840986252 0.12600000202655792 249 255 246
-0.00710701709613204 0.018150102347135544 0.12600000202655792 250 253 237
-0.006810741499066353 0.018150102347135544 0.12600000202655792 249 252 236
-0.006514465902000666 0.018150102347135544 0.12600000202655792 250 250 230
-0.0062181903049349785 0.018150102347135544 0.12600000202655792 249 249 229
-0.005921914242208004 0.018150102347135544 0.12600000202655792 251 249 228
-0.005625638645142317 0.018150102347135544 0.12600000202655792 249 247 226
-0.00532936304807663 0.018150102347135544 0.12600000202655792 245 240 222
-0.002912187250331044 0.01873672381043434 0.12399999797344208 160 169 149
-0.002620614366605878 0.01873672381043434 0.12399999797344208 242 251 231
-0.0023290414828807116 0.01873672381043434 0.12399999797344208 251 255 242
-0.0020374685991555452 0.01873672381043434 0.12399999797344208 252 255 243
-0.001745895715430379 0.018445150926709175 0.12399999797344208 236 236 214
-0.0014543228317052126 0.018445150926709175 0.12399999797344208 238 238 216
-0.001162750064395368 0.018445150926709175 0.12399999797344208 234 238 210
-0.0008782027871347964 0.01859390176832676 0.125 234 238 210
-0.0005842784885317087 0.01859390176832676 0.125 236 237 210
-0.00029035424813628197 0.01859390176832676 0.125 238 239 212
3.570002945707529e-06 0.01859390176832676 0.125 235 236 207
0.000297494261758402 0.01859390176832676 0.125 232 233 204
0.0005914185312576592 0.01859390176832676 0.125 228 229 202
0.000885342771653086 0.01859390176832676 0.125 223 224 197
0.0011698328889906406 0.01873672381043434 0.12399999797344208 253 255 239
0.001461405772715807 0.01873672381043434 0.12399999797344208 239 241 225
0.0017529786564409733 0.019028296694159508 0.12399999797344208 252 255 243
0.0020445515401661396 0.019028296694159508 0.12399999797344208 249 254 240
0.002336124423891306 0.019028296694159508 0.12399999797344208 190 201 180
0.0026276973076164722 0.019028296694159508 0.12399999797344208 189 200 179
0.002919269958510995 0.019028296694159508 0.12399999797344208 243 249 230
0.0032108428422361612 0.019028296694159508 0.12399999797344208 240 246 227
0.0035024157259613276 0.019028296694159508 0.12399999797344208 246 247 220
0.003793988609686494 0.019028296694159508 0.12399999797344208 243 244 217
0.004085561726242304 0.019028296694159508 0.12399999797344208 249 245 218
0.00437713460996747 0.01873672381043434 0.12399999797344208 203 196 165
0.004668707028031349 0.01873672381043434 0.12399999797344208 204 197 166
0.0049602799117565155 0.01873672381043434 0.12399999797344208 215 208 177
0.005251852795481682 0.01873672381043434 0.12399999797344208 218 211 180
0.005543425679206848 0.01873672381043434 0.12399999797344208 220 213 182
0.0058820550329983234 0.018887827172875404 0.125 224 217 186
0.006175979506224394 0.018887827172875404 0.125 224 217 186
0.006469903513789177 0.018887827172875404 0.125 225 213 184
0.006763827987015247 0.018887827172875404 0.125 216 204 175
0.006763827987015247 0.018887827172875404 0.125 216 204 175
0.006469903513789177 0.018887827172875404 0.125 225 213 184
0.006175979506224394 0.018887827172875404 0.125 224 217 186
0.0058820550329983234 0.018887827172875404 0.125 224 217 186
0.005543425679206848 0.01873672381043434 0.12399999797344208 220 213 182
0.005251852795481682 0.01873672381043434 0.12399999797344208 218 211 180
0.0049602799117565155 0.01873672381043434 0.12399999797344208 215 208 177
0.004668707028031349 0.01873672381043434 0.12399999797344208 204 197 166
0.00437713460996747 0.01873672381043434 0.12399999797344208 203 196 165
0.004085561726242304 0.019028296694159508 0.12399999797344208 249 245 218
0.003793988609686494 0.019028296694159508 0.12399999797344208 243 244 217
0.0035024157259613276 0.019028296694159508 0.12399999797344208 246 247 220
0.0032108428422361612 0.019028296694159508 0.12399999797344208 240 246 227
0.002919269958510995 0.019028296694159508 0.12399999797344208 243 249 230
0.0026276973076164722 0.019028296694159508 0.12399999797344208 189 200 179
0.002336124423891306 0.019028296694159508 0.12399999797344208 190 201 180
0.0020445515401661396 0.019028296694159508 0.12399999797344208 249 254 240
0.0017529786564409733 0.01873672381043434 0.12399999797344208 228 238 222
0.001461405772715807 0.01873672381043434 0.12399999797344208 239 241 225
0.0011698328889906406 0.01873672381043434 0.12399999797344208 253 255 239
0.000885342771653086 0.01859390176832676 0.125 223 224 197
0.0005914185312576592 0.01859390176832676 0.125 228 229 202
0.000297494261758402 0.01859390176832676 0.125 232 233 204
3.570002945707529e-06 0.01859390176832676 0.125 235 236 207
-0.00029035424813628197 0.01859390176832676 0.125 238 239 212
-0.0005842784885317087 0.01859390176832676 0.125 236 237 210
-0.0008782027871347964 0.01859390176832676 0.125 234 238 210
-0.001162750064395368 0.018445150926709175 0.12399999797344208 234 238 210
-0.0014543228317052126 0.018445150926709175 0.12399999797344208 238 238 216
-0.001745895715430379 0.018445150926709175 0.12399999797344208 236 236 214
-0.0020374685991555452 0.01873672381043434 0.12399999797344208 252 255 243
-0.0023290414828807116 0.01873672381043434 0.12399999797344208 251 255 242
-0.002620614366605878 0.01873672381043434 0.12399999797344208 242 251 231
-0.002912187250331044 0.01873672381043434 0.12399999797344208 160 169 149
-0.00532936304807663 0.018150102347135544 0.12600000202655792 245 240 222
-0.005625638645142317 0.018150102347135544 0.12600000202655792 249 247 226
-0.005921914242208004 0.018150102347135544 0.12600000202655792 251 249 228
-0.0062181903049349785 0.018150102347135544 0.12600000202655792 249 249 229
-0.006514465902000666 0.018150102347135544 0.12600000202655792 250 250 230
-0.006810741499066353 0.018150102347135544 0.12600000202655792 249 252 236
-0.00710701709613204 0.018150102347135544 0.12600000202655792 250 253 237
-0.007403292693197727 0.018150102347135544 0.12600000202655792 245 253 240
-0.007699568290263414 0.01844637840986252 0.12600000202655792 250 255 247
-0.007995843887329102 0.01844637840986252 0.12600000202655792 241 241 219
-0.008292119950056076 0.018742654472589493 0.12600000202655792 216 219 196
-0.008588395081460476 0.018742654472589493 0.12600000202655792 215 212 180
-0.00888467114418745 0.018742654472589493 0.12600000202655792 255 252 220
-0.009253811091184616 0.018592778593301773 0.12700000405311584 239 231 189
-0.00962765421718359 0.018438199535012245 0.12800000607967377 225 210 173
-0.009928632527589798 0.018438199535012245 0.12800000607967377 223 217 181
-0.010229610837996006 0.018137220293283463 0.12800000607967377 195 183 154
-0.010530590079724789 0.018137220293283463 0.12800000607967377 213 203 173
-0.010831568390130997 0.01783624291419983 0.12800000607967377 202 187 159
-0.011132546700537205 0.01783624291419983 0.12800000607967377 198 182 148
-0.011433525010943413 0.01783624291419983 0.12800000607967377 198 182 148
-0.01173450332134962 0.01783624291419983 0.12800000607967377 197 186 150
-0.012035481631755829 0.01783624291419983 0.12800000607967377 190 179 143
-0.012336459942162037 0.01783624291419983 0.12800000607967377 176 168 142
