0.06941726803779602 0.004828739445656538 0.14399999380111694 255 235 223
0.06975586712360382 0.004828739445656538 0.14399999380111694 255 248 236
0.07009446620941162 0.004828739445656538 0.14399999380111694 255 248 236
0.07043306529521942 0.004828739445656538 0.14399999380111694 255 249 242
0.07077167183160782 0.004828739445656538 0.14399999380111694 255 249 242
0.07061644643545151 0.004795206245034933 0.14300000667572021 255 247 243
0.07095269858837128 0.004795206245034933 0.14300000667572021 255 241 237
0.07079042494297028 0.0047616735100746155 0.1420000046491623 245 228 230
0.07112432271242142 0.0047616735100746155 0.1420000046491623 232 215 217
0.07145822048187256 0.0047616735100746155 0.1420000046491623 222 200 202
0.08187001943588257 0.004560476168990135 0.13600000739097595 255 224 217
0.08218980580568314 0.004560476168990135 0.13600000739097595 255 223 216
0.0656081810593605 0.00538264587521553 0.15000000596046448 255 253 241
0.06596088409423828 0.00538264587521553 0.15000000596046448 255 252 240
0.06631359457969666 0.00538264587521553 0.15000000596046448 255 255 245
0.06622186303138733 0.005346761550754309 0.14900000393390656 255 254 244
0.06657221913337708 0.005346761550754309 0.14900000393390656 255 254 249
0.06682144105434418 0.005310877226293087 0.14800000190734863 255 252 248
0.06671559810638428 0.005274992901831865 0.1469999998807907 255 252 248
0.06660505384206772 0.005239108577370644 0.1459999978542328 255 240 238
0.0664898082613945 0.005203224252909422 0.14499999582767487 240 221 219
0.06859894841909409 0.0051314556039869785 0.14300000667572021 255 249 234
0.06893520057201385 0.0051314556039869785 0.14300000667572021 255 250 235
0.06927145272493362 0.0051314556039869785 0.14300000667572021 255 254 243
0.0696076974272728 0.0051314556039869785 0.14300000667572021 255 254 243
0.07028020173311234 0.0051314556039869785 0.14300000667572021 255 255 247
0.07061644643545151 0.0051314556039869785 0.14300000667572021 255 254 249
0.07045652717351913 0.005095571279525757 0.1420000046491623 255 253 248
0.07079042494297028 0.005095571279525757 0.1420000046491623 255 253 250
0.07112432271242142 0.005095571279525757 0.1420000046491623 255 254 251
0.07095499336719513 0.005059686955064535 0.14100000262260437 255 252 249
0.07128653675317764 0.005059686955064535 0.14100000262260437 255 252 249
0.08187001943588257 0.004880265332758427 0.13600000739097595 255 239 234
0.08218980580568314 0.004880265332758427 0.13600000739097595 255 236 231
0.06482043117284775 0.005697119049727917 0.14900000393390656 255 249 233
0.0651707872748375 0.005697119049727917 0.14900000393390656 255 255 245
0.0650814101099968 0.005658883601427078 0.14800000190734863 255 255 245
0.06542941182851791 0.005658883601427078 0.14800000190734863 254 255 249
0.06577742099761963 0.005658883601427078 0.14800000190734863 254 255 249
0.06567863374948502 0.0056206476874649525 0.1469999998807907 254 255 249
0.0660242885351181 0.0056206476874649525 0.1469999998807907 254 255 249
0.06636994332075119 0.0056206476874649525 0.1469999998807907 254 255 249
0.06671559810638428 0.0056206476874649525 0.1469999998807907 254 255 249
0.06660505384206772 0.005582412239164114 0.1459999978542328 255 254 249
0.0664898082613945 0.005544176325201988 0.14499999582767487 255 253 248
0.06683076173067093 0.005544176325201988 0.14499999582767487 255 242 238
0.06670846045017242 0.00550594087690115 0.14399999380111694 251 232 228
0.06826270371675491 0.005467704962939024 0.14300000667572021 255 240 232
0.06859894841909409 0.005467704962939024 0.14300000667572021 255 255 236
0.06893520057201385 0.005467704962939024 0.14300000667572021 255 255 237
0.06927145272493362 0.005467704962939024 0.14300000667572021 254 255 245
0.0696076974272728 0.005467704962939024 0.14300000667572021 254 255 245
0.06994394958019257 0.005467704962939024 0.14300000667572021 254 255 249
0.07028020173311234 0.005467704962939024 0.14300000667572021 254 255 249
0.07061644643545151 0.005467704962939024 0.14300000667572021 254 255 249
0.07045652717351913 0.0054294695146381855 0.1420000046491623 254 255 249
0.07079042494297028 0.0054294695146381855 0.1420000046491623 254 255 251
0.07112432271242142 0.0054294695146381855 0.1420000046491623 254 255 251
0.07095499336719513 0.00539123360067606 0.14100000262260437 254 255 251
0.07078096270561218 0.005352998152375221 0.14000000059604645 254 255 251
0.07060222327709198 0.0053147622384130955 0.13899999856948853 255 248 251
0.07092906534671783 0.0053147622384130955 0.13899999856948853 255 241 244
0.06360470503568649 0.005966302938759327 0.1469999998807907 255 253 241
0.06395035982131958 0.005966302938759327 0.1469999998807907 255 253 241
0.06429601460695267 0.005966302938759327 0.1469999998807907 254 255 247
0.06464166939258575 0.005966302938759327 0.1469999998807907 254 255 247
0.06498732417821884 0.005966302938759327 0.1469999998807907 254 255 249
0.06533297896385193 0.005966302938759327 0.1469999998807907 254 255 249
0.06567863374948502 0.005966302938759327 0.1469999998807907 254 255 249
0.0660242885351181 0.005966302938759327 0.1469999998807907 254 255 249
0.06636994332075119 0.005966302938759327 0.1469999998807907 254 255 249
0.06626175343990326 0.005925715435296297 0.1459999978542328 254 255 249
0.06660505384206772 0.005925715435296297 0.1459999978542328 253 254 248
0.0664898082613945 0.0058851283974945545 0.14499999582767487 254 255 249
0.06683076173067093 0.0058851283974945545 0.14499999582767487 255 251 248
0.06670846045017242 0.005844541359692812 0.14399999380111694 255 252 249
0.06704705953598022 0.005844541359692812 0.14399999380111694 255 226 231
0.06792645156383514 0.005803954321891069 0.14300000667572021 255 242 228
0.06826270371675491 0.005803954321891069 0.14300000667572021 255 247 233
0.06859894841909409 0.005803954321891069 0.14300000667572021 255 255 241
0.06893520057201385 0.005803954321891069 0.14300000667572021 255 255 241
0.06927145272493362 0.005803954321891069 0.14300000667572021 254 255 249
0.0696076974272728 0.005803954321891069 0.14300000667572021 254 255 249
0.06994394958019257 0.005803954321891069 0.14300000667572021 254 255 249
0.07028020173311234 0.005803954321891069 0.14300000667572021 254 255 249
0.07061644643545151 0.005803954321891069 0.14300000667572021 254 255 249
0.07045652717351913 0.005763367284089327 0.1420000046491623 254 255 249
0.07079042494297028 0.005763367284089327 0.1420000046491623 254 255 249
0.07112432271242142 0.005763367284089327 0.1420000046491623 254 255 249
0.07095499336719513 0.005722780246287584 0.14100000262260437 254 255 249
0.07078096270561218 0.005682193208485842 0.14000000059604645 254 255 249
0.07060222327709198 0.005641606170684099 0.13899999856948853 255 248 250
0.07041878998279572 0.005601019132882357 0.1379999965429306 255 244 246
0.07236573845148087 0.005601019132882357 0.1379999965429306 255 250 243
0.07269023358821869 0.005601019132882357 0.1379999965429306 255 251 246
0.07333921641111374 0.005601019132882357 0.1379999965429306 255 229 228
0.07366371154785156 0.005601019132882357 0.1379999965429306 255 227 226
0.07398820668458939 0.005601019132882357 0.1379999965429306 255 220 219
0.0632590502500534 0.006311957724392414 0.1469999998807907 255 241 233
0.06360470503568649 0.006311957724392414 0.1469999998807907 255 255 241
0.06395035982131958 0.006311957724392414 0.1469999998807907 255 255 241
0.06429601460695267 0.006311957724392414 0.1469999998807907 254 255 249
0.06464166939258575 0.006311957724392414 0.1469999998807907 254 255 249
0.06498732417821884 0.006311957724392414 0.1469999998807907 254 255 249
0.06533297896385193 0.006311957724392414 0.1469999998807907 254 255 249
0.06567863374948502 0.006311957724392414 0.1469999998807907 254 255 249
0.0660242885351181 0.006311957724392414 0.1469999998807907 254 255 249
0.0659184455871582 0.0062690190970897675 0.1459999978542328 254 255 249
0.06626175343990326 0.0062690190970897675 0.1459999978542328 254 255 249
0.06660505384206772 0.0062690190970897675 0.1459999978542328 254 255 249
0.0664898082613945 0.006226080935448408 0.14499999582767487 254 255 249
0.06683076173067093 0.006226080935448408 0.14499999582767487 255 255 249
0.06670846045017242 0.0061831423081457615 0.14399999380111694 248 248 242
0.06704705953598022 0.0061831423081457615 0.14399999380111694 251 218 217
0.06691770255565643 0.006140203680843115 0.14300000667572021 241 208 207
0.06792645156383514 0.006140203680843115 0.14300000667572021 255 248 237
0.06826270371675491 0.006140203680843115 0.14300000667572021 255 250 239
0.06859894841909409 0.006140203680843115 0.14300000667572021 254 255 245
0.06893520057201385 0.006140203680843115 0.14300000667572021 254 255 245
0.06927145272493362 0.006140203680843115 0.14300000667572021 254 255 249
0.0696076974272728 0.006140203680843115 0.14300000667572021 254 255 249
0.06994394958019257 0.006140203680843115 0.14300000667572021 254 255 249
0.07028020173311234 0.006140203680843115 0.14300000667572021 254 255 249
0.070122629404068 0.006097265053540468 0.1420000046491623 254 255 249
0.07045652717351913 0.006097265053540468 0.1420000046491623 254 255 249
0.0702918991446495 0.006054326891899109 0.14100000262260437 254 255 249
0.07062344253063202 0.006054326891899109 0.14100000262260437 254 255 249
0.0704517662525177 0.006011388264596462 0.14000000059604645 254 255 249
0.07027538120746613 0.005968449637293816 0.13899999856948853 254 255 249
0.07060222327709198 0.005968449637293816 0.13899999856948853 255 250 251
0.07041878998279572 0.005925511475652456 0.1379999965429306 254 239 240
0.07119707018136978 0.00588257284834981 0.13699999451637268 255 239 234
0.07151921093463898 0.00588257284834981 0.13699999451637268 255 252 241
0.07236573845148087 0.005925511475652456 0.1379999965429306 255 252 241
0.07269023358821869 0.005925511475652456 0.1379999965429306 255 249 247
0.07301472872495651 0.005925511475652456 0.1379999965429306 251 239 237
0.07333921641111374 0.005925511475652456 0.1379999965429306 240 207 206
0.07366371154785156 0.005925511475652456 0.1379999965429306 245 212 211
0.06291339546442032 0.006657612510025501 0.1469999998807907 255 229 216
0.0632590502500534 0.006657612510025501 0.1469999998807907 255 243 230
0.06360470503568649 0.006657612510025501 0.1469999998807907 255 255 243
0.06395035982131958 0.006657612510025501 0.1469999998807907 255 255 243
0.06429601460695267 0.006657612510025501 0.1469999998807907 254 255 249
0.06464166939258575 0.006657612510025501 0.1469999998807907 254 255 249
0.06498732417821884 0.006657612510025501 0.1469999998807907 254 255 249
0.06533297896385193 0.006657612510025501 0.1469999998807907 254 255 249
0.06567863374948502 0.006657612510025501 0.1469999998807907 254 255 249
0.0660242885351181 0.006657612510025501 0.1469999998807907 254 255 249
0.0659184455871582 0.006612322758883238 0.1459999978542328 254 255 249
0.06626175343990326 0.006612322758883238 0.1459999978542328 254 255 249
0.06614885479211807 0.006567033007740974 0.14499999582767487 254 255 249
0.0664898082613945 0.006567033007740974 0.14499999582767487 254 255 249
0.06683076173067093 0.006567033007740974 0.14499999582767487 255 255 249
0.06670846045017242 0.006521742790937424 0.14399999380111694 255 255 249
0.06658145785331726 0.00647645303979516 0.14300000667572021 255 237 236
0.06691770255565643 0.00647645303979516 0.14300000667572021 252 219 218
0.06792645156383514 0.00647645303979516 0.14300000667572021 255 253 239
0.06826270371675491 0.00647645303979516 0.14300000667572021 255 253 239
0.06859894841909409 0.00647645303979516 0.14300000667572021 254 255 247
0.06893520057201385 0.00647645303979516 0.14300000667572021 254 255 247
0.06927145272493362 0.00647645303979516 0.14300000667572021 254 255 249
0.0696076974272728 0.00647645303979516 0.14300000667572021 254 255 249
0.06994394958019257 0.00647645303979516 0.14300000667572021 254 255 249
0.06978873163461685 0.006431163288652897 0.1420000046491623 254 255 249
0.070122629404068 0.006431163288652897 0.1420000046491623 254 255 249
0.0699603483080864 0.0063858735375106335 0.14100000262260437 254 255 249
0.0702918991446495 0.0063858735375106335 0.14100000262260437 254 255 249
0.07012256979942322 0.006340583320707083 0.14000000059604645 254 255 249
0.0704517662525177 0.006340583320707083 0.14000000059604645 254 255 249
0.07027538120746613 0.006295293569564819 0.13899999856948853 253 254 248
0.07009429484605789 0.006250003818422556 0.1379999965429306 255 248 248
0.07041878998279572 0.006250003818422556 0.1379999965429306 242 225 225
0.07119707018136978 0.006204713601619005 0.13699999451637268 255 231 228
0.07151921093463898 0.006204713601619005 0.13699999451637268 255 251 242
0.07301472872495651 0.006250003818422556 0.1379999965429306 233 222 217
0.07739296555519104 0.006159423850476742 0.13600000739097595 255 222 218
0.0882658138871193 0.006159423850476742 0.13600000739097595 190 158 154
0.08858560025691986 0.006159423850476742 0.13600000739097595 188 156 152
0.06291339546442032 0.007003267761319876 0.1469999998807907 255 242 227
0.0632590502500534 0.007003267761319876 0.1469999998807907 255 246 231
0.06360470503568649 0.007003267761319876 0.1469999998807907 255 255 243
0.06395035982131958 0.007003267761319876 0.1469999998807907 255 255 243
0.06429601460695267 0.007003267761319876 0.1469999998807907 254 255 249
0.06464166939258575 0.007003267761319876 0.1469999998807907 254 255 249
0.06498732417821884 0.007003267761319876 0.1469999998807907 254 255 249
0.06533297896385193 0.007003267761319876 0.1469999998807907 254 255 249
0.06567863374948502 0.007003267761319876 0.1469999998807907 254 255 249
0.0660242885351181 0.007003267761319876 0.1469999998807907 254 255 249
0.0659184455871582 0.006955626420676708 0.1459999978542328 254 255 249
0.06626175343990326 0.006955626420676708 0.1459999978542328 254 255 249
0.06614885479211807 0.006907985080033541 0.14499999582767487 254 255 249
0.0664898082613945 0.006907985080033541 0.14499999582767487 254 255 249
0.06683076173067093 0.006907985080033541 0.14499999582767487 255 255 247
0.06670846045017242 0.006860343739390373 0.14399999380111694 255 254 246
0.06658145785331726 0.006812702398747206 0.14300000667572021 250 215 212
0.06691770255565643 0.006812702398747206 0.14300000667572021 239 204 201
0.06759020686149597 0.006812702398747206 0.14300000667572021 255 228 220
0.06745143979787827 0.006765061058104038 0.1420000046491623 255 255 237
0.0677853375673294 0.006765061058104038 0.1420000046491623 255 255 237
0.06811923533678055 0.006765061058104038 0.1420000046491623 254 255 245
0.06845313310623169 0.006765061058104038 0.1420000046491623 254 255 245
0.06927145272493362 0.006812702398747206 0.14300000667572021 254 255 249
0.0696076974272728 0.006812702398747206 0.14300000667572021 254 255 249
0.06945483386516571 0.006765061058104038 0.1420000046491623 254 255 249
0.06978873163461685 0.006765061058104038 0.1420000046491623 254 255 249
0.070122629404068 0.006765061058104038 0.1420000046491623 254 255 249
0.0699603483080864 0.006717419717460871 0.14100000262260437 254 255 249
0.0702918991446495 0.006717419717460871 0.14100000262260437 254 255 249
0.07012256979942322 0.006669778376817703 0.14000000059604645 254 255 249
0.0704517662525177 0.006669778376817703 0.14000000059604645 254 255 249
0.07027538120746613 0.006622137501835823 0.13899999856948853 254 255 249
0.07009429484605789 0.0065744961611926556 0.1379999965429306 255 245 246
0.07041878998279572 0.0065744961611926556 0.1379999965429306 231 211 212
0.07119707018136978 0.006526854820549488 0.13699999451637268 255 227 219
0.07151921093463898 0.006526854820549488 0.13699999451637268 255 252 243
0.07184135168790817 0.006526854820549488 0.13699999451637268 255 252 243
0.07269023358821869 0.0065744961611926556 0.1379999965429306 255 247 244
0.07301472872495651 0.0065744961611926556 0.1379999965429306 249 233 230
0.06291339546442032 0.007348922546952963 0.1469999998807907 255 245 229
0.0632590502500534 0.007348922546952963 0.1469999998807907 255 247 231
0.06360470503568649 0.007348922546952963 0.1469999998807907 255 255 243
0.06395035982131958 0.007348922546952963 0.1469999998807907 255 255 243
0.06429601460695267 0.007348922546952963 0.1469999998807907 254 255 249
0.06464166939258575 0.007348922546952963 0.1469999998807907 254 255 249
0.06498732417821884 0.007348922546952963 0.1469999998807907 254 255 249
0.06533297896385193 0.007348922546952963 0.1469999998807907 254 255 249
0.06567863374948502 0.007348922546952963 0.1469999998807907 254 255 249
0.0660242885351181 0.007348922546952963 0.1469999998807907 254 255 249
0.0659184455871582 0.007298929616808891 0.1459999978542328 254 255 249
0.06626175343990326 0.007298929616808891 0.1459999978542328 254 255 249
0.06614885479211807 0.007248937152326107 0.14499999582767487 254 255 249
0.0664898082613945 0.007248937152326107 0.14499999582767487 254 255 249
0.06636986136436462 0.007198944687843323 0.14399999380111694 255 252 247
0.06670846045017242 0.007198944687843323 0.14399999380111694 246 235 230
0.06759020686149597 0.007148951757699251 0.14300000667572021 255 228 218
0.06745143979787827 0.007098959293216467 0.1420000046491623 255 253 236
0.0677853375673294 0.007098959293216467 0.1420000046491623 255 254 237
0.06811923533678055 0.007098959293216467 0.1420000046491623 254 255 243
0.06845313310623169 0.007098959293216467 0.1420000046491623 254 255 243
0.06878703087568283 0.007098959293216467 0.1420000046491623 254 255 249
0.06912093609571457 0.007098959293216467 0.1420000046491623 254 255 249
0.06945483386516571 0.007098959293216467 0.1420000046491623 254 255 249
0.06978873163461685 0.007098959293216467 0.1420000046491623 254 255 249
0.070122629404068 0.007098959293216467 0.1420000046491623 254 255 249
0.0699603483080864 0.007048966363072395 0.14100000262260437 254 255 249
0.06979337334632874 0.006998973898589611 0.14000000059604645 254 255 249
0.07012256979942322 0.006998973898589611 0.14000000059604645 254 255 249
0.0704517662525177 0.006998973898589611 0.14000000059604645 255 255 251
0.07027538120746613 0.0069489809684455395 0.13899999856948853 252 252 248
0.07009429484605789 0.006898988503962755 0.1379999965429306 255 240 240
0.07041878998279572 0.006898988503962755 0.1379999965429306 229 203 203
0.07119707018136978 0.006848995573818684 0.13699999451637268 255 230 220
0.07151921093463898 0.006848995573818684 0.13699999451637268 255 251 240
0.07184135168790817 0.006848995573818684 0.13699999451637268 255 252 241
0.07269023358821869 0.006898988503962755 0.1379999965429306 253 234 232
0.07301472872495651 0.006898988503962755 0.1379999965429306 239 220 218
0.06291339546442032 0.00769457733258605 0.1469999998807907 255 245 231
0.0632590502500534 0.00769457733258605 0.1469999998807907 255 246 232
0.06360470503568649 0.00769457733258605 0.1469999998807907 255 255 243
0.06395035982131958 0.00769457733258605 0.1469999998807907 255 255 243
0.06429601460695267 0.00769457733258605 0.1469999998807907 254 255 249
0.06464166939258575 0.00769457733258605 0.1469999998807907 254 255 249
0.06498732417821884 0.00769457733258605 0.1469999998807907 254 255 249
0.06488853693008423 0.007642233278602362 0.1459999978542328 254 255 249
0.06523183733224869 0.007642233278602362 0.1459999978542328 254 255 249
0.06557514518499374 0.007642233278602362 0.1459999978542328 254 255 249
0.0659184455871582 0.007642233278602362 0.1459999978542328 254 255 249
0.06626175343990326 0.007642233278602362 0.1459999978542328 254 255 249
0.06614885479211807 0.007589889224618673 0.14499999582767487 255 255 249
0.0664898082613945 0.007589889224618673 0.14499999582767487 255 255 249
0.06636986136436462 0.007537545170634985 0.14399999380111694 255 245 244
0.06624520570039749 0.007485201116651297 0.14300000667572021 248 225 224
0.06745143979787827 0.007432857062667608 0.1420000046491623 255 253 235
0.0677853375673294 0.007432857062667608 0.1420000046491623 255 253 235
0.06811923533678055 0.007432857062667608 0.1420000046491623 254 255 243
0.06845313310623169 0.007432857062667608 0.1420000046491623 254 255 243
0.06878703087568283 0.007432857062667608 0.1420000046491623 254 255 249
0.06912093609571457 0.007432857062667608 0.1420000046491623 254 255 249
0.06945483386516571 0.007432857062667608 0.1420000046491623 254 255 249
0.06978873163461685 0.007432857062667608 0.1420000046491623 254 255 249
0.070122629404068 0.007432857062667608 0.1420000046491623 254 255 249
0.0699603483080864 0.00738051300868392 0.14100000262260437 254 255 249
0.06979337334632874 0.0073281689547002316 0.14000000059604645 254 255 249
0.07012256979942322 0.0073281689547002316 0.14000000059604645 254 255 249
0.06994853913784027 0.007275824900716543 0.13899999856948853 255 253 249
0.07027538120746613 0.007275824900716543 0.13899999856948853 241 236 232
0.07009429484605789 0.007223480846732855 0.1379999965429306 255 220 223
0.07204125076532364 0.007223480846732855 0.1379999965429306 255 251 235
0.07236573845148087 0.007223480846732855 0.1379999965429306 255 253 237
0.07269023358821869 0.007223480846732855 0.1379999965429306 254 235 233
0.07301472872495651 0.007223480846732855 0.1379999965429306 236 217 215
0.06291339546442032 0.008040232583880424 0.1469999998807907 255 246 229
0.0632590502500534 0.008040232583880424 0.1469999998807907 255 247 230
0.06360470503568649 0.008040232583880424 0.1469999998807907 254 255 243
0.06395035982131958 0.008040232583880424 0.1469999998807907 254 255 243
0.06385862827301025 0.007985536940395832 0.1459999978542328 254 255 249
0.06420192867517471 0.007985536940395832 0.1459999978542328 254 255 249
0.06454523652791977 0.007985536940395832 0.1459999978542328 254 255 249
0.06488853693008423 0.007985536940395832 0.1459999978542328 254 255 249
0.06523183733224869 0.007985536940395832 0.1459999978542328 254 255 249
0.06557514518499374 0.007985536940395832 0.1459999978542328 254 255 249
0.0659184455871582 0.007985536940395832 0.1459999978542328 254 255 249
0.06580790132284164 0.00793084129691124 0.14499999582767487 254 255 249
0.06614885479211807 0.00793084129691124 0.14499999582767487 250 245 241
0.06603125482797623 0.007876145653426647 0.14399999380111694 247 242 238
0.06636986136436462 0.007876145653426647 0.14399999380111694 250 214 216
0.06624520570039749 0.00782145094126463 0.14300000667572021 238 202 204
0.06745143979787827 0.00776675483211875 0.1420000046491623 255 250 232
0.0677853375673294 0.00776675483211875 0.1420000046491623 255 251 233
0.06811923533678055 0.00776675483211875 0.1420000046491623 254 255 243
0.06845313310623169 0.00776675483211875 0.1420000046491623 254 255 243
0.06878703087568283 0.00776675483211875 0.1420000046491623 254 255 249
0.06912093609571457 0.00776675483211875 0.1420000046491623 254 255 249
0.06945483386516571 0.00776675483211875 0.1420000046491623 254 255 249
0.06978873163461685 0.00776675483211875 0.1420000046491623 254 255 249
0.070122629404068 0.00776675483211875 0.1420000046491623 254 255 249
0.0699603483080864 0.0077120596542954445 0.14100000262260437 254 255 249
0.06979337334632874 0.007657364010810852 0.14000000059604645 254 255 249
0.07012256979942322 0.007657364010810852 0.14000000059604645 254 255 249
0.06994853913784027 0.007602668832987547 0.13899999856948853 255 250 248
0.07027538120746613 0.007602668832987547 0.13899999856948853 251 241 239
0.07204125076532364 0.0075479731895029545 0.1379999965429306 255 254 231
0.07236573845148087 0.0075479731895029545 0.1379999965429306 255 252 229
0.07269023358821869 0.0075479731895029545 0.1379999965429306 255 246 241
0.07301472872495651 0.0075479731895029545 0.1379999965429306 245 229 224
0.06291339546442032 0.008385887369513512 0.1469999998807907 255 246 229
0.0632590502500534 0.008385887369513512 0.1469999998807907 255 247 230
0.06360470503568649 0.008385887369513512 0.1469999998807907 254 255 243
0.0635153204202652 0.008328840136528015 0.1459999978542328 254 255 243
0.06385862827301025 0.008328840136528015 0.1459999978542328 254 255 249
0.06420192867517471 0.008328840136528015 0.1459999978542328 254 255 249
0.06454523652791977 0.008328840136528015 0.1459999978542328 254 255 249
0.06488853693008423 0.008328840136528015 0.1459999978542328 254 255 249
0.06523183733224869 0.008328840136528015 0.1459999978542328 254 255 249
0.06557514518499374 0.008328840136528015 0.1459999978542328 254 255 249
0.0659184455871582 0.008328840136528015 0.1459999978542328 254 255 249
0.06580790132284164 0.008271793834865093 0.14499999582767487 254 255 249
0.06614885479211807 0.008271793834865093 0.14499999582767487 255 244 242
0.06603125482797623 0.008214746601879597 0.14399999380111694 233 221 219
0.06745143979787827 0.008100653067231178 0.1420000046491623 255 247 230
0.0677853375673294 0.008100653067231178 0.1420000046491623 255 250 233
0.06811923533678055 0.008100653067231178 0.1420000046491623 254 255 243
0.06845313310623169 0.008100653067231178 0.1420000046491623 254 255 243
0.06878703087568283 0.008100653067231178 0.1420000046491623 254 255 249
0.06912093609571457 0.008100653067231178 0.1420000046491623 254 255 249
0.06945483386516571 0.008100653067231178 0.1420000046491623 254 255 249
0.06978873163461685 0.008100653067231178 0.1420000046491623 254 255 249
0.070122629404068 0.008100653067231178 0.1420000046491623 254 255 249
0.0699603483080864 0.008043605834245682 0.14100000262260437 254 255 249
0.06979337334632874 0.00798655953258276 0.14000000059604645 254 255 249
0.07012256979942322 0.00798655953258276 0.14000000059604645 254 255 249
0.06994853913784027 0.007929512299597263 0.13899999856948853 255 245 245
0.07027538120746613 0.007929512299597263 0.13899999856948853 237 220 220
0.07204125076532364 0.007872465997934341 0.1379999965429306 255 252 229
0.07236573845148087 0.007872465997934341 0.1379999965429306 255 251 228
0.07269023358821869 0.007872465997934341 0.1379999965429306 255 249 241
0.07301472872495651 0.007872465997934341 0.1379999965429306 247 227 219
0.06291339546442032 0.008731542155146599 0.1469999998807907 255 246 229
0.0632590502500534 0.008731542155146599 0.1469999998807907 255 248 231
0.06317202001810074 0.008672144263982773 0.1459999978542328 254 255 243
0.0635153204202652 0.008672144263982773 0.1459999978542328 254 255 243
0.06385862827301025 0.008672144263982773 0.1459999978542328 254 255 249
0.06420192867517471 0.008672144263982773 0.1459999978542328 254 255 249
0.06454523652791977 0.008672144263982773 0.1459999978542328 254 255 249
0.06488853693008423 0.008672144263982773 0.1459999978542328 254 255 249
0.06523183733224869 0.008672144263982773 0.1459999978542328 254 255 249
0.06512600183486938 0.008612745441496372 0.14499999582767487 254 255 249
0.06546695530414581 0.008612745441496372 0.14499999582767487 254 255 249
0.06580790132284164 0.008612745441496372 0.14499999582767487 254 255 249
0.06569265574216843 0.008553347550332546 0.14399999380111694 255 238 234
0.06603125482797623 0.008553347550332546 0.14399999380111694 237 218 214
0.06745143979787827 0.00843455083668232 0.1420000046491623 255 245 227
0.0677853375673294 0.00843455083668232 0.1420000046491623 255 249 231
0.06811923533678055 0.00843455083668232 0.1420000046491623 254 255 243
0.06845313310623169 0.00843455083668232 0.1420000046491623 254 255 243
0.06878703087568283 0.00843455083668232 0.1420000046491623 254 255 249
0.06912093609571457 0.00843455083668232 0.1420000046491623 254 255 249
0.06945483386516571 0.00843455083668232 0.1420000046491623 254 255 249
0.06978873163461685 0.00843455083668232 0.1420000046491623 254 255 249
0.070122629404068 0.00843455083668232 0.1420000046491623 254 255 249
0.0699603483080864 0.008375152945518494 0.14100000262260437 253 254 248
0.06979337334632874 0.008315754123032093 0.14000000059604645 252 252 246
0.07012256979942322 0.008315754123032093 0.14000000059604645 255 255 249
0.06994853913784027 0.008256356231868267 0.13899999856948853 253 231 233
0.07027538120746613 0.008256356231868267 0.13899999856948853 229 207 209
0.07204125076532364 0.008196958340704441 0.1379999965429306 255 252 227
0.07236573845148087 0.008196958340704441 0.1379999965429306 255 249 224
0.07269023358821869 0.008196958340704441 0.1379999965429306 255 240 235
0.07301472872495651 0.008196958340704441 0.1379999965429306 250 229 224
0.06291339546442032 0.009077196940779686 0.1469999998807907 255 238 220
0.0632590502500534 0.009077196940779686 0.1469999998807907 255 246 228
0.06317202001810074 0.009015447460114956 0.1459999978542328 255 255 243
0.0635153204202652 0.009015447460114956 0.1459999978542328 255 255 243
0.06385862827301025 0.009015447460114956 0.1459999978542328 254 255 249
0.06420192867517471 0.009015447460114956 0.1459999978542328 254 255 249
0.06454523652791977 0.009015447460114956 0.1459999978542328 254 255 249
0.06444409489631653 0.008953697979450226 0.14499999582767487 254 255 249
0.06478504836559296 0.008953697979450226 0.14499999582767487 254 255 249
0.06512600183486938 0.008953697979450226 0.14499999582767487 254 255 249
0.06546695530414581 0.008953697979450226 0.14499999582767487 255 255 247
0.06535405665636063 0.008891948498785496 0.14399999380111694 255 255 247
0.06569265574216843 0.008891948498785496 0.14399999380111694 242 212 207
0.06603125482797623 0.008891948498785496 0.14399999380111694 237 207 202
0.06745143979787827 0.008768448606133461 0.1420000046491623 255 242 226
0.0677853375673294 0.008768448606133461 0.1420000046491623 255 247 231
0.06811923533678055 0.008768448606133461 0.1420000046491623 254 255 243
0.06845313310623169 0.008768448606133461 0.1420000046491623 254 255 243
0.06878703087568283 0.008768448606133461 0.1420000046491623 254 255 249
0.06912093609571457 0.008768448606133461 0.1420000046491623 254 255 249
0.06945483386516571 0.008768448606133461 0.1420000046491623 254 255 249
0.06978873163461685 0.008768448606133461 0.1420000046491623 254 255 249
0.070122629404068 0.008768448606133461 0.1420000046491623 254 255 249
0.0699603483080864 0.008706699125468731 0.14100000262260437 252 253 247
0.06979337334632874 0.008644949644804 0.14000000059604645 252 252 246
0.07012256979942322 0.008644949644804 0.14000000059604645 245 245 239
0.06994853913784027 0.00858320016413927 0.13899999856948853 238 207 207
0.07027538120746613 0.00858320016413927 0.13899999856948853 232 201 201
0.07204125076532364 0.00852145068347454 0.1379999965429306 255 248 224
0.07236573845148087 0.00852145068347454 0.1379999965429306 255 244 220
0.07269023358821869 0.00852145068347454 0.1379999965429306 252 229 224
0.07301472872495651 0.00852145068347454 0.1379999965429306 245 222 217
0.06291339546442032 0.009422851726412773 0.1469999998807907 255 245 225
0.0632590502500534 0.009422851726412773 0.1469999998807907 255 247 227
0.06317202001810074 0.009358750656247139 0.1459999978542328 255 255 241
0.0635153204202652 0.009358750656247139 0.1459999978542328 255 255 241
0.06385862827301025 0.009358750656247139 0.1459999978542328 254 255 247
0.06420192867517471 0.009358750656247139 0.1459999978542328 254 255 247
0.0641031414270401 0.009294649586081505 0.14499999582767487 254 255 249
0.06444409489631653 0.009294649586081505 0.14499999582767487 254 255 249
0.06478504836559296 0.009294649586081505 0.14499999582767487 254 255 249
0.06512600183486938 0.009294649586081505 0.14499999582767487 254 255 249
0.06546695530414581 0.009294649586081505 0.14499999582767487 255 253 245
0.06535405665636063 0.00923054851591587 0.14399999380111694 255 250 242
0.0677853375673294 0.009102347306907177 0.1420000046491623 255 245 230
0.06811923533678055 0.009102347306907177 0.1420000046491623 254 255 245
0.06845313310623169 0.009102347306907177 0.1420000046491623 254 255 245
0.06878703087568283 0.009102347306907177 0.1420000046491623 254 255 249
0.06912093609571457 0.009102347306907177 0.1420000046491623 254 255 249
0.06945483386516571 0.009102347306907177 0.1420000046491623 254 255 249
0.06978873163461685 0.009102347306907177 0.1420000046491623 254 255 249
0.070122629404068 0.009102347306907177 0.1420000046491623 254 255 249
0.0699603483080864 0.009038246236741543 0.14100000262260437 254 255 249
0.06979337334632874 0.008974145166575909 0.14000000059604645 255 253 247
0.07012256979942322 0.008974145166575909 0.14000000059604645 255 252 246
0.06994853913784027 0.008910044096410275 0.13899999856948853 255 229 232
0.07204125076532364 0.00884594302624464 0.1379999965429306 255 239 220
0.07236573845148087 0.00884594302624464 0.1379999965429306 255 246 227
0.07269023358821869 0.00884594302624464 0.1379999965429306 255 239 238
0.07301472872495651 0.00884594302624464 0.1379999965429306 249 221 220
0.0632590502500534 0.00976850651204586 0.1469999998807907 255 242 224
0.06317202001810074 0.009702054783701897 0.1459999978542328 255 255 239
0.0635153204202652 0.009702054783701897 0.1459999978542328 255 255 239
0.06385862827301025 0.009702054783701897 0.1459999978542328 254 255 247
0.06420192867517471 0.009702054783701897 0.1459999978542328 254 255 247
0.0641031414270401 0.009635602124035358 0.14499999582767487 254 255 249
0.06444409489631653 0.009635602124035358 0.14499999582767487 254 255 249
0.06478504836559296 0.009635602124035358 0.14499999582767487 254 255 249
0.06512600183486938 0.009635602124035358 0.14499999582767487 254 255 249
0.06501545757055283 0.00956914946436882 0.14399999380111694 255 236 233
0.06535405665636063 0.00956914946436882 0.14399999380111694 243 222 219
0.0677853375673294 0.009436245076358318 0.1420000046491623 255 244 233
0.06811923533678055 0.009436245076358318 0.1420000046491623 255 255 247
0.06845313310623169 0.009436245076358318 0.1420000046491623 255 255 247
0.06878703087568283 0.009436245076358318 0.1420000046491623 254 255 249
0.06912093609571457 0.009436245076358318 0.1420000046491623 254 255 249
0.06945483386516571 0.009436245076358318 0.1420000046491623 254 255 249
0.06978873163461685 0.009436245076358318 0.1420000046491623 254 255 249
0.06962880492210388 0.00936979241669178 0.14100000262260437 254 255 245
0.0699603483080864 0.00936979241669178 0.14100000262260437 252 254 243
0.06979337334632874 0.009303339757025242 0.14000000059604645 255 246 241
0.07012256979942322 0.009303339757025242 0.14000000059604645 248 232 227
0.07236573845148087 0.00917043536901474 0.1379999965429306 255 238 225
0.07269023358821869 0.00917043536901474 0.1379999965429306 255 236 240
0.06317202001810074 0.01004535797983408 0.1459999978542328 255 251 239
0.0635153204202652 0.01004535797983408 0.1459999978542328 255 251 239
0.06385862827301025 0.01004535797983408 0.1459999978542328 254 255 247
0.06376218795776367 0.009976554661989212 0.14499999582767487 254 255 247
0.0641031414270401 0.009976554661989212 0.14499999582767487 254 255 247
0.06444409489631653 0.009976554661989212 0.14499999582767487 254 255 247
0.06478504836559296 0.009976554661989212 0.14499999582767487 255 251 248
0.06467685103416443 0.00990775041282177 0.14399999380111694 253 245 242
0.06501545757055283 0.00990775041282177 0.14399999380111694 244 206 208
0.06535405665636063 0.00990775041282177 0.14399999380111694 235 197 199
0.0677853375673294 0.00977014284580946 0.1420000046491623 255 241 233
0.06811923533678055 0.00977014284580946 0.1420000046491623 255 255 245
0.06845313310623169 0.00977014284580946 0.1420000046491623 255 255 245
0.06878703087568283 0.00977014284580946 0.1420000046491623 254 255 247
0.06912093609571457 0.00977014284580946 0.1420000046491623 254 255 247
0.06945483386516571 0.00977014284580946 0.1420000046491623 253 255 246
0.06929726153612137 0.009701338596642017 0.14100000262260437 252 254 245
0.06962880492210388 0.009701338596642017 0.14100000262260437 255 252 244
0.0699603483080864 0.009701338596642017 0.14100000262260437 242 235 227
0.06979337334632874 0.00963253527879715 0.14000000059604645 251 218 217
0.07012256979942322 0.00963253527879715 0.14000000059604645 239 206 205
0.06317202001810074 0.010388661175966263 0.1459999978542328 255 236 231
0.0635153204202652 0.010388661175966263 0.1459999978542328 255 244 239
0.06385862827301025 0.010388661175966263 0.1459999978542328 255 244 236
0.06376218795776367 0.010317506268620491 0.14499999582767487 255 244 236
0.0641031414270401 0.010317506268620491 0.14499999582767487 255 249 244
0.06444409489631653 0.010317506268620491 0.14499999582767487 255 252 247
0.06478504836559296 0.010317506268620491 0.14499999582767487 255 237 238
0.06467685103416443 0.01024635136127472 0.14399999380111694 240 212 213
0.0677853375673294 0.010104040615260601 0.1420000046491623 255 230 226
0.06811923533678055 0.010104040615260601 0.1420000046491623 255 250 243
0.06845313310623169 0.010104040615260601 0.1420000046491623 255 249 242
0.06878703087568283 0.010104040615260601 0.1420000046491623 255 255 245
0.06912093609571457 0.010104040615260601 0.1420000046491623 255 255 245
0.06896571069955826 0.01003288570791483 0.14100000262260437 254 252 242
0.06929726153612137 0.01003288570791483 0.14100000262260437 254 252 242
0.06962880492210388 0.01003288570791483 0.14100000262260437 255 247 241
0.0699603483080864 0.01003288570791483 0.14100000262260437 249 230 224
0.06979337334632874 0.009961729869246483 0.14000000059604645 255 218 222
0.0635153204202652 0.01073196530342102 0.1459999978542328 255 218 227
0.06385862827301025 0.01073196530342102 0.1459999978542328 255 227 233
0.06376218795776367 0.010658458806574345 0.14499999582767487 255 227 233
0.0641031414270401 0.010658458806574345 0.14499999582767487 255 231 236
0.06399965286254883 0.010584952309727669 0.14399999380111694 255 226 231
0.06811923533678055 0.010437938384711742 0.1420000046491623 255 234 232
0.06845313310623169 0.010437938384711742 0.1420000046491623 255 237 235
0.06878703087568283 0.010437938384711742 0.1420000046491623 255 246 241
0.06863416731357574 0.010364431887865067 0.14100000262260437 255 246 241
0.06896571069955826 0.010364431887865067 0.14100000262260437 255 244 240
0.06929726153612137 0.010364431887865067 0.14100000262260437 255 241 237
0.06962880492210388 0.010364431887865067 0.14100000262260437 255 230 231
0.06946417689323425 0.01029092539101839 0.14000000059604645 255 217 218
