0.11047802120447159 0.00447490531951189 0.16899999976158142 139 101 90
0.11087540537118912 0.00447490531951189 0.16899999976158142 143 105 94
0.11061437427997589 0.0044484264217317104 0.1679999977350235 137 96 90
0.11100941151380539 0.0044484264217317104 0.1679999977350235 110 69 63
0.08378876000642776 0.003920896910130978 0.13600000739097595 136 89 90
0.08410854637622833 0.003920896910130978 0.13600000739097595 133 86 87
0.0844283327460289 0.003920896910130978 0.13600000739097595 128 84 82
0.08474812656641006 0.003920896910130978 0.13600000739097595 133 89 87
0.08506791293621063 0.003920896910130978 0.13600000739097595 133 92 86
0.10924603790044785 0.005016441456973553 0.17399999499320984 137 96 90
0.11047802120447159 0.004872290883213282 0.16899999976158142 146 115 104
0.11087540537118912 0.004872290883213282 0.16899999976158142 144 113 102
0.09052553027868271 0.003949726931750774 0.13699999451637268 124 94 87
0.0908476710319519 0.003949726931750774 0.13699999451637268 135 93 92
0.11179947853088379 0.004843460861593485 0.1679999977350235 121 79 78
0.08314917981624603 0.004240686539560556 0.13600000739097595 163 121 118
0.0834689661860466 0.004240686539560556 0.13600000739097595 158 116 113
0.08378876000642776 0.004240686539560556 0.13600000739097595 151 114 111
0.08410854637622833 0.004240686539560556 0.13600000739097595 149 112 109
0.0844283327460289 0.004240686539560556 0.13600000739097595 146 109 106
0.08474812656641006 0.004240686539560556 0.13600000739097595 139 102 99
0.08506791293621063 0.004240686539560556 0.13600000739097595 138 101 96
0.0853877067565918 0.004240686539560556 0.13600000739097595 138 101 96
0.08633770048618317 0.00427186768501997 0.13699999451637268 133 95 88
0.08665984123945236 0.00427186768501997 0.13699999451637268 122 84 77
0.08988124877214432 0.00427186768501997 0.13699999451637268 138 109 97
0.09020338952541351 0.00427186768501997 0.13699999451637268 133 109 97
0.09052553027868271 0.00427186768501997 0.13699999451637268 136 112 100
0.0908476710319519 0.00427186768501997 0.13699999451637268 147 112 109
0.0911698117852211 0.00427186768501997 0.13699999451637268 125 90 87
0.09215977787971497 0.004303049296140671 0.1379999965429306 106 59 58
0.09248427301645279 0.004303049296140671 0.1379999965429306 124 77 76
0.11038849502801895 0.005082587245851755 0.16300000250339508 134 98 88
0.1107717752456665 0.005082587245851755 0.16300000250339508 122 86 76
0.06546695530414581 0.004862272180616856 0.14499999582767487 214 166 172
0.06580790132284164 0.004862272180616856 0.14499999582767487 201 153 159
0.06912093609571457 0.0047616735100746155 0.1420000046491623 218 170 176
0.06945483386516571 0.0047616735100746155 0.1420000046491623 214 168 180
0.06978873163461685 0.0047616735100746155 0.1420000046491623 212 166 178
0.070122629404068 0.0047616735100746155 0.1420000046491623 198 165 180
0.07045652717351913 0.0047616735100746155 0.1420000046491623 193 160 175
0.0702918991446495 0.0047281403094530106 0.14100000262260437 185 146 166
0.07062344253063202 0.0047281403094530106 0.14100000262260437 170 131 151
0.07095499336719513 0.0047281403094530106 0.14100000262260437 158 114 125
0.07128653675317764 0.0047281403094530106 0.14100000262260437 135 91 102
0.07161808758974075 0.0047281403094530106 0.14100000262260437 134 86 90
0.07194963097572327 0.0047281403094530106 0.14100000262260437 120 72 76
0.0825095996260643 0.004560476168990135 0.13600000739097595 171 131 132
0.08282938599586487 0.004560476168990135 0.13600000739097595 160 120 121
0.08314917981624603 0.004560476168990135 0.13600000739097595 151 114 111
0.0834689661860466 0.004560476168990135 0.13600000739097595 149 112 109
0.08378876000642776 0.004560476168990135 0.13600000739097595 143 108 105
0.08410854637622833 0.004560476168990135 0.13600000739097595 142 107 104
0.0844283327460289 0.004560476168990135 0.13600000739097595 140 105 100
0.08474812656641006 0.004560476168990135 0.13600000739097595 134 99 94
0.08506791293621063 0.004560476168990135 0.13600000739097595 130 98 92
0.0853877067565918 0.004560476168990135 0.13600000739097595 132 100 94
0.08633770048618317 0.004594008903950453 0.13699999451637268 129 95 87
0.08665984123945236 0.004594008903950453 0.13699999451637268 122 88 80
0.08698198199272156 0.004594008903950453 0.13699999451637268 117 79 70
0.08859268575906754 0.004594008903950453 0.13699999451637268 147 113 101
0.08891482651233673 0.004594008903950453 0.13699999451637268 148 117 104
0.08923696726560593 0.004594008903950453 0.13699999451637268 141 110 97
0.08955910801887512 0.004594008903950453 0.13699999451637268 137 111 100
0.08988124877214432 0.004594008903950453 0.13699999451637268 137 111 100
0.09020338952541351 0.004594008903950453 0.13699999451637268 136 111 102
0.09052553027868271 0.004594008903950453 0.13699999451637268 134 109 100
0.0908476710319519 0.004594008903950453 0.13699999451637268 136 105 103
0.0911698117852211 0.004594008903950453 0.13699999451637268 129 98 96
0.0914919525384903 0.004594008903950453 0.13699999451637268 118 73 76
0.09248427301645279 0.00462754163891077 0.1379999965429306 126 81 84
0.09280876070261002 0.00462754163891077 0.1379999965429306 143 99 99
0.09313325583934784 0.00462754163891077 0.1379999965429306 134 90 90
0.09345774352550507 0.00462754163891077 0.1379999965429306 132 97 92
0.09378223866224289 0.00462754163891077 0.1379999965429306 127 92 87
0.09410673379898071 0.00462754163891077 0.1379999965429306 122 92 87
0.09511550515890121 0.004661074839532375 0.13899999856948853 119 89 84
0.09544235467910767 0.004661074839532375 0.13899999856948853 102 66 58
0.06546695530414581 0.005203224252909422 0.14499999582767487 213 168 173
0.06580790132284164 0.005203224252909422 0.14499999582767487 199 154 159
0.06569265574216843 0.0051673399284482 0.14399999380111694 171 126 133
0.06603125482797623 0.0051673399284482 0.14399999380111694 170 125 132
0.06636986136436462 0.0051673399284482 0.14399999380111694 175 129 139
0.06670846045017242 0.0051673399284482 0.14399999380111694 159 113 123
0.06878703087568283 0.005095571279525757 0.1420000046491623 255 216 221
0.06912093609571457 0.005095571279525757 0.1420000046491623 248 208 213
0.06945483386516571 0.005095571279525757 0.1420000046491623 238 194 203
0.06929726153612137 0.005059686955064535 0.14100000262260437 239 195 204
0.06962880492210388 0.005059686955064535 0.14100000262260437 229 196 209
0.0699603483080864 0.005059686955064535 0.14100000262260437 219 186 199
0.0702918991446495 0.005059686955064535 0.14100000262260437 219 184 200
0.07062344253063202 0.005059686955064535 0.14100000262260437 217 182 198
0.07095499336719513 0.005059686955064535 0.14100000262260437 215 175 188
0.07128653675317764 0.005059686955064535 0.14100000262260437 209 169 182
0.07161808758974075 0.005059686955064535 0.14100000262260437 201 162 169
0.07194963097572327 0.005059686955064535 0.14100000262260437 188 149 156
0.07228117436170578 0.005059686955064535 0.14100000262260437 172 129 135
0.07209774106740952 0.0050238026306033134 0.14000000059604645 116 73 79
0.07354381680488586 0.004987918306142092 0.13899999856948853 142 96 106
0.07387066632509232 0.004987918306142092 0.13899999856948853 140 103 110
0.07419750839471817 0.004987918306142092 0.13899999856948853 142 105 112
0.07452435046434402 0.004987918306142092 0.13899999856948853 145 112 115
0.07485119253396988 0.004987918306142092 0.13899999856948853 149 116 119
0.08187001943588257 0.004880265332758427 0.13600000739097595 185 142 148
0.08218980580568314 0.004880265332758427 0.13600000739097595 185 142 148
0.0825095996260643 0.004880265332758427 0.13600000739097595 174 138 140
0.08282938599586487 0.004880265332758427 0.13600000739097595 160 124 126
0.08314917981624603 0.004880265332758427 0.13600000739097595 161 126 123
0.0834689661860466 0.004880265332758427 0.13600000739097595 147 112 109
0.08378876000642776 0.004880265332758427 0.13600000739097595 144 107 102
0.08410854637622833 0.004880265332758427 0.13600000739097595 146 109 104
0.0844283327460289 0.004880265332758427 0.13600000739097595 139 104 99
0.08474812656641006 0.004880265332758427 0.13600000739097595 132 97 92
0.08506791293621063 0.004880265332758427 0.13600000739097595 129 99 92
0.0853877067565918 0.004880265332758427 0.13600000739097595 130 100 93
0.08570749312639236 0.004880265332758427 0.13600000739097595 126 95 86
0.08602728694677353 0.004880265332758427 0.13600000739097595 121 90 81
0.08698198199272156 0.004916149657219648 0.13699999451637268 121 87 77
0.08730412274599075 0.004916149657219648 0.13699999451637268 120 86 76
0.08827054500579834 0.004916149657219648 0.13699999451637268 151 120 107
0.08859268575906754 0.004916149657219648 0.13699999451637268 147 116 103
0.08891482651233673 0.004916149657219648 0.13699999451637268 146 117 103
0.08923696726560593 0.004916149657219648 0.13699999451637268 140 111 97
0.08955910801887512 0.004916149657219648 0.13699999451637268 137 111 100
0.08988124877214432 0.004916149657219648 0.13699999451637268 138 112 101
0.09020338952541351 0.004916149657219648 0.13699999451637268 136 111 104
0.09052553027868271 0.004916149657219648 0.13699999451637268 130 105 98
0.0908476710319519 0.004916149657219648 0.13699999451637268 136 105 103
0.0911698117852211 0.004916149657219648 0.13699999451637268 133 102 100
0.0914919525384903 0.004916149657219648 0.13699999451637268 129 84 89
0.09248427301645279 0.00495203398168087 0.1379999965429306 124 79 84
0.09280876070261002 0.00495203398168087 0.1379999965429306 141 98 100
0.09313325583934784 0.00495203398168087 0.1379999965429306 141 98 100
0.09345774352550507 0.00495203398168087 0.1379999965429306 134 102 98
0.09378223866224289 0.00495203398168087 0.1379999965429306 131 99 95
0.09410673379898071 0.00495203398168087 0.1379999965429306 122 92 87
0.09511550515890121 0.004987918306142092 0.13899999856948853 122 92 87
0.09544235467910767 0.004987918306142092 0.13899999856948853 120 88 82
0.09576919674873352 0.004987918306142092 0.13899999856948853 110 78 72
0.06385862827301025 0.005582412239164114 0.1459999978542328 255 211 220
0.06478504836559296 0.005544176325201988 0.14499999582767487 239 191 199
0.06512600183486938 0.005544176325201988 0.14499999582767487 225 177 185
0.06546695530414581 0.005544176325201988 0.14499999582767487 198 155 161
0.06580790132284164 0.005544176325201988 0.14499999582767487 195 152 158
0.06569265574216843 0.00550594087690115 0.14399999380111694 195 156 163
0.06603125482797623 0.00550594087690115 0.14399999380111694 174 135 142
0.06636986136436462 0.00550594087690115 0.14399999380111694 191 151 164
0.06624520570039749 0.005467704962939024 0.14300000667572021 185 145 158
0.06658145785331726 0.005467704962939024 0.14300000667572021 176 140 144
0.06691770255565643 0.005467704962939024 0.14300000667572021 160 124 128
0.06811923533678055 0.0054294695146381855 0.1420000046491623 255 243 247
0.06845313310623169 0.0054294695146381855 0.1420000046491623 255 238 242
0.06878703087568283 0.0054294695146381855 0.1420000046491623 255 218 227
0.06912093609571457 0.0054294695146381855 0.1420000046491623 245 208 217
0.06896571069955826 0.00539123360067606 0.14100000262260437 235 194 202
0.06929726153612137 0.00539123360067606 0.14100000262260437 225 184 192
0.06962880492210388 0.00539123360067606 0.14100000262260437 212 180 187
0.0699603483080864 0.00539123360067606 0.14100000262260437 210 178 185
0.0702918991446495 0.00539123360067606 0.14100000262260437 210 177 190
0.07062344253063202 0.00539123360067606 0.14100000262260437 208 175 188
0.07095499336719513 0.00539123360067606 0.14100000262260437 205 170 182
0.07128653675317764 0.00539123360067606 0.14100000262260437 210 175 187
0.07111015170812607 0.005352998152375221 0.14000000059604645 211 177 185
0.07143934816122055 0.005352998152375221 0.14000000059604645 187 153 161
0.07176854461431503 0.005352998152375221 0.14000000059604645 172 141 143
0.07209774106740952 0.005352998152375221 0.14000000059604645 145 114 116
0.072426937520504 0.005352998152375221 0.14000000059604645 85 50 47
0.07275613397359848 0.005352998152375221 0.14000000059604645 150 115 112
0.0725632905960083 0.0053147622384130955 0.13899999856948853 199 163 167
0.07289013266563416 0.0053147622384130955 0.13899999856948853 204 168 172
0.07354381680488586 0.0053147622384130955 0.13899999856948853 195 163 170
0.07387066632509232 0.0053147622384130955 0.13899999856948853 187 155 162
0.07419750839471817 0.0053147622384130955 0.13899999856948853 181 149 156
0.07452435046434402 0.0053147622384130955 0.13899999856948853 179 152 155
0.07485119253396988 0.0053147622384130955 0.13899999856948853 178 151 154
0.07579401880502701 0.0052000549621880054 0.13600000739097595 152 114 116
0.0786721259355545 0.0052000549621880054 0.13600000739097595 175 137 128
0.07899191230535507 0.0052000549621880054 0.13600000739097595 177 139 130
0.07931170612573624 0.0052000549621880054 0.13600000739097595 173 136 133
0.0796314924955368 0.0052000549621880054 0.13600000739097595 169 132 129
0.07995127886533737 0.0052000549621880054 0.13600000739097595 162 124 124
0.08027107268571854 0.0052000549621880054 0.13600000739097595 156 118 118
0.0805908590555191 0.0052000549621880054 0.13600000739097595 157 117 118
0.08091065287590027 0.0052000549621880054 0.13600000739097595 153 113 114
0.08123043924570084 0.0052000549621880054 0.13600000739097595 135 95 98
0.081550233066082 0.0052000549621880054 0.13600000739097595 150 110 113
0.08187001943588257 0.0052000549621880054 0.13600000739097595 188 150 154
0.08218980580568314 0.0052000549621880054 0.13600000739097595 180 142 146
0.0825095996260643 0.0052000549621880054 0.13600000739097595 162 126 128
0.08282938599586487 0.0052000549621880054 0.13600000739097595 155 119 121
0.08314917981624603 0.0052000549621880054 0.13600000739097595 153 118 115
0.0834689661860466 0.0052000549621880054 0.13600000739097595 144 109 106
0.08378876000642776 0.0052000549621880054 0.13600000739097595 139 103 95
0.08410854637622833 0.0052000549621880054 0.13600000739097595 143 107 99
0.0844283327460289 0.0052000549621880054 0.13600000739097595 135 103 97
0.08474812656641006 0.0052000549621880054 0.13600000739097595 126 94 88
0.08506791293621063 0.0052000549621880054 0.13600000739097595 124 97 89
0.0853877067565918 0.0052000549621880054 0.13600000739097595 127 100 92
0.08570749312639236 0.0052000549621880054 0.13600000739097595 125 96 84
0.08602728694677353 0.0052000549621880054 0.13600000739097595 120 91 79
0.0863470733165741 0.0052000549621880054 0.13600000739097595 123 89 77
0.08730412274599075 0.005238290876150131 0.13699999451637268 130 96 84
0.08794840425252914 0.005238290876150131 0.13699999451637268 150 116 106
0.08827054500579834 0.005238290876150131 0.13699999451637268 146 117 103
0.08859268575906754 0.005238290876150131 0.13699999451637268 148 119 105
0.08891482651233673 0.005238290876150131 0.13699999451637268 141 115 100
0.08923696726560593 0.005238290876150131 0.13699999451637268 139 113 98
0.08955910801887512 0.005238290876150131 0.13699999451637268 138 111 103
0.08988124877214432 0.005238290876150131 0.13699999451637268 136 109 101
0.09020338952541351 0.005238290876150131 0.13699999451637268 130 102 99
0.09052553027868271 0.005238290876150131 0.13699999451637268 127 99 96
0.0908476710319519 0.005238290876150131 0.13699999451637268 133 102 102
0.0911698117852211 0.005238290876150131 0.13699999451637268 130 99 99
0.0914919525384903 0.005238290876150131 0.13699999451637268 134 89 94
0.09248427301645279 0.00527652632445097 0.1379999965429306 120 75 80
0.09280876070261002 0.00527652632445097 0.1379999965429306 135 96 94
0.09313325583934784 0.00527652632445097 0.1379999965429306 136 97 95
0.09345774352550507 0.00527652632445097 0.1379999965429306 128 96 92
0.09378223866224289 0.00527652632445097 0.1379999965429306 128 96 92
0.09410673379898071 0.00527652632445097 0.1379999965429306 122 95 89
0.09511550515890121 0.0053147622384130955 0.13899999856948853 117 90 84
0.09544235467910767 0.0053147622384130955 0.13899999856948853 113 82 80
0.09576919674873352 0.0053147622384130955 0.13899999856948853 103 72 70
0.09609603881835938 0.0053147622384130955 0.13899999856948853 96 54 51
0.06360470503568649 0.005966302938759327 0.1469999998807907 255 210 208
0.0635153204202652 0.005925715435296297 0.1459999978542328 255 218 216
0.06385862827301025 0.005925715435296297 0.1459999978542328 255 219 232
0.06420192867517471 0.005925715435296297 0.1459999978542328 255 215 228
0.0641031414270401 0.0058851283974945545 0.14499999582767487 255 211 230
0.06478504836559296 0.0058851283974945545 0.14499999582767487 228 183 190
0.06512600183486938 0.0058851283974945545 0.14499999582767487 231 186 193
0.06546695530414581 0.0058851283974945545 0.14499999582767487 194 156 158
0.06580790132284164 0.0058851283974945545 0.14499999582767487 201 163 165
0.06614885479211807 0.0058851283974945545 0.14499999582767487 205 167 171
0.06603125482797623 0.005844541359692812 0.14399999380111694 203 165 169
0.06636986136436462 0.005844541359692812 0.14399999380111694 198 161 170
0.06624520570039749 0.005803954321891069 0.14300000667572021 177 140 149
0.06658145785331726 0.005803954321891069 0.14300000667572021 176 140 144
0.06691770255565643 0.005803954321891069 0.14300000667572021 177 141 145
0.0672539547085762 0.005803954321891069 0.14300000667572021 169 124 127
0.06759020686149597 0.005803954321891069 0.14300000667572021 121 76 79
0.06745143979787827 0.005763367284089327 0.1420000046491623 178 140 140
0.0677853375673294 0.005763367284089327 0.1420000046491623 255 239 239
0.06811923533678055 0.005763367284089327 0.1420000046491623 255 242 246
0.06845313310623169 0.005763367284089327 0.1420000046491623 255 236 240
0.06878703087568283 0.005763367284089327 0.1420000046491623 248 215 228
0.06912093609571457 0.005763367284089327 0.1420000046491623 254 221 234
0.06896571069955826 0.005722780246287584 0.14100000262260437 249 211 215
0.06929726153612137 0.005722780246287584 0.14100000262260437 229 191 195
0.06962880492210388 0.005722780246287584 0.14100000262260437 218 185 188
0.0699603483080864 0.005722780246287584 0.14100000262260437 216 183 186
0.0702918991446495 0.005722780246287584 0.14100000262260437 209 180 184
0.07012256979942322 0.005682193208485842 0.14000000059604645 209 180 184
0.0704517662525177 0.005682193208485842 0.14000000059604645 210 178 183
0.07078096270561218 0.005682193208485842 0.14000000059604645 212 180 185
0.07111015170812607 0.005682193208485842 0.14000000059604645 202 170 175
0.07143934816122055 0.005682193208485842 0.14000000059604645 194 162 167
0.07176854461431503 0.005682193208485842 0.14000000059604645 173 142 142
0.07209774106740952 0.005682193208485842 0.14000000059604645 153 122 122
0.072426937520504 0.005682193208485842 0.14000000059604645 127 96 94
0.07275613397359848 0.005682193208485842 0.14000000059604645 181 150 148
0.0725632905960083 0.005641606170684099 0.13899999856948853 200 172 173
0.07289013266563416 0.005641606170684099 0.13899999856948853 199 171 172
0.07321697473526001 0.005641606170684099 0.13899999856948853 201 171 181
0.07354381680488586 0.005641606170684099 0.13899999856948853 187 157 167
0.07387066632509232 0.005641606170684099 0.13899999856948853 174 142 149
0.07419750839471817 0.005641606170684099 0.13899999856948853 171 139 146
0.07452435046434402 0.005641606170684099 0.13899999856948853 171 142 146
0.07485119253396988 0.005641606170684099 0.13899999856948853 170 141 145
0.07579401880502701 0.005519844591617584 0.13600000739097595 158 122 124
0.07611380517482758 0.005519844591617584 0.13600000739097595 143 99 99
0.07643359899520874 0.005519844591617584 0.13600000739097595 110 66 66
0.07739296555519104 0.005519844591617584 0.13600000739097595 177 141 131
0.07771275192499161 0.005519844591617584 0.13600000739097595 172 136 126
0.07803254574537277 0.005519844591617584 0.13600000739097595 166 135 126
0.07835233211517334 0.005519844591617584 0.13600000739097595 163 132 123
0.0786721259355545 0.005519844591617584 0.13600000739097595 164 134 129
0.07899191230535507 0.005519844591617584 0.13600000739097595 164 134 129
0.07931170612573624 0.005519844591617584 0.13600000739097595 161 130 130
0.0796314924955368 0.005519844591617584 0.13600000739097595 159 128 128
0.07995127886533737 0.005519844591617584 0.13600000739097595 154 121 124
0.08027107268571854 0.005519844591617584 0.13600000739097595 146 113 116
0.0805908590555191 0.005519844591617584 0.13600000739097595 155 119 121
0.08091065287590027 0.005519844591617584 0.13600000739097595 144 108 110
0.08123043924570084 0.005519844591617584 0.13600000739097595 137 97 100
0.081550233066082 0.005519844591617584 0.13600000739097595 137 97 100
0.08187001943588257 0.005519844591617584 0.13600000739097595 148 110 112
0.08218980580568314 0.005519844591617584 0.13600000739097595 163 125 127
0.0825095996260643 0.005519844591617584 0.13600000739097595 151 113 113
0.08282938599586487 0.005519844591617584 0.13600000739097595 148 110 110
0.08314917981624603 0.005519844591617584 0.13600000739097595 144 108 100
0.0834689661860466 0.005519844591617584 0.13600000739097595 143 107 99
0.08378876000642776 0.005519844591617584 0.13600000739097595 135 101 91
0.08410854637622833 0.005519844591617584 0.13600000739097595 137 103 93
0.0844283327460289 0.005519844591617584 0.13600000739097595 136 107 97
0.08474812656641006 0.005519844591617584 0.13600000739097595 126 97 87
0.08506791293621063 0.005519844591617584 0.13600000739097595 124 97 89
0.0853877067565918 0.005519844591617584 0.13600000739097595 124 97 89
0.08570749312639236 0.005519844591617584 0.13600000739097595 121 95 84
0.08602728694677353 0.005519844591617584 0.13600000739097595 118 92 81
0.0863470733165741 0.005519844591617584 0.13600000739097595 125 91 81
0.08730412274599075 0.005560431629419327 0.13699999451637268 130 96 86
0.08762626349925995 0.005560431629419327 0.13699999451637268 135 101 89
0.08794840425252914 0.005560431629419327 0.13699999451637268 142 108 96
0.08827054500579834 0.005560431629419327 0.13699999451637268 146 117 105
0.08859268575906754 0.005560431629419327 0.13699999451637268 148 119 107
0.08891482651233673 0.005560431629419327 0.13699999451637268 146 116 109
0.08923696726560593 0.005560431629419327 0.13699999451637268 140 110 103
0.08955910801887512 0.005560431629419327 0.13699999451637268 135 107 104
0.08988124877214432 0.005560431629419327 0.13699999451637268 128 100 97
0.09020338952541351 0.005560431629419327 0.13699999451637268 130 102 101
0.09052553027868271 0.005560431629419327 0.13699999451637268 130 102 101
0.0908476710319519 0.005560431629419327 0.13699999451637268 129 98 98
0.0911698117852211 0.005560431629419327 0.13699999451637268 122 91 91
0.0914919525384903 0.005560431629419327 0.13699999451637268 129 84 89
0.09248427301645279 0.005601019132882357 0.1379999965429306 120 75 80
0.09280876070261002 0.005601019132882357 0.1379999965429306 124 84 85
0.09313325583934784 0.005601019132882357 0.1379999965429306 132 92 93
0.09345774352550507 0.005601019132882357 0.1379999965429306 127 94 93
0.09378223866224289 0.005601019132882357 0.1379999965429306 126 93 92
0.09478866308927536 0.005641606170684099 0.13899999856948853 124 93 91
0.09511550515890121 0.005641606170684099 0.13899999856948853 119 88 86
0.09544235467910767 0.005641606170684099 0.13899999856948853 115 84 82
0.09576919674873352 0.005641606170684099 0.13899999856948853 112 81 79
0.09609603881835938 0.005641606170684099 0.13899999856948853 94 55 51
0.09642288088798523 0.005641606170684099 0.13899999856948853 101 62 58
0.06360470503568649 0.006311957724392414 0.1469999998807907 255 221 220
0.0635153204202652 0.0062690190970897675 0.1459999978542328 255 228 227
0.06385862827301025 0.0062690190970897675 0.1459999978542328 255 223 238
0.06420192867517471 0.0062690190970897675 0.1459999978542328 255 227 242
0.06478504836559296 0.006226080935448408 0.14499999582767487 227 183 192
0.06512600183486938 0.006226080935448408 0.14499999582767487 224 180 189
0.06546695530414581 0.006226080935448408 0.14499999582767487 192 154 156
0.06580790132284164 0.006226080935448408 0.14499999582767487 199 161 163
0.06614885479211807 0.006226080935448408 0.14499999582767487 206 170 172
0.06603125482797623 0.0061831423081457615 0.14399999380111694 204 168 170
0.06636986136436462 0.0061831423081457615 0.14399999380111694 205 168 177
0.06624520570039749 0.006140203680843115 0.14300000667572021 198 161 170
0.06658145785331726 0.006140203680843115 0.14300000667572021 194 156 160
0.06691770255565643 0.006140203680843115 0.14300000667572021 184 146 150
0.0672539547085762 0.006140203680843115 0.14300000667572021 182 140 139
0.06759020686149597 0.006140203680843115 0.14300000667572021 151 109 108
0.06745143979787827 0.006097265053540468 0.1420000046491623 248 210 210
0.0677853375673294 0.006097265053540468 0.1420000046491623 255 239 239
0.06811923533678055 0.006097265053540468 0.1420000046491623 255 240 244
0.06845313310623169 0.006097265053540468 0.1420000046491623 255 239 243
0.06878703087568283 0.006097265053540468 0.1420000046491623 255 237 249
0.06912093609571457 0.006097265053540468 0.1420000046491623 255 232 244
0.06896571069955826 0.006054326891899109 0.14100000262260437 249 211 215
0.06929726153612137 0.006054326891899109 0.14100000262260437 241 203 207
0.06962880492210388 0.006054326891899109 0.14100000262260437 230 192 196
0.06946417689323425 0.006011388264596462 0.14000000059604645 223 185 189
0.06979337334632874 0.006011388264596462 0.14000000059604645 215 184 186
0.07012256979942322 0.006011388264596462 0.14000000059604645 215 184 186
0.0704517662525177 0.006011388264596462 0.14000000059604645 212 181 183
0.07027538120746613 0.005968449637293816 0.13899999856948853 211 180 182
0.07060222327709198 0.005968449637293816 0.13899999856948853 197 166 168
0.07092906534671783 0.005968449637293816 0.13899999856948853 189 158 160
0.07125591486692429 0.005968449637293816 0.13899999856948853 161 128 127
0.07158275693655014 0.005968449637293816 0.13899999856948853 153 120 119
0.071909599006176 0.005968449637293816 0.13899999856948853 152 122 117
0.07171675562858582 0.005925511475652456 0.1379999965429306 189 159 154
0.07204125076532364 0.005925511475652456 0.1379999965429306 200 172 171
0.07236573845148087 0.005925511475652456 0.1379999965429306 199 171 170
0.07269023358821869 0.005925511475652456 0.1379999965429306 194 164 174
0.07301472872495651 0.005925511475652456 0.1379999965429306 171 141 151
0.07333921641111374 0.005925511475652456 0.1379999965429306 172 140 147
0.07366371154785156 0.005925511475652456 0.1379999965429306 169 137 144
0.07398820668458939 0.005925511475652456 0.1379999965429306 168 136 141
0.07431269437074661 0.005925511475652456 0.1379999965429306 168 136 141
0.07602918893098831 0.00588257284834981 0.13699999451637268 154 118 122
0.07635132968425751 0.00588257284834981 0.13699999451637268 146 110 114
0.07611380517482758 0.005839634221047163 0.13600000739097595 147 108 106
0.07643359899520874 0.005839634221047163 0.13600000739097595 149 110 108
0.07675338536500931 0.005839634221047163 0.13600000739097595 172 131 125
0.07707317918539047 0.005839634221047163 0.13600000739097595 179 138 132
0.07739296555519104 0.005839634221047163 0.13600000739097595 170 135 130
0.07771275192499161 0.005839634221047163 0.13600000739097595 171 136 131
0.07803254574537277 0.005839634221047163 0.13600000739097595 157 129 126
0.07835233211517334 0.005839634221047163 0.13600000739097595 152 124 121
0.0786721259355545 0.005839634221047163 0.13600000739097595 152 124 121
0.07899191230535507 0.005839634221047163 0.13600000739097595 151 123 120
0.07931170612573624 0.005839634221047163 0.13600000739097595 153 125 126
0.0796314924955368 0.005839634221047163 0.13600000739097595 151 123 124
0.07995127886533737 0.005839634221047163 0.13600000739097595 134 106 105
0.08027107268571854 0.005839634221047163 0.13600000739097595 139 111 110
0.0805908590555191 0.005839634221047163 0.13600000739097595 142 109 110
0.08091065287590027 0.005839634221047163 0.13600000739097595 137 104 105
0.08123043924570084 0.005839634221047163 0.13600000739097595 141 103 105
0.081550233066082 0.005839634221047163 0.13600000739097595 136 98 100
0.08187001943588257 0.005839634221047163 0.13600000739097595 130 92 92
0.08218980580568314 0.005839634221047163 0.13600000739097595 137 99 99
0.0825095996260643 0.005839634221047163 0.13600000739097595 143 104 100
0.08282938599586487 0.005839634221047163 0.13600000739097595 144 105 101
0.08314917981624603 0.005839634221047163 0.13600000739097595 144 108 98
0.0834689661860466 0.005839634221047163 0.13600000739097595 142 106 96
0.08378876000642776 0.005839634221047163 0.13600000739097595 135 101 89
0.08410854637622833 0.005839634221047163 0.13600000739097595 137 103 91
0.0844283327460289 0.005839634221047163 0.13600000739097595 132 103 91
0.08474812656641006 0.005839634221047163 0.13600000739097595 127 98 86
0.08506791293621063 0.005839634221047163 0.13600000739097595 127 100 92
0.0853877067565918 0.005839634221047163 0.13600000739097595 120 93 85
0.08570749312639236 0.005839634221047163 0.13600000739097595 121 94 86
0.08602728694677353 0.005839634221047163 0.13600000739097595 118 91 83
0.0863470733165741 0.005839634221047163 0.13600000739097595 125 91 81
0.08666686713695526 0.005839634221047163 0.13600000739097595 123 89 79
0.08762626349925995 0.00588257284834981 0.13699999451637268 128 94 84
0.08794840425252914 0.00588257284834981 0.13699999451637268 140 106 96
0.08827054500579834 0.00588257284834981 0.13699999451637268 146 117 107
0.08859268575906754 0.00588257284834981 0.13699999451637268 146 117 107
0.08891482651233673 0.00588257284834981 0.13699999451637268 138 112 108
0.08923696726560593 0.00588257284834981 0.13699999451637268 135 109 105
0.08955910801887512 0.00588257284834981 0.13699999451637268 131 105 103
0.08988124877214432 0.00588257284834981 0.13699999451637268 127 101 99
0.09020338952541351 0.00588257284834981 0.13699999451637268 130 104 102
0.09052553027868271 0.00588257284834981 0.13699999451637268 130 104 102
0.0908476710319519 0.00588257284834981 0.13699999451637268 126 93 94
0.0911698117852211 0.00588257284834981 0.13699999451637268 125 92 93
0.0914919525384903 0.00588257284834981 0.13699999451637268 128 85 87
0.09248427301645279 0.005925511475652456 0.1379999965429306 119 76 78
0.09280876070261002 0.005925511475652456 0.1379999965429306 113 75 75
0.09313325583934784 0.005925511475652456 0.1379999965429306 124 86 86
0.09345774352550507 0.005925511475652456 0.1379999965429306 124 91 90
0.09378223866224289 0.005925511475652456 0.1379999965429306 124 91 90
0.09478866308927536 0.005968449637293816 0.13899999856948853 123 90 89
0.09511550515890121 0.005968449637293816 0.13899999856948853 119 86 85
0.09544235467910767 0.005968449637293816 0.13899999856948853 116 83 82
0.09576919674873352 0.005968449637293816 0.13899999856948853 113 80 79
0.09609603881835938 0.005968449637293816 0.13899999856948853 105 63 60
0.09642288088798523 0.005968449637293816 0.13899999856948853 106 64 61
0.09674973040819168 0.005968449637293816 0.13899999856948853 107 60 59
0.09777496010065079 0.006011388264596462 0.14000000059604645 108 61 60
0.06360470503568649 0.006657612510025501 0.1469999998807907 255 218 219
0.0635153204202652 0.006612322758883238 0.1459999978542328 255 226 227
0.06385862827301025 0.006612322758883238 0.1459999978542328 255 226 239
0.06420192867517471 0.006612322758883238 0.1459999978542328 255 233 246
0.06454523652791977 0.006612322758883238 0.1459999978542328 237 197 214
0.06444409489631653 0.006567033007740974 0.14499999582767487 233 193 210
0.06478504836559296 0.006567033007740974 0.14499999582767487 224 185 192
0.06512600183486938 0.006567033007740974 0.14499999582767487 216 177 184
0.06546695530414581 0.006567033007740974 0.14499999582767487 194 156 158
0.06580790132284164 0.006567033007740974 0.14499999582767487 194 156 158
0.06614885479211807 0.006567033007740974 0.14499999582767487 208 172 172
0.06603125482797623 0.006521742790937424 0.14399999380111694 204 168 168
0.06636986136436462 0.006521742790937424 0.14399999380111694 200 164 168
0.06624520570039749 0.00647645303979516 0.14300000667572021 200 164 168
0.06658145785331726 0.00647645303979516 0.14300000667572021 189 151 155
0.06691770255565643 0.00647645303979516 0.14300000667572021 180 142 146
0.0672539547085762 0.00647645303979516 0.14300000667572021 173 134 132
0.06711754202842712 0.006431163288652897 0.1420000046491623 161 122 120
0.06745143979787827 0.006431163288652897 0.1420000046491623 255 221 221
0.0677853375673294 0.006431163288652897 0.1420000046491623 255 234 234
0.06811923533678055 0.006431163288652897 0.1420000046491623 255 244 248
0.06845313310623169 0.006431163288652897 0.1420000046491623 255 242 246
0.06878703087568283 0.006431163288652897 0.1420000046491623 255 238 250
0.06912093609571457 0.006431163288652897 0.1420000046491623 248 213 225
0.06896571069955826 0.0063858735375106335 0.14100000262260437 231 190 198
0.06929726153612137 0.0063858735375106335 0.14100000262260437 231 190 198
0.06962880492210388 0.0063858735375106335 0.14100000262260437 217 177 182
0.06946417689323425 0.006340583320707083 0.14000000059604645 215 175 180
0.06979337334632874 0.006340583320707083 0.14000000059604645 213 175 177
0.06962169706821442 0.006295293569564819 0.13899999856948853 216 178 180
0.06994853913784027 0.006295293569564819 0.13899999856948853 207 176 176
0.07027538120746613 0.006295293569564819 0.13899999856948853 205 174 174
0.07060222327709198 0.006295293569564819 0.13899999856948853 196 165 163
0.07092906534671783 0.006295293569564819 0.13899999856948853 174 143 141
0.07125591486692429 0.006295293569564819 0.13899999856948853 157 122 119
0.07106777280569077 0.006250003818422556 0.1379999965429306 155 120 117
0.07139226794242859 0.006250003818422556 0.1379999965429306 152 121 112
0.07171675562858582 0.006250003818422556 0.1379999965429306 194 163 154
0.07204125076532364 0.006250003818422556 0.1379999965429306 199 171 168
0.07236573845148087 0.006250003818422556 0.1379999965429306 191 163 160
0.07269023358821869 0.006250003818422556 0.1379999965429306 180 151 157
0.07301472872495651 0.006250003818422556 0.1379999965429306 170 141 147
0.07333921641111374 0.006250003818422556 0.1379999965429306 169 137 144
0.07366371154785156 0.006250003818422556 0.1379999965429306 166 134 141
0.07398820668458939 0.006250003818422556 0.1379999965429306 162 131 133
0.07431269437074661 0.006250003818422556 0.1379999965429306 157 126 128
0.07463718950748444 0.006250003818422556 0.1379999965429306 157 126 126
0.07528617233037949 0.006250003818422556 0.1379999965429306 158 125 126
0.07561066746711731 0.006250003818422556 0.1379999965429306 154 121 122
0.07570704072713852 0.006204713601619005 0.13699999451637268 154 118 120
0.07602918893098831 0.006204713601619005 0.13699999451637268 159 121 125
0.07635132968425751 0.006204713601619005 0.13699999451637268 135 97 101
0.07611380517482758 0.006159423850476742 0.13600000739097595 141 99 98
0.07643359899520874 0.006159423850476742 0.13600000739097595 144 102 101
0.07675338536500931 0.006159423850476742 0.13600000739097595 158 120 113
0.07707317918539047 0.006159423850476742 0.13600000739097595 177 139 132
0.07739296555519104 0.006159423850476742 0.13600000739097595 169 133 133
0.07771275192499161 0.006159423850476742 0.13600000739097595 165 129 129
0.07803254574537277 0.006159423850476742 0.13600000739097595 145 117 116
0.07835233211517334 0.006159423850476742 0.13600000739097595 148 120 119
0.0786721259355545 0.006159423850476742 0.13600000739097595 144 116 115
0.07899191230535507 0.006159423850476742 0.13600000739097595 145 117 116
0.07931170612573624 0.006159423850476742 0.13600000739097595 139 111 110
0.0796314924955368 0.006159423850476742 0.13600000739097595 137 109 108
0.07995127886533737 0.006159423850476742 0.13600000739097595 135 107 108
0.08027107268571854 0.006159423850476742 0.13600000739097595 131 103 104
0.0805908590555191 0.006159423850476742 0.13600000739097595 130 99 101
0.08091065287590027 0.006159423850476742 0.13600000739097595 133 102 104
0.08123043924570084 0.006159423850476742 0.13600000739097595 133 97 99
0.081550233066082 0.006159423850476742 0.13600000739097595 132 96 98
0.08187001943588257 0.006159423850476742 0.13600000739097595 132 95 92
0.08218980580568314 0.006159423850476742 0.13600000739097595 137 100 97
0.08314917981624603 0.006159423850476742 0.13600000739097595 144 106 95
0.0834689661860466 0.006159423850476742 0.13600000739097595 142 104 93
0.08378876000642776 0.006159423850476742 0.13600000739097595 138 102 90
0.08410854637622833 0.006159423850476742 0.13600000739097595 135 99 87
0.0844283327460289 0.006159423850476742 0.13600000739097595 128 97 86
0.08474812656641006 0.006159423850476742 0.13600000739097595 124 93 82
0.08506791293621063 0.006159423850476742 0.13600000739097595 126 97 87
0.0853877067565918 0.006159423850476742 0.13600000739097595 118 89 79
0.08570749312639236 0.006159423850476742 0.13600000739097595 119 87 81
0.08602728694677353 0.006159423850476742 0.13600000739097595 119 87 81
0.0863470733165741 0.006159423850476742 0.13600000739097595 116 82 74
0.08666686713695526 0.006159423850476742 0.13600000739097595 120 86 78
0.08762626349925995 0.006204713601619005 0.13699999451637268 130 96 88
0.08794840425252914 0.006204713601619005 0.13699999451637268 139 105 97
0.08827054500579834 0.006204713601619005 0.13699999451637268 143 116 108
0.08859268575906754 0.006204713601619005 0.13699999451637268 144 117 109
0.08891482651233673 0.006204713601619005 0.13699999451637268 135 112 109
0.08923696726560593 0.006204713601619005 0.13699999451637268 134 111 108
0.08955910801887512 0.006204713601619005 0.13699999451637268 131 108 107
0.08988124877214432 0.006204713601619005 0.13699999451637268 128 105 104
0.09020338952541351 0.006204713601619005 0.13699999451637268 128 102 100
0.09052553027868271 0.006204713601619005 0.13699999451637268 127 101 99
0.0908476710319519 0.006204713601619005 0.13699999451637268 132 94 96
0.0911698117852211 0.006204713601619005 0.13699999451637268 129 91 93
0.0914919525384903 0.006204713601619005 0.13699999451637268 120 77 81
0.09248427301645279 0.006250003818422556 0.1379999965429306 117 74 78
0.09280876070261002 0.006250003818422556 0.1379999965429306 113 75 77
0.09313325583934784 0.006250003818422556 0.1379999965429306 122 84 86
0.09345774352550507 0.006250003818422556 0.1379999965429306 123 87 87
0.09378223866224289 0.006250003818422556 0.1379999965429306 121 85 85
0.09478866308927536 0.006295293569564819 0.13899999856948853 120 84 84
0.09511550515890121 0.006295293569564819 0.13899999856948853 120 84 84
0.09544235467910767 0.006295293569564819 0.13899999856948853 115 80 77
0.09576919674873352 0.006295293569564819 0.13899999856948853 114 79 76
0.09609603881835938 0.006295293569564819 0.13899999856948853 110 68 67
0.09642288088798523 0.006295293569564819 0.13899999856948853 105 63 62
0.09674973040819168 0.006295293569564819 0.13899999856948853 107 58 59
0.09777496010065079 0.006340583320707083 0.14000000059604645 106 57 58
0.0632590502500534 0.007003267761319876 0.1469999998807907 255 213 206
0.06360470503568649 0.007003267761319876 0.1469999998807907 255 218 218
0.0635153204202652 0.006955626420676708 0.1459999978542328 255 231 231
0.06385862827301025 0.006955626420676708 0.1459999978542328 255 238 249
0.06420192867517471 0.006955626420676708 0.1459999978542328 255 241 252
0.06454523652791977 0.006955626420676708 0.1459999978542328 237 202 216
0.06488853693008423 0.006955626420676708 0.1459999978542328 236 201 215
0.06478504836559296 0.006907985080033541 0.14499999582767487 223 184 191
0.06512600183486938 0.006907985080033541 0.14499999582767487 220 181 188
0.06546695530414581 0.006907985080033541 0.14499999582767487 201 163 163
0.06580790132284164 0.006907985080033541 0.14499999582767487 188 150 150
0.06614885479211807 0.006907985080033541 0.14499999582767487 210 175 172
0.06603125482797623 0.006860343739390373 0.14399999380111694 205 170 167
0.06636986136436462 0.006860343739390373 0.14399999380111694 203 167 169
0.06624520570039749 0.006812702398747206 0.14300000667572021 192 156 158
0.06658145785331726 0.006812702398747206 0.14300000667572021 186 146 151
0.06691770255565643 0.006812702398747206 0.14300000667572021 179 139 144
0.0672539547085762 0.006812702398747206 0.14300000667572021 173 133 134
0.06711754202842712 0.006765061058104038 0.1420000046491623 166 126 127
0.06745143979787827 0.006765061058104038 0.1420000046491623 255 223 220
0.0677853375673294 0.006765061058104038 0.1420000046491623 255 229 226
0.06811923533678055 0.006765061058104038 0.1420000046491623 255 221 223
0.06845313310623169 0.006765061058104038 0.1420000046491623 255 219 221
0.06878703087568283 0.006765061058104038 0.1420000046491623 255 224 231
0.06863416731357574 0.006717419717460871 0.14100000262260437 227 188 195
0.06896571069955826 0.006717419717460871 0.14100000262260437 231 188 194
0.06929726153612137 0.006717419717460871 0.14100000262260437 224 181 187
0.06913498044013977 0.006669778376817703 0.14000000059604645 215 175 180
0.06946417689323425 0.006669778376817703 0.14000000059604645 211 171 176
0.06979337334632874 0.006669778376817703 0.14000000059604645 211 171 172
0.06962169706821442 0.006622137501835823 0.13899999856948853 209 169 170
0.06994853913784027 0.006622137501835823 0.13899999856948853 198 168 163
0.07027538120746613 0.006622137501835823 0.13899999856948853 200 170 165
0.07009429484605789 0.0065744961611926556 0.1379999965429306 194 166 163
0.07041878998279572 0.0065744961611926556 0.1379999965429306 160 132 129
0.07074327766895294 0.0065744961611926556 0.1379999965429306 159 122 117
0.07106777280569077 0.0065744961611926556 0.1379999965429306 153 116 111
0.07139226794242859 0.0065744961611926556 0.1379999965429306 142 111 100
0.07171675562858582 0.0065744961611926556 0.1379999965429306 183 152 141
0.07204125076532364 0.0065744961611926556 0.1379999965429306 200 173 167
0.07236573845148087 0.0065744961611926556 0.1379999965429306 189 162 156
0.07269023358821869 0.0065744961611926556 0.1379999965429306 177 146 148
0.07301472872495651 0.0065744961611926556 0.1379999965429306 172 141 143
0.07333921641111374 0.0065744961611926556 0.1379999965429306 172 139 142
0.07366371154785156 0.0065744961611926556 0.1379999965429306 168 135 138
0.07398820668458939 0.0065744961611926556 0.1379999965429306 162 131 131
0.07431269437074661 0.0065744961611926556 0.1379999965429306 159 128 128
0.07463718950748444 0.0065744961611926556 0.1379999965429306 161 130 128
0.07496168464422226 0.0065744961611926556 0.1379999965429306 158 127 125
0.07528617233037949 0.0065744961611926556 0.1379999965429306 152 120 116
0.07506275922060013 0.006526854820549488 0.13699999451637268 154 122 118
0.07538489997386932 0.006526854820549488 0.13699999451637268 154 118 118
0.07570704072713852 0.006526854820549488 0.13699999451637268 153 117 117
0.07602918893098831 0.006526854820549488 0.13699999451637268 159 116 120
0.07635132968425751 0.006526854820549488 0.13699999451637268 139 96 100
0.07611380517482758 0.006479213479906321 0.13600000739097595 140 96 94
0.07643359899520874 0.006479213479906321 0.13600000739097595 143 99 97
0.07675338536500931 0.006479213479906321 0.13600000739097595 156 118 111
0.07707317918539047 0.006479213479906321 0.13600000739097595 175 137 130
0.07739296555519104 0.006479213479906321 0.13600000739097595 162 127 124
0.07771275192499161 0.006479213479906321 0.13600000739097595 154 119 116
0.07803254574537277 0.006479213479906321 0.13600000739097595 145 114 112
0.07835233211517334 0.006479213479906321 0.13600000739097595 144 113 111
0.0786721259355545 0.006479213479906321 0.13600000739097595 144 113 113
0.07899191230535507 0.006479213479906321 0.13600000739097595 140 109 109
0.07931170612573624 0.006479213479906321 0.13600000739097595 132 104 103
0.0796314924955368 0.006479213479906321 0.13600000739097595 135 107 106
0.07995127886533737 0.006479213479906321 0.13600000739097595 132 104 103
0.08027107268571854 0.006479213479906321 0.13600000739097595 130 102 101
0.0805908590555191 0.006479213479906321 0.13600000739097595 131 100 100
0.08091065287590027 0.006479213479906321 0.13600000739097595 127 96 96
0.08123043924570084 0.006479213479906321 0.13600000739097595 128 95 96
0.081550233066082 0.006479213479906321 0.13600000739097595 126 93 94
0.08187001943588257 0.006479213479906321 0.13600000739097595 130 93 90
0.08218980580568314 0.006479213479906321 0.13600000739097595 136 99 96
0.08378876000642776 0.006479213479906321 0.13600000739097595 133 95 84
0.08410854637622833 0.006479213479906321 0.13600000739097595 131 93 82
0.0844283327460289 0.006479213479906321 0.13600000739097595 131 95 85
0.08474812656641006 0.006479213479906321 0.13600000739097595 131 95 85
0.08506791293621063 0.006479213479906321 0.13600000739097595 126 94 88
0.0853877067565918 0.006479213479906321 0.13600000739097595 124 92 86
0.08570749312639236 0.006479213479906321 0.13600000739097595 119 84 81
0.08602728694677353 0.006479213479906321 0.13600000739097595 120 85 82
0.0863470733165741 0.006479213479906321 0.13600000739097595 117 80 75
0.08666686713695526 0.006479213479906321 0.13600000739097595 121 84 79
0.08698665350675583 0.006479213479906321 0.13600000739097595 127 90 85
0.08794840425252914 0.006526854820549488 0.13699999451637268 137 100 95
0.08827054500579834 0.006526854820549488 0.13699999451637268 142 115 107
0.08859268575906754 0.006526854820549488 0.13699999451637268 142 115 107
0.08891482651233673 0.006526854820549488 0.13699999451637268 132 109 108
0.08923696726560593 0.006526854820549488 0.13699999451637268 133 110 109
0.08955910801887512 0.006526854820549488 0.13699999451637268 128 105 104
0.08988124877214432 0.006526854820549488 0.13699999451637268 128 105 104
0.09020338952541351 0.006526854820549488 0.13699999451637268 130 104 104
0.09052553027868271 0.006526854820549488 0.13699999451637268 127 101 101
0.0908476710319519 0.006526854820549488 0.13699999451637268 133 97 99
0.0911698117852211 0.006526854820549488 0.13699999451637268 133 97 99
0.0914919525384903 0.006526854820549488 0.13699999451637268 119 76 80
0.09248427301645279 0.0065744961611926556 0.1379999965429306 119 76 80
0.09280876070261002 0.0065744961611926556 0.1379999965429306 114 74 77
0.09313325583934784 0.0065744961611926556 0.1379999965429306 122 82 85
0.09345774352550507 0.0065744961611926556 0.1379999965429306 117 77 78
0.0944618210196495 0.006622137501835823 0.13899999856948853 119 79 80
0.09478866308927536 0.006622137501835823 0.13899999856948853 121 83 83
0.09511550515890121 0.006622137501835823 0.13899999856948853 118 80 80
0.09544235467910767 0.006622137501835823 0.13899999856948853 115 78 75
0.09576919674873352 0.006622137501835823 0.13899999856948853 115 78 75
0.09609603881835938 0.006622137501835823 0.13899999856948853 109 67 66
0.09642288088798523 0.006622137501835823 0.13899999856948853 102 60 59
0.06360470503568649 0.007348922546952963 0.1469999998807907 255 217 217
0.0635153204202652 0.007298929616808891 0.1459999978542328 255 233 233
0.06385862827301025 0.007298929616808891 0.1459999978542328 255 246 251
0.06420192867517471 0.007298929616808891 0.1459999978542328 255 246 251
0.06454523652791977 0.007298929616808891 0.1459999978542328 243 210 221
0.06488853693008423 0.007298929616808891 0.1459999978542328 214 181 192
0.06478504836559296 0.007248937152326107 0.14499999582767487 216 178 182
0.06512600183486938 0.007248937152326107 0.14499999582767487 215 177 181
0.06546695530414581 0.007248937152326107 0.14499999582767487 210 170 171
0.06580790132284164 0.007248937152326107 0.14499999582767487 195 155 156
0.06614885479211807 0.007248937152326107 0.14499999582767487 204 165 163
0.06603125482797623 0.007198944687843323 0.14399999380111694 208 169 167
0.06636986136436462 0.007198944687843323 0.14399999380111694 207 169 171
0.06624520570039749 0.007148951757699251 0.14300000667572021 187 149 151
0.06658145785331726 0.007148951757699251 0.14300000667572021 175 135 138
0.06691770255565643 0.007148951757699251 0.14300000667572021 175 135 138
0.0672539547085762 0.007148951757699251 0.14300000667572021 176 132 132
0.06711754202842712 0.007098959293216467 0.1420000046491623 167 123 123
0.06745143979787827 0.007098959293216467 0.1420000046491623 255 220 220
0.0677853375673294 0.007098959293216467 0.1420000046491623 255 217 217
0.06811923533678055 0.007098959293216467 0.1420000046491623 251 206 209
0.06845313310623169 0.007098959293216467 0.1420000046491623 245 200 203
0.06878703087568283 0.007098959293216467 0.1420000046491623 240 197 201
0.06863416731357574 0.007048966363072395 0.14100000262260437 229 186 190
0.06896571069955826 0.007048966363072395 0.14100000262260437 227 187 190
0.06929726153612137 0.007048966363072395 0.14100000262260437 221 181 184
0.06913498044013977 0.006998973898589611 0.14000000059604645 215 175 180
0.06946417689323425 0.006998973898589611 0.14000000059604645 209 169 174
0.06979337334632874 0.006998973898589611 0.14000000059604645 210 170 173
0.06962169706821442 0.0069489809684455395 0.13899999856948853 208 168 171
0.06994853913784027 0.0069489809684455395 0.13899999856948853 199 166 165
0.07027538120746613 0.0069489809684455395 0.13899999856948853 199 166 165
0.07009429484605789 0.006898988503962755 0.1379999965429306 187 155 151
0.07041878998279572 0.006898988503962755 0.1379999965429306 161 129 125
0.07074327766895294 0.006898988503962755 0.1379999965429306 155 119 111
0.07106777280569077 0.006898988503962755 0.1379999965429306 153 117 109
0.07139226794242859 0.006898988503962755 0.1379999965429306 141 107 95
0.07171675562858582 0.006898988503962755 0.1379999965429306 180 146 134
0.07204125076532364 0.006898988503962755 0.1379999965429306 202 172 165
0.07236573845148087 0.006898988503962755 0.1379999965429306 194 164 157
0.07269023358821869 0.006898988503962755 0.1379999965429306 191 158 159
0.07301472872495651 0.006898988503962755 0.1379999965429306 178 145 146
0.07333921641111374 0.006898988503962755 0.1379999965429306 174 136 140
0.07366371154785156 0.006898988503962755 0.1379999965429306 163 125 129
0.07398820668458939 0.006898988503962755 0.1379999965429306 161 125 127
0.07431269437074661 0.006898988503962755 0.1379999965429306 161 125 127
0.07463718950748444 0.006898988503962755 0.1379999965429306 160 124 124
0.07496168464422226 0.006898988503962755 0.1379999965429306 157 121 121
0.07528617233037949 0.006898988503962755 0.1379999965429306 158 123 120
0.07506275922060013 0.006848995573818684 0.13699999451637268 156 121 118
0.07538489997386932 0.006848995573818684 0.13699999451637268 152 115 112
0.07570704072713852 0.006848995573818684 0.13699999451637268 149 112 109
0.07602918893098831 0.006848995573818684 0.13699999451637268 141 99 98
0.07635132968425751 0.006848995573818684 0.13699999451637268 140 98 97
0.07611380517482758 0.006799003109335899 0.13600000739097595 139 96 91
0.07643359899520874 0.006799003109335899 0.13600000739097595 146 103 98
0.07675338536500931 0.006799003109335899 0.13600000739097595 151 110 102
0.07707317918539047 0.006799003109335899 0.13600000739097595 166 125 117
0.07739296555519104 0.006799003109335899 0.13600000739097595 159 123 115
0.07771275192499161 0.006799003109335899 0.13600000739097595 155 119 111
0.07803254574537277 0.006799003109335899 0.13600000739097595 153 116 113
0.07835233211517334 0.006799003109335899 0.13600000739097595 146 109 106
0.0786721259355545 0.006799003109335899 0.13600000739097595 143 113 108
0.07899191230535507 0.006799003109335899 0.13600000739097595 138 108 103
0.07931170612573624 0.006799003109335899 0.13600000739097595 134 103 101
0.0796314924955368 0.006799003109335899 0.13600000739097595 134 103 101
0.07995127886533737 0.006799003109335899 0.13600000739097595 131 100 98
0.08027107268571854 0.006799003109335899 0.13600000739097595 127 96 94
0.0805908590555191 0.006799003109335899 0.13600000739097595 123 92 92
0.0803157165646553 0.006749010644853115 0.13500000536441803 123 92 92
0.08063315600156784 0.006749010644853115 0.13500000536441803 127 91 91
0.08095059543848038 0.006749010644853115 0.13500000536441803 121 85 85
0.08126803487539291 0.006749010644853115 0.13500000536441803 126 87 83
0.08158547431230545 0.006749010644853115 0.13500000536441803 128 89 85
0.0844283327460289 0.006799003109335899 0.13600000739097595 131 93 84
0.08474812656641006 0.006799003109335899 0.13600000739097595 129 91 82
0.08506791293621063 0.006799003109335899 0.13600000739097595 128 92 84
0.0853877067565918 0.006799003109335899 0.13600000739097595 123 87 79
0.08570749312639236 0.006799003109335899 0.13600000739097595 124 87 82
0.08602728694677353 0.006799003109335899 0.13600000739097595 121 84 79
0.0863470733165741 0.006799003109335899 0.13600000739097595 121 83 76
0.08666686713695526 0.006799003109335899 0.13600000739097595 121 83 76
0.08698665350675583 0.006799003109335899 0.13600000739097595 122 84 77
0.0873064398765564 0.006799003109335899 0.13600000739097595 133 95 88
0.08762623369693756 0.006799003109335899 0.13600000739097595 145 113 107
0.08794602006673813 0.006799003109335899 0.13600000739097595 139 107 101
0.0882658138871193 0.006799003109335899 0.13600000739097595 131 105 103
0.08858560025691986 0.006799003109335899 0.13600000739097595 129 103 101
0.08890539407730103 0.006799003109335899 0.13600000739097595 129 103 103
0.08988124877214432 0.006848995573818684 0.13699999451637268 127 101 101
0.09020338952541351 0.006848995573818684 0.13699999451637268 122 94 95
0.09052553027868271 0.006848995573818684 0.13699999451637268 123 95 96
0.0908476710319519 0.006848995573818684 0.13699999451637268 128 95 98
0.0911698117852211 0.006848995573818684 0.13699999451637268 130 97 100
0.0914919525384903 0.006848995573818684 0.13699999451637268 109 69 72
0.09248427301645279 0.006898988503962755 0.1379999965429306 115 75 78
0.09280876070261002 0.006898988503962755 0.1379999965429306 109 69 70
0.09313325583934784 0.006898988503962755 0.1379999965429306 112 72 73
0.09345774352550507 0.006898988503962755 0.1379999965429306 117 78 76
0.0944618210196495 0.0069489809684455395 0.13899999856948853 118 79 77
0.09478866308927536 0.0069489809684455395 0.13899999856948853 118 81 78
0.09511550515890121 0.0069489809684455395 0.13899999856948853 117 80 77
0.09544235467910767 0.0069489809684455395 0.13899999856948853 114 77 74
0.09576919674873352 0.0069489809684455395 0.13899999856948853 111 74 71
0.09609603881835938 0.0069489809684455395 0.13899999856948853 113 71 70
0.09642288088798523 0.0069489809684455395 0.13899999856948853 103 61 60
0.06360470503568649 0.00769457733258605 0.1469999998807907 248 201 202
0.0635153204202652 0.007642233278602362 0.1459999978542328 255 230 231
0.06385862827301025 0.007642233278602362 0.1459999978542328 255 246 251
0.06420192867517471 0.007642233278602362 0.1459999978542328 255 243 248
0.06454523652791977 0.007642233278602362 0.1459999978542328 236 202 210
0.06488853693008423 0.007642233278602362 0.1459999978542328 222 188 196
0.06478504836559296 0.007589889224618673 0.14499999582767487 234 191 195
0.06512600183486938 0.007589889224618673 0.14499999582767487 215 172 176
0.06546695530414581 0.007589889224618673 0.14499999582767487 210 168 167
0.06580790132284164 0.007589889224618673 0.14499999582767487 204 162 161
0.06614885479211807 0.007589889224618673 0.14499999582767487 202 160 159
0.06603125482797623 0.007537545170634985 0.14399999380111694 199 157 156
0.06636986136436462 0.007537545170634985 0.14399999380111694 191 148 150
0.06624520570039749 0.007485201116651297 0.14300000667572021 187 144 146
0.06658145785331726 0.007485201116651297 0.14300000667572021 168 124 124
0.06691770255565643 0.007485201116651297 0.14300000667572021 174 130 130
0.06745143979787827 0.007432857062667608 0.1420000046491623 255 216 215
0.0677853375673294 0.007432857062667608 0.1420000046491623 255 214 213
0.06811923533678055 0.007432857062667608 0.1420000046491623 253 206 207
0.06845313310623169 0.007432857062667608 0.1420000046491623 248 201 202
0.06878703087568283 0.007432857062667608 0.1420000046491623 242 194 200
0.06912093609571457 0.007432857062667608 0.1420000046491623 234 186 192
0.06896571069955826 0.00738051300868392 0.14100000262260437 222 182 185
0.06929726153612137 0.00738051300868392 0.14100000262260437 213 173 176
0.06913498044013977 0.0073281689547002316 0.14000000059604645 213 175 177
0.06946417689323425 0.0073281689547002316 0.14000000059604645 207 169 171
0.06979337334632874 0.0073281689547002316 0.14000000059604645 208 170 174
0.06962169706821442 0.007275824900716543 0.13899999856948853 203 165 169
0.06994853913784027 0.007275824900716543 0.13899999856948853 195 162 163
0.07027538120746613 0.007275824900716543 0.13899999856948853 182 149 150
0.07009429484605789 0.007223480846732855 0.1379999965429306 174 138 138
0.07041878998279572 0.007223480846732855 0.1379999965429306 158 122 122
0.07074327766895294 0.007223480846732855 0.1379999965429306 156 118 111
0.07106777280569077 0.007223480846732855 0.1379999965429306 152 114 107
0.07204125076532364 0.007223480846732855 0.1379999965429306 201 170 161
0.07236573845148087 0.007223480846732855 0.1379999965429306 197 166 157
0.07269023358821869 0.007223480846732855 0.1379999965429306 183 150 151
0.07301472872495651 0.007223480846732855 0.1379999965429306 163 130 131
0.07333921641111374 0.007223480846732855 0.1379999965429306 165 129 133
0.07366371154785156 0.007223480846732855 0.1379999965429306 163 127 131
0.07398820668458939 0.007223480846732855 0.1379999965429306 161 125 127
0.07431269437074661 0.007223480846732855 0.1379999965429306 158 122 124
0.07463718950748444 0.007223480846732855 0.1379999965429306 156 121 118
0.07496168464422226 0.007223480846732855 0.1379999965429306 157 122 119
0.07528617233037949 0.007223480846732855 0.1379999965429306 156 121 116
0.07506275922060013 0.0071711367927491665 0.13699999451637268 151 116 111
0.07538489997386932 0.0071711367927491665 0.13699999451637268 153 116 111
0.07570704072713852 0.0071711367927491665 0.13699999451637268 146 109 104
0.07602918893098831 0.0071711367927491665 0.13699999451637268 140 101 97
0.07635132968425751 0.0071711367927491665 0.13699999451637268 137 98 94
0.07739296555519104 0.007118792738765478 0.13600000739097595 159 123 115
0.07771275192499161 0.007118792738765478 0.13600000739097595 156 120 112
0.07803254574537277 0.007118792738765478 0.13600000739097595 151 114 109
0.07835233211517334 0.007118792738765478 0.13600000739097595 143 106 101
0.0786721259355545 0.007118792738765478 0.13600000739097595 138 106 102
0.07899191230535507 0.007118792738765478 0.13600000739097595 137 105 101
0.07931170612573624 0.007118792738765478 0.13600000739097595 131 101 96
0.0796314924955368 0.007118792738765478 0.13600000739097595 132 102 97
0.07995127886533737 0.007118792738765478 0.13600000739097595 131 99 95
0.08027107268571854 0.007118792738765478 0.13600000739097595 128 96 92
0.0805908590555191 0.007118792738765478 0.13600000739097595 124 92 88
0.0803157165646553 0.00706644868478179 0.13500000536441803 124 92 88
0.08063315600156784 0.00706644868478179 0.13500000536441803 128 91 86
0.08095059543848038 0.00706644868478179 0.13500000536441803 120 83 78
0.08126803487539291 0.00706644868478179 0.13500000536441803 127 86 80
0.08158547431230545 0.00706644868478179 0.13500000536441803 131 90 84
0.08317266404628754 0.00706644868478179 0.13500000536441803 137 99 88
0.08410854637622833 0.007118792738765478 0.13600000739097595 135 97 86
0.0844283327460289 0.007118792738765478 0.13600000739097595 131 93 82
0.08474812656641006 0.007118792738765478 0.13600000739097595 130 92 81
0.08506791293621063 0.007118792738765478 0.13600000739097595 130 92 81
0.0853877067565918 0.007118792738765478 0.13600000739097595 123 85 74
0.08570749312639236 0.007118792738765478 0.13600000739097595 124 86 79
0.08602728694677353 0.007118792738765478 0.13600000739097595 122 84 77
0.0863470733165741 0.007118792738765478 0.13600000739097595 118 77 71
0.08666686713695526 0.007118792738765478 0.13600000739097595 126 85 79
0.08698665350675583 0.007118792738765478 0.13600000739097595 132 91 83
0.0873064398765564 0.007118792738765478 0.13600000739097595 132 91 83
0.08762623369693756 0.007118792738765478 0.13600000739097595 139 103 95
0.08794602006673813 0.007118792738765478 0.13600000739097595 139 103 95
0.0882658138871193 0.007118792738765478 0.13600000739097595 135 102 103
0.08858560025691986 0.007118792738765478 0.13600000739097595 137 104 105
0.08890539407730103 0.007118792738765478 0.13600000739097595 134 103 103
0.08922518044710159 0.007118792738765478 0.13600000739097595 132 101 101
0.09020338952541351 0.0071711367927491665 0.13699999451637268 127 99 98
0.09052553027868271 0.0071711367927491665 0.13699999451637268 125 97 96
0.0908476710319519 0.0071711367927491665 0.13699999451637268 126 95 97
0.0911698117852211 0.0071711367927491665 0.13699999451637268 123 92 94
0.0914919525384903 0.0071711367927491665 0.13699999451637268 118 80 82
0.09181409329175949 0.0071711367927491665 0.13699999451637268 113 75 77
0.09280876070261002 0.007223480846732855 0.1379999965429306 111 72 70
0.09313325583934784 0.007223480846732855 0.1379999965429306 111 72 70
0.09345774352550507 0.007223480846732855 0.1379999965429306 116 74 71
0.0944618210196495 0.007275824900716543 0.13899999856948853 117 75 72
0.09478866308927536 0.007275824900716543 0.13899999856948853 114 77 72
0.09511550515890121 0.007275824900716543 0.13899999856948853 115 78 73
0.09544235467910767 0.007275824900716543 0.13899999856948853 115 78 73
0.09576919674873352 0.007275824900716543 0.13899999856948853 111 74 69
0.09609603881835938 0.007275824900716543 0.13899999856948853 116 74 73
0.09642288088798523 0.007275824900716543 0.13899999856948853 98 56 55
0.06360470503568649 0.008040232583880424 0.1469999998807907 248 199 200
0.06395035982131958 0.008040232583880424 0.1469999998807907 255 225 226
0.06385862827301025 0.007985536940395832 0.1459999978542328 255 245 251
0.06420192867517471 0.007985536940395832 0.1459999978542328 255 234 240
0.06454523652791977 0.007985536940395832 0.1459999978542328 234 197 204
0.06488853693008423 0.007985536940395832 0.1459999978542328 231 194 201
0.06478504836559296 0.00793084129691124 0.14499999582767487 229 186 192
0.06512600183486938 0.00793084129691124 0.14499999582767487 226 183 189
0.06546695530414581 0.00793084129691124 0.14499999582767487 226 183 185
0.06580790132284164 0.00793084129691124 0.14499999582767487 211 168 170
0.06614885479211807 0.00793084129691124 0.14499999582767487 202 157 160
0.06603125482797623 0.007876145653426647 0.14399999380111694 193 148 151
0.06636986136436462 0.007876145653426647 0.14399999380111694 194 147 148
0.06624520570039749 0.00782145094126463 0.14300000667572021 190 143 144
0.06745143979787827 0.00776675483211875 0.1420000046491623 255 210 206
0.0677853375673294 0.00776675483211875 0.1420000046491623 255 212 208
0.06811923533678055 0.00776675483211875 0.1420000046491623 251 204 205
0.06845313310623169 0.00776675483211875 0.1420000046491623 248 201 202
0.06896571069955826 0.0077120596542954445 0.14100000262260437 226 181 186
0.06929726153612137 0.0077120596542954445 0.14100000262260437 216 171 176
0.06913498044013977 0.007657364010810852 0.14000000059604645 212 174 176
0.06946417689323425 0.007657364010810852 0.14000000059604645 206 168 170
0.06979337334632874 0.007657364010810852 0.14000000059604645 200 163 170
0.06962169706821442 0.007602668832987547 0.13899999856948853 199 162 169
0.06994853913784027 0.007602668832987547 0.13899999856948853 200 163 172
0.07027538120746613 0.007602668832987547 0.13899999856948853 191 154 163
0.07060222327709198 0.007602668832987547 0.13899999856948853 180 140 141
0.07092906534671783 0.007602668832987547 0.13899999856948853 159 119 120
0.07074327766895294 0.0075479731895029545 0.1379999965429306 153 112 104
0.07106777280569077 0.0075479731895029545 0.1379999965429306 153 112 104
0.07204125076532364 0.0075479731895029545 0.1379999965429306 201 167 157
0.07236573845148087 0.0075479731895029545 0.1379999965429306 196 162 152
0.07269023358821869 0.0075479731895029545 0.1379999965429306 184 146 148
0.07301472872495651 0.0075479731895029545 0.1379999965429306 173 135 137
0.07333921641111374 0.0075479731895029545 0.1379999965429306 169 131 135
0.07366371154785156 0.0075479731895029545 0.1379999965429306 163 125 129
0.07398820668458939 0.0075479731895029545 0.1379999965429306 158 122 122
0.07431269437074661 0.0075479731895029545 0.1379999965429306 158 122 122
0.07463718950748444 0.0075479731895029545 0.1379999965429306 160 125 120
0.07496168464422226 0.0075479731895029545 0.1379999965429306 155 120 115
0.07528617233037949 0.0075479731895029545 0.1379999965429306 150 115 110
0.07506275922060013 0.007493277546018362 0.13699999451637268 149 114 109
0.07538489997386932 0.007493277546018362 0.13699999451637268 148 112 104
0.07570704072713852 0.007493277546018362 0.13699999451637268 146 110 102
0.07602918893098831 0.007493277546018362 0.13699999451637268 145 104 98
0.07635132968425751 0.007493277546018362 0.13699999451637268 139 98 92
0.07739296555519104 0.007438582368195057 0.13600000739097595 157 119 112
0.07771275192499161 0.007438582368195057 0.13600000739097595 150 112 105
0.07803254574537277 0.007438582368195057 0.13600000739097595 147 108 104
0.07835233211517334 0.007438582368195057 0.13600000739097595 142 103 99
0.0786721259355545 0.007438582368195057 0.13600000739097595 142 105 100
0.07899191230535507 0.007438582368195057 0.13600000739097595 141 104 99
0.07931170612573624 0.007438582368195057 0.13600000739097595 134 99 94
0.0796314924955368 0.007438582368195057 0.13600000739097595 134 99 94
0.07995127886533737 0.007438582368195057 0.13600000739097595 129 94 89
0.08027107268571854 0.007438582368195057 0.13600000739097595 128 93 88
0.0805908590555191 0.007438582368195057 0.13600000739097595 130 93 88
0.0803157165646553 0.0073838867247104645 0.13500000536441803 128 91 86
0.08063315600156784 0.0073838867247104645 0.13500000536441803 130 89 83
0.08095059543848038 0.0073838867247104645 0.13500000536441803 124 83 77
0.08317266404628754 0.0073838867247104645 0.13500000536441803 136 98 89
0.08349010348320007 0.0073838867247104645 0.13500000536441803 137 99 90
0.08380754292011261 0.0073838867247104645 0.13500000536441803 138 100 93
0.08474812656641006 0.007438582368195057 0.13600000739097595 133 95 88
0.08506791293621063 0.007438582368195057 0.13600000739097595 129 91 84
0.0853877067565918 0.007438582368195057 0.13600000739097595 125 87 80
0.08570749312639236 0.007438582368195057 0.13600000739097595 125 84 78
0.08602728694677353 0.007438582368195057 0.13600000739097595 120 79 73
0.0863470733165741 0.007438582368195057 0.13600000739097595 119 76 71
0.08666686713695526 0.007438582368195057 0.13600000739097595 124 81 76
0.08762623369693756 0.007438582368195057 0.13600000739097595 139 98 92
0.08794602006673813 0.007438582368195057 0.13600000739097595 141 100 94
0.0882658138871193 0.007438582368195057 0.13600000739097595 142 104 104
0.08858560025691986 0.007438582368195057 0.13600000739097595 143 105 105
0.08890539407730103 0.007438582368195057 0.13600000739097595 135 102 101
0.08922518044710159 0.007438582368195057 0.13600000739097595 132 99 98
0.08954496681690216 0.007438582368195057 0.13600000739097595 129 98 96
0.09052553027868271 0.007493277546018362 0.13699999451637268 126 95 93
0.0908476710319519 0.007493277546018362 0.13699999451637268 122 94 91
0.0911698117852211 0.007493277546018362 0.13699999451637268 117 89 86
0.0914919525384903 0.007493277546018362 0.13699999451637268 120 84 84
0.09181409329175949 0.007493277546018362 0.13699999451637268 114 78 78
0.09280876070261002 0.0075479731895029545 0.1379999965429306 114 73 67
0.09313325583934784 0.0075479731895029545 0.1379999965429306 113 72 66
0.09345774352550507 0.0075479731895029545 0.1379999965429306 113 72 66
0.09378223866224289 0.0075479731895029545 0.1379999965429306 114 73 67
0.09478866308927536 0.007602668832987547 0.13899999856948853 111 74 69
0.09511550515890121 0.007602668832987547 0.13899999856948853 111 74 69
0.09544235467910767 0.007602668832987547 0.13899999856948853 113 79 71
0.09576919674873352 0.007602668832987547 0.13899999856948853 112 78 70
0.09609603881835938 0.007602668832987547 0.13899999856948853 115 71 69
0.09711657464504242 0.007657364010810852 0.14000000059604645 95 51 49
0.06395035982131958 0.008385887369513512 0.1469999998807907 255 212 217
0.06385862827301025 0.008328840136528015 0.1459999978542328 255 241 248
0.06420192867517471 0.008328840136528015 0.1459999978542328 255 227 234
0.06454523652791977 0.008328840136528015 0.1459999978542328 236 197 206
0.06444409489631653 0.008271793834865093 0.14499999582767487 228 189 198
0.06478504836559296 0.008271793834865093 0.14499999582767487 215 171 180
0.06512600183486938 0.008271793834865093 0.14499999582767487 219 175 184
0.06546695530414581 0.008271793834865093 0.14499999582767487 220 180 183
0.06580790132284164 0.008271793834865093 0.14499999582767487 199 159 162
0.06569265574216843 0.008214746601879597 0.14399999380111694 187 144 146
0.06603125482797623 0.008214746601879597 0.14399999380111694 192 149 151
0.06636986136436462 0.008214746601879597 0.14399999380111694 195 148 147
0.06624520570039749 0.008157700300216675 0.14300000667572021 177 130 129
0.0677853375673294 0.008100653067231178 0.1420000046491623 255 211 208
0.06811923533678055 0.008100653067231178 0.1420000046491623 250 202 206
0.06845313310623169 0.008100653067231178 0.1420000046491623 242 194 198
0.06878703087568283 0.008100653067231178 0.1420000046491623 241 193 199
0.06912093609571457 0.008100653067231178 0.1420000046491623 237 189 195
0.06896571069955826 0.008043605834245682 0.14100000262260437 222 174 178
0.06929726153612137 0.008043605834245682 0.14100000262260437 218 170 174
0.06913498044013977 0.00798655953258276 0.14000000059604645 207 167 168
0.06946417689323425 0.00798655953258276 0.14000000059604645 207 167 168
0.06979337334632874 0.00798655953258276 0.14000000059604645 203 165 169
0.06962169706821442 0.007929512299597263 0.13899999856948853 203 165 169
0.06994853913784027 0.007929512299597263 0.13899999856948853 189 148 156
0.07027538120746613 0.007929512299597263 0.13899999856948853 186 145 153
0.07060222327709198 0.007929512299597263 0.13899999856948853 178 133 136
0.07092906534671783 0.007929512299597263 0.13899999856948853 160 115 118
0.07204125076532364 0.007872465997934341 0.1379999965429306 201 165 153
0.07236573845148087 0.007872465997934341 0.1379999965429306 198 162 150
0.07269023358821869 0.007872465997934341 0.1379999965429306 186 148 148
0.07301472872495651 0.007872465997934341 0.1379999965429306 173 135 135
0.07333921641111374 0.007872465997934341 0.1379999965429306 167 129 131
0.07366371154785156 0.007872465997934341 0.1379999965429306 160 122 124
0.07398820668458939 0.007872465997934341 0.1379999965429306 160 122 122
0.07431269437074661 0.007872465997934341 0.1379999965429306 159 121 121
0.07463718950748444 0.007872465997934341 0.1379999965429306 157 122 117
0.07496168464422226 0.007872465997934341 0.1379999965429306 155 120 115
0.07528617233037949 0.007872465997934341 0.1379999965429306 150 115 110
0.07506275922060013 0.007815418764948845 0.13699999451637268 150 115 110
0.07538489997386932 0.007815418764948845 0.13699999451637268 150 114 106
0.07570704072713852 0.007815418764948845 0.13699999451637268 146 110 102
0.07602918893098831 0.007815418764948845 0.13699999451637268 142 99 94
0.07635132968425751 0.007815418764948845 0.13699999451637268 140 97 92
0.07739296555519104 0.007758371997624636 0.13600000739097595 158 117 111
0.07771275192499161 0.007758371997624636 0.13600000739097595 152 111 105
0.07803254574537277 0.007758371997624636 0.13600000739097595 149 107 104
0.07835233211517334 0.007758371997624636 0.13600000739097595 142 100 97
0.0786721259355545 0.007758371997624636 0.13600000739097595 145 104 98
0.07899191230535507 0.007758371997624636 0.13600000739097595 139 98 92
0.07931170612573624 0.007758371997624636 0.13600000739097595 136 98 91
0.0796314924955368 0.007758371997624636 0.13600000739097595 133 95 88
0.07995127886533737 0.007758371997624636 0.13600000739097595 128 91 86
0.08027107268571854 0.007758371997624636 0.13600000739097595 129 92 87
0.07999828457832336 0.0077013252303004265 0.13500000536441803 128 91 86
0.0803157165646553 0.0077013252303004265 0.13500000536441803 124 87 82
0.08063315600156784 0.0077013252303004265 0.13500000536441803 127 86 78
0.08095059543848038 0.0077013252303004265 0.13500000536441803 126 85 77
0.08253778517246246 0.0077013252303004265 0.13500000536441803 135 97 86
0.082855224609375 0.0077013252303004265 0.13500000536441803 132 94 83
0.08317266404628754 0.0077013252303004265 0.13500000536441803 132 95 90
0.08349010348320007 0.0077013252303004265 0.13500000536441803 136 99 94
0.08380754292011261 0.0077013252303004265 0.13500000536441803 131 94 89
0.08474812656641006 0.007758371997624636 0.13600000739097595 128 91 86
0.08506791293621063 0.007758371997624636 0.13600000739097595 125 87 80
0.0853877067565918 0.007758371997624636 0.13600000739097595 122 84 77
0.08570749312639236 0.007758371997624636 0.13600000739097595 120 79 71
0.08602728694677353 0.007758371997624636 0.13600000739097595 119 78 70
0.08698665350675583 0.007758371997624636 0.13600000739097595 120 79 71
0.0873064398765564 0.007758371997624636 0.13600000739097595 128 87 79
0.08762623369693756 0.007758371997624636 0.13600000739097595 139 98 92
0.08794602006673813 0.007758371997624636 0.13600000739097595 145 104 98
0.0882658138871193 0.007758371997624636 0.13600000739097595 144 105 101
0.08858560025691986 0.007758371997624636 0.13600000739097595 142 103 99
0.08890539407730103 0.007758371997624636 0.13600000739097595 133 100 99
0.08922518044710159 0.007758371997624636 0.13600000739097595 133 100 99
0.08954496681690216 0.007758371997624636 0.13600000739097595 128 100 97
0.08986476063728333 0.007758371997624636 0.13600000739097595 123 95 92
0.0908476710319519 0.007815418764948845 0.13699999451637268 122 94 91
0.0911698117852211 0.007815418764948845 0.13699999451637268 120 92 89
0.0914919525384903 0.007815418764948845 0.13699999451637268 122 87 82
0.09181409329175949 0.007815418764948845 0.13699999451637268 116 81 76
0.09213623404502869 0.007815418764948845 0.13699999451637268 114 73 65
0.09313325583934784 0.007872465997934341 0.1379999965429306 109 68 60
0.09345774352550507 0.007872465997934341 0.1379999965429306 112 71 65
0.09378223866224289 0.007872465997934341 0.1379999965429306 112 71 65
0.09478866308927536 0.007929512299597263 0.13899999856948853 116 75 69
0.09511550515890121 0.007929512299597263 0.13899999856948853 114 73 67
0.09544235467910767 0.007929512299597263 0.13899999856948853 114 76 69
0.09576919674873352 0.007929512299597263 0.13899999856948853 114 76 69
0.09609603881835938 0.007929512299597263 0.13899999856948853 114 70 68
0.09642288088798523 0.007929512299597263 0.13899999856948853 104 60 58
0.09674973040819168 0.007929512299597263 0.13899999856948853 102 53 54
0.09707657247781754 0.007929512299597263 0.13899999856948853 96 47 48
0.06385862827301025 0.008672144263982773 0.1459999978542328 255 230 237
0.06420192867517471 0.008672144263982773 0.1459999978542328 255 222 229
0.06454523652791977 0.008672144263982773 0.1459999978542328 242 201 209
0.06444409489631653 0.008612745441496372 0.14499999582767487 246 205 213
0.06478504836559296 0.008612745441496372 0.14499999582767487 229 185 194
0.06512600183486938 0.008612745441496372 0.14499999582767487 211 167 176
0.06546695530414581 0.008612745441496372 0.14499999582767487 217 174 178
0.06580790132284164 0.008612745441496372 0.14499999582767487 198 155 159
0.06569265574216843 0.008553347550332546 0.14399999380111694 185 141 141
0.06603125482797623 0.008553347550332546 0.14399999380111694 182 138 138
0.0677853375673294 0.00843455083668232 0.1420000046491623 255 211 208
0.06811923533678055 0.00843455083668232 0.1420000046491623 248 199 200
0.06845313310623169 0.00843455083668232 0.1420000046491623 245 196 197
0.06896571069955826 0.008375152945518494 0.14100000262260437 225 177 183
0.06929726153612137 0.008375152945518494 0.14100000262260437 219 171 177
0.06962880492210388 0.008375152945518494 0.14100000262260437 215 172 174
0.06946417689323425 0.008315754123032093 0.14000000059604645 208 165 167
0.06979337334632874 0.008315754123032093 0.14000000059604645 200 160 161
0.07012256979942322 0.008315754123032093 0.14000000059604645 192 152 153
0.06994853913784027 0.008256356231868267 0.13899999856948853 185 137 143
0.07027538120746613 0.008256356231868267 0.13899999856948853 184 136 142
0.07060222327709198 0.008256356231868267 0.13899999856948853 173 124 125
0.07092906534671783 0.008256356231868267 0.13899999856948853 161 112 113
0.07204125076532364 0.008196958340704441 0.1379999965429306 202 164 153
0.07236573845148087 0.008196958340704441 0.1379999965429306 199 161 150
0.07269023358821869 0.008196958340704441 0.1379999965429306 189 149 152
0.07301472872495651 0.008196958340704441 0.1379999965429306 186 146 149
0.07333921641111374 0.008196958340704441 0.1379999965429306 175 132 136
0.07366371154785156 0.008196958340704441 0.1379999965429306 163 120 124
0.07398820668458939 0.008196958340704441 0.1379999965429306 160 121 119
0.07431269437074661 0.008196958340704441 0.1379999965429306 159 120 118
0.07463718950748444 0.008196958340704441 0.1379999965429306 157 120 117
0.07496168464422226 0.008196958340704441 0.1379999965429306 155 118 115
0.07528617233037949 0.008196958340704441 0.1379999965429306 147 112 109
0.07506275922060013 0.00813755951821804 0.13699999451637268 148 113 110
0.07538489997386932 0.00813755951821804 0.13699999451637268 144 107 102
0.07570704072713852 0.00813755951821804 0.13699999451637268 142 105 100
0.07602918893098831 0.00813755951821804 0.13699999451637268 139 96 91
0.07635132968425751 0.00813755951821804 0.13699999451637268 138 95 90
0.07739296555519104 0.008078161627054214 0.13600000739097595 155 111 109
0.07771275192499161 0.008078161627054214 0.13600000739097595 153 109 107
0.07803254574537277 0.008078161627054214 0.13600000739097595 149 106 101
0.07835233211517334 0.008078161627054214 0.13600000739097595 145 102 97
0.0786721259355545 0.008078161627054214 0.13600000739097595 142 99 94
0.07899191230535507 0.008078161627054214 0.13600000739097595 134 91 86
0.07931170612573624 0.008078161627054214 0.13600000739097595 133 95 88
0.0796314924955368 0.008078161627054214 0.13600000739097595 131 93 86
0.07995127886533737 0.008078161627054214 0.13600000739097595 129 91 84
0.08027107268571854 0.008078161627054214 0.13600000739097595 130 92 85
0.07999828457832336 0.008018762804567814 0.13500000536441803 126 88 79
0.0803157165646553 0.008018762804567814 0.13500000536441803 124 86 77
0.08253778517246246 0.008018762804567814 0.13500000536441803 133 95 86
0.082855224609375 0.008018762804567814 0.13500000536441803 132 94 85
0.08317266404628754 0.008018762804567814 0.13500000536441803 132 93 89
0.08349010348320007 0.008018762804567814 0.13500000536441803 133 94 90
0.08380754292011261 0.008018762804567814 0.13500000536441803 132 93 89
0.08412497490644455 0.008018762804567814 0.13500000536441803 126 87 83
0.08506791293621063 0.008078161627054214 0.13600000739097595 125 87 80
0.0853877067565918 0.008078161627054214 0.13600000739097595 121 83 76
0.08570749312639236 0.008078161627054214 0.13600000739097595 120 79 71
0.08602728694677353 0.008078161627054214 0.13600000739097595 120 79 71
0.08698665350675583 0.008078161627054214 0.13600000739097595 123 82 74
0.0873064398765564 0.008078161627054214 0.13600000739097595 133 92 84
0.08762623369693756 0.008078161627054214 0.13600000739097595 137 96 88
0.08794602006673813 0.008078161627054214 0.13600000739097595 139 98 90
0.0882658138871193 0.008078161627054214 0.13600000739097595 138 99 95
0.08858560025691986 0.008078161627054214 0.13600000739097595 143 104 100
0.08890539407730103 0.008078161627054214 0.13600000739097595 132 100 96
0.08922518044710159 0.008078161627054214 0.13600000739097595 128 96 92
0.08954496681690216 0.008078161627054214 0.13600000739097595 127 96 94
0.08986476063728333 0.008078161627054214 0.13600000739097595 125 94 92
0.09018454700708389 0.008078161627054214 0.13600000739097595 127 97 92
0.0911698117852211 0.00813755951821804 0.13699999451637268 120 90 85
0.0914919525384903 0.00813755951821804 0.13699999451637268 122 86 76
0.09181409329175949 0.00813755951821804 0.13699999451637268 117 81 71
0.09345774352550507 0.008196958340704441 0.1379999965429306 113 72 64
0.09378223866224289 0.008196958340704441 0.1379999965429306 111 70 62
0.09478866308927536 0.008256356231868267 0.13899999856948853 116 75 67
0.09511550515890121 0.008256356231868267 0.13899999856948853 112 71 63
0.09544235467910767 0.008256356231868267 0.13899999856948853 114 73 65
0.09576919674873352 0.008256356231868267 0.13899999856948853 113 72 64
0.09609603881835938 0.008256356231868267 0.13899999856948853 110 67 62
0.09642288088798523 0.008256356231868267 0.13899999856948853 104 61 56
0.0641031414270401 0.008953697979450226 0.14499999582767487 253 205 211
0.06444409489631653 0.008953697979450226 0.14499999582767487 254 206 212
0.06478504836559296 0.008953697979450226 0.14499999582767487 245 200 207
0.06512600183486938 0.008953697979450226 0.14499999582767487 214 169 176
0.06546695530414581 0.008953697979450226 0.14499999582767487 209 166 168
0.06580790132284164 0.008953697979450226 0.14499999582767487 196 153 155
0.06569265574216843 0.008891948498785496 0.14399999380111694 198 151 150
0.06603125482797623 0.008891948498785496 0.14399999380111694 179 132 131
0.06962880492210388 0.008706699125468731 0.14100000262260437 213 169 169
0.0699603483080864 0.008706699125468731 0.14100000262260437 209 165 165
0.06979337334632874 0.008644949644804 0.14000000059604645 206 162 160
0.07012256979942322 0.008644949644804 0.14000000059604645 205 161 159
0.06994853913784027 0.00858320016413927 0.13899999856948853 199 150 151
0.07027538120746613 0.00858320016413927 0.13899999856948853 182 133 134
0.07204125076532364 0.00852145068347454 0.1379999965429306 203 162 154
0.07236573845148087 0.00852145068347454 0.1379999965429306 203 162 154
0.07269023358821869 0.00852145068347454 0.1379999965429306 197 157 160
0.07301472872495651 0.00852145068347454 0.1379999965429306 185 145 148
0.07333921641111374 0.00852145068347454 0.1379999965429306 177 134 136
0.07366371154785156 0.00852145068347454 0.1379999965429306 169 126 128
0.07398820668458939 0.00852145068347454 0.1379999965429306 163 121 120
0.07431269437074661 0.00852145068347454 0.1379999965429306 158 116 115
0.07463718950748444 0.00852145068347454 0.1379999965429306 149 110 106
0.07496168464422226 0.00852145068347454 0.1379999965429306 146 107 103
0.07528617233037949 0.00852145068347454 0.1379999965429306 144 108 108
0.07506275922060013 0.008459700271487236 0.13699999451637268 150 114 114
0.07538489997386932 0.008459700271487236 0.13699999451637268 138 101 98
0.07570704072713852 0.008459700271487236 0.13699999451637268 139 102 99
0.07602918893098831 0.008459700271487236 0.13699999451637268 138 96 95
0.07635132968425751 0.008459700271487236 0.13699999451637268 137 95 94
0.07931170612573624 0.008397950790822506 0.13600000739097595 139 96 91
0.0796314924955368 0.008397950790822506 0.13600000739097595 134 91 86
0.07995127886533737 0.008397950790822506 0.13600000739097595 132 94 87
0.08027107268571854 0.008397950790822506 0.13600000739097595 131 93 86
0.07999828457832336 0.008336201310157776 0.13500000536441803 125 87 78
0.0803157165646553 0.008336201310157776 0.13500000536441803 119 81 72
0.08253778517246246 0.008336201310157776 0.13500000536441803 134 93 85
0.082855224609375 0.008336201310157776 0.13500000536441803 134 93 85
0.08317266404628754 0.008336201310157776 0.13500000536441803 137 96 90
0.08349010348320007 0.008336201310157776 0.13500000536441803 134 93 87
0.08380754292011261 0.008336201310157776 0.13500000536441803 133 92 86
0.08412497490644455 0.008336201310157776 0.13500000536441803 127 86 80
0.08506791293621063 0.008397950790822506 0.13600000739097595 129 91 82
0.0853877067565918 0.008397950790822506 0.13600000739097595 121 83 74
0.08570749312639236 0.008397950790822506 0.13600000739097595 118 80 69
0.08602728694677353 0.008397950790822506 0.13600000739097595 115 77 66
0.08762623369693756 0.008397950790822506 0.13600000739097595 129 91 82
0.08794602006673813 0.008397950790822506 0.13600000739097595 136 98 89
0.0882658138871193 0.008397950790822506 0.13600000739097595 134 98 88
0.08858560025691986 0.008397950790822506 0.13600000739097595 136 100 90
0.08890539407730103 0.008397950790822506 0.13600000739097595 131 99 95
0.08922518044710159 0.008397950790822506 0.13600000739097595 127 95 91
0.08954496681690216 0.008397950790822506 0.13600000739097595 130 97 96
0.08986476063728333 0.008397950790822506 0.13600000739097595 131 98 97
0.09018454700708389 0.008397950790822506 0.13600000739097595 130 94 94
0.0911698117852211 0.008459700271487236 0.13699999451637268 123 87 87
0.0914919525384903 0.008459700271487236 0.13699999451637268 122 86 76
0.09181409329175949 0.008459700271487236 0.13699999451637268 117 81 71
0.09345774352550507 0.00852145068347454 0.1379999965429306 101 60 52
0.09378223866224289 0.00852145068347454 0.1379999965429306 107 66 58
0.09478866308927536 0.00858320016413927 0.13899999856948853 107 66 58
0.09511550515890121 0.00858320016413927 0.13899999856948853 112 71 63
0.09544235467910767 0.00858320016413927 0.13899999856948853 114 73 65
0.09576919674873352 0.00858320016413927 0.13899999856948853 111 70 62
0.06546695530414581 0.009294649586081505 0.14499999582767487 199 155 153
0.06535405665636063 0.00923054851591587 0.14399999380111694 182 138 136
0.06962880492210388 0.009038246236741543 0.14100000262260437 213 166 167
0.0699603483080864 0.009038246236741543 0.14100000262260437 208 161 162
0.06979337334632874 0.008974145166575909 0.14000000059604645 202 155 154
0.07012256979942322 0.008974145166575909 0.14000000059604645 202 155 154
0.07269023358821869 0.00884594302624464 0.1379999965429306 199 156 160
0.07301472872495651 0.00884594302624464 0.1379999965429306 184 141 145
0.07333921641111374 0.00884594302624464 0.1379999965429306 175 132 136
0.07366371154785156 0.00884594302624464 0.1379999965429306 172 129 133
0.07398820668458939 0.00884594302624464 0.1379999965429306 167 123 123
0.07431269437074661 0.00884594302624464 0.1379999965429306 159 115 115
0.07463718950748444 0.00884594302624464 0.1379999965429306 154 112 109
0.07496168464422226 0.00884594302624464 0.1379999965429306 152 110 107
0.07528617233037949 0.00884594302624464 0.1379999965429306 144 107 104
0.07506275922060013 0.008781841956079006 0.13699999451637268 141 104 101
0.07538489997386932 0.008781841956079006 0.13699999451637268 135 98 95
0.07570704072713852 0.008781841956079006 0.13699999451637268 132 95 92
0.07602918893098831 0.008781841956079006 0.13699999451637268 134 90 90
0.07635132968425751 0.008781841956079006 0.13699999451637268 128 84 84
0.07803254574537277 0.008717740885913372 0.13600000739097595 152 105 104
0.07835233211517334 0.008717740885913372 0.13600000739097595 150 103 102
0.0786721259355545 0.008717740885913372 0.13600000739097595 144 95 96
0.07899191230535507 0.008717740885913372 0.13600000739097595 139 90 91
0.07931170612573624 0.008717740885913372 0.13600000739097595 137 90 89
0.0796314924955368 0.008717740885913372 0.13600000739097595 136 89 88
0.07995127886533737 0.008717740885913372 0.13600000739097595 135 91 89
0.07968084514141083 0.008653639815747738 0.13500000536441803 133 89 87
0.08762623369693756 0.008717740885913372 0.13600000739097595 124 86 77
0.08794602006673813 0.008717740885913372 0.13600000739097595 133 95 86
0.0882658138871193 0.008717740885913372 0.13600000739097595 129 93 85
0.08858560025691986 0.008717740885913372 0.13600000739097595 128 92 84
0.08890539407730103 0.008717740885913372 0.13600000739097595 129 94 89
0.08922518044710159 0.008717740885913372 0.13600000739097595 128 93 88
0.08954496681690216 0.008717740885913372 0.13600000739097595 131 94 91
0.08986476063728333 0.008717740885913372 0.13600000739097595 128 91 88
0.09018454700708389 0.008717740885913372 0.13600000739097595 125 87 87
0.09050434082746506 0.008717740885913372 0.13600000739097595 122 84 84
0.0914919525384903 0.008781841956079006 0.13699999451637268 125 82 77
0.09181409329175949 0.008781841956079006 0.13699999451637268 111 68 63
0.06979337334632874 0.009303339757025242 0.14000000059604645 200 153 154
0.07012256979942322 0.009303339757025242 0.14000000059604645 182 135 136
0.07269023358821869 0.00917043536901474 0.1379999965429306 191 148 150
0.07301472872495651 0.00917043536901474 0.1379999965429306 180 137 139
0.07333921641111374 0.00917043536901474 0.1379999965429306 169 126 128
0.07366371154785156 0.00917043536901474 0.1379999965429306 170 127 129
0.07398820668458939 0.00917043536901474 0.1379999965429306 165 118 119
0.07431269437074661 0.00917043536901474 0.1379999965429306 163 116 117
0.07463718950748444 0.00917043536901474 0.1379999965429306 157 110 109
0.07496168464422226 0.00917043536901474 0.1379999965429306 152 105 104
0.07528617233037949 0.00917043536901474 0.1379999965429306 146 104 103
0.07506275922060013 0.009103982709348202 0.13699999451637268 140 98 97
0.07538489997386932 0.009103982709348202 0.13699999451637268 137 95 94
0.07570704072713852 0.009103982709348202 0.13699999451637268 134 92 91
0.07602918893098831 0.009103982709348202 0.13699999451637268 130 81 82
0.07635132968425751 0.009103982709348202 0.13699999451637268 124 75 76
0.07803254574537277 0.009037530049681664 0.13600000739097595 148 105 100
0.07835233211517334 0.009037530049681664 0.13600000739097595 145 102 97
0.0786721259355545 0.009037530049681664 0.13600000739097595 143 94 95
0.07899191230535507 0.009037530049681664 0.13600000739097595 137 88 89
0.07931170612573624 0.009037530049681664 0.13600000739097595 133 84 85
0.0796314924955368 0.009037530049681664 0.13600000739097595 135 86 87
0.0882658138871193 0.009037530049681664 0.13600000739097595 133 92 86
0.08858560025691986 0.009037530049681664 0.13600000739097595 131 90 84
0.08890539407730103 0.009037530049681664 0.13600000739097595 131 90 84
0.08922518044710159 0.009037530049681664 0.13600000739097595 134 93 87
0.09018454700708389 0.009037530049681664 0.13600000739097595 128 79 80
0.09050434082746506 0.009037530049681664 0.13600000739097595 128 79 80
0.07269023358821869 0.00949492771178484 0.1379999965429306 183 141 138
0.07301472872495651 0.00949492771178484 0.1379999965429306 172 130 127
0.07333921641111374 0.00949492771178484 0.1379999965429306 175 131 131
0.07366371154785156 0.00949492771178484 0.1379999965429306 167 123 123
0.06962880492210388 0.01003288570791483 0.14100000262260437 198 155 150
0.0699603483080864 0.01003288570791483 0.14100000262260437 191 148 143
0.07333921641111374 0.00981942005455494 0.1379999965429306 177 130 129
0.07366371154785156 0.00981942005455494 0.1379999965429306 155 108 107
