0.05710263550281525 0.023169612511992455 0.21299999952316284 255 196 213
0.05185423791408539 0.023337071761488914 0.20999999344348907 255 186 192
0.055574171245098114 0.023448200896382332 0.210999995470047 255 195 200
0.05656645819544792 0.023448200896382332 0.210999995470047 255 199 215
0.05733304098248482 0.02355933003127575 0.21199999749660492 255 196 212
0.049404025077819824 0.023603904992341995 0.20800000429153442 255 189 189
0.057062603533267975 0.023944344371557236 0.210999995470047 255 188 204
0.05833003297448158 0.024057826027274132 0.21199999749660492 255 190 207
0.00943276472389698 0.02444048970937729 0.210999995470047 255 228 191
0.010258303955197334 0.02525131218135357 0.21799999475479126 251 217 186
0.01338149793446064 0.02745211310684681 0.2370000034570694 255 243 231
0.013938778080046177 0.02745211310684681 0.2370000034570694 255 236 224
0.014618388377130032 0.02768377773463726 0.23899999260902405 255 214 203
0.048193030059337616 0.023977162316441536 0.2070000022649765 255 191 194
0.04844460263848305 0.02386133000254631 0.20600000023841858 255 197 207
0.048928987234830856 0.02386133000254631 0.20600000023841858 255 188 198
0.049413375556468964 0.02386133000254631 0.20600000023841858 255 186 196
0.006027546711266041 0.023282069712877274 0.19699999690055847 255 252 188
0.006490771193057299 0.023282069712877274 0.19699999690055847 255 253 200
0.00836047250777483 0.024700267240405083 0.20900000631809235 255 225 187
0.0088519137352705 0.024700267240405083 0.20900000631809235 248 216 184
0.00943276472389698 0.024936633184552193 0.210999995470047 255 234 202
0.014000809751451015 0.02198205702006817 0.1860000044107437 255 225 227
0.01436054427176714 0.021863872185349464 0.1850000023841858 255 229 231
0.014795552007853985 0.021863872185349464 0.1850000023841858 255 233 235
0.01523055974394083 0.021863872185349464 0.1850000023841858 255 232 234
0.03680921718478203 0.0215093232691288 0.18199999630451202 200 134 139
0.03744177147746086 0.021627506241202354 0.18299999833106995 178 112 117
0.04448218643665314 0.023045703768730164 0.19499999284744263 255 203 203
0.04563210532069206 0.02340025268495083 0.1979999989271164 255 217 224
0.04679613187909126 0.023754803463816643 0.20100000500679016 255 206 213
0.047268759459257126 0.023754803463816643 0.20100000500679016 255 198 209
0.04845394939184189 0.024109352380037308 0.20399999618530273 255 191 202
0.04893363267183304 0.024109352380037308 0.20399999618530273 255 189 198
0.049171097576618195 0.023991169407963753 0.2029999941587448 255 196 205
0.0059969499707221985 0.023624761030077934 0.19599999487400055 255 253 187
0.006490771193057299 0.02374529466032982 0.19699999690055847 255 255 210
0.0069539956748485565 0.02374529466032982 0.19699999690055847 255 252 207
0.007379569578915834 0.023624761030077934 0.19599999487400055 241 220 189
0.007800440303981304 0.0235042255371809 0.19499999284744263 236 215 184
0.00817425549030304 0.023263156414031982 0.19300000369548798 250 226 201
0.008538664318621159 0.023022087290883064 0.19099999964237213 255 243 218
0.008987780660390854 0.023022087290883064 0.19099999964237213 255 254 233
0.011877529323101044 0.022539949044585228 0.18700000643730164 255 255 243
0.012317240238189697 0.022539949044585228 0.18700000643730164 255 249 236
0.01275695115327835 0.022539949044585228 0.18700000643730164 243 222 209
0.013126091100275517 0.022419415414333344 0.1860000044107437 228 198 191
0.013563450425863266 0.022419415414333344 0.1860000044107437 255 239 232
0.014000809751451015 0.022419415414333344 0.1860000044107437 255 248 245
0.01436054427176714 0.02229888178408146 0.1850000023841858 255 248 245
0.014795552007853985 0.02229888178408146 0.1850000023841858 255 250 245
0.01523055974394083 0.02229888178408146 0.1850000023841858 255 250 245
0.015580888837575912 0.022178346291184425 0.18400000035762787 255 251 236
0.01601354591548443 0.022178346291184425 0.18400000035762787 255 252 237
0.0163568202406168 0.02205781266093254 0.18299999833106995 255 247 231
0.016787126660346985 0.02205781266093254 0.18299999833106995 255 238 222
0.029106050729751587 0.021937277168035507 0.18199999630451202 248 195 193
0.029534004628658295 0.021937277168035507 0.18199999630451202 255 209 207
0.029961958527565002 0.021937277168035507 0.18199999630451202 255 225 216
0.03055688925087452 0.02205781266093254 0.18299999833106995 255 232 223
0.030987193807959557 0.02205781266093254 0.18299999833106995 255 239 219
0.03141750022768974 0.02205781266093254 0.18299999833106995 255 240 220
0.03184780478477478 0.02205781266093254 0.18299999833106995 255 239 218
0.03227810934185982 0.02205781266093254 0.18299999833106995 255 234 213
0.032708413898944855 0.02205781266093254 0.18299999833106995 255 206 193
0.03595330938696861 0.021937277168035507 0.18199999630451202 255 221 208
0.03638126328587532 0.021937277168035507 0.18199999630451202 255 241 228
0.03680921718478203 0.021937277168035507 0.18199999630451202 255 248 239
0.037237171083688736 0.021937277168035507 0.18199999630451202 255 247 238
0.0378720760345459 0.02205781266093254 0.18299999833106995 255 232 226
0.038302380591630936 0.02205781266093254 0.18299999833106995 229 188 182
0.04402366653084755 0.0235042255371809 0.19499999284744263 255 201 194
0.04448218643665314 0.0235042255371809 0.19499999284744263 255 201 194
0.04494071006774902 0.0235042255371809 0.19499999284744263 255 201 209
0.04679613187909126 0.024227432906627655 0.20100000500679016 255 203 211
0.047268759459257126 0.024227432906627655 0.20100000500679016 255 201 212
0.047028832137584686 0.023865830153226852 0.1979999989271164 255 195 206
0.04749440774321556 0.023865830153226852 0.1979999989271164 248 182 187
0.04844443127512932 0.02410689741373062 0.20000000298023224 243 177 182
0.05130378156900406 0.02434796653687954 0.20200000703334808 239 172 175
0.05177876353263855 0.02434796653687954 0.20200000703334808 251 184 187
0.05251242592930794 0.024468502029776573 0.2029999941587448 252 190 198
0.05298975855112076 0.024468502029776573 0.2029999941587448 250 188 196
0.05522602051496506 0.024830104783177376 0.20600000023841858 255 192 210
0.005536076612770557 0.024085633456707 0.19599999487400055 255 254 188
0.0059969499707221985 0.024085633456707 0.19599999487400055 255 255 190
0.006457822863012552 0.024085633456707 0.19599999487400055 255 255 219
0.006918696220964193 0.024085633456707 0.19599999487400055 255 255 219
0.007341918535530567 0.023962747305631638 0.19499999284744263 255 250 226
0.00776043813675642 0.023839861154556274 0.1940000057220459 222 214 190
0.008131901733577251 0.023594090715050697 0.19200000166893005 230 223 202
0.008538664318621159 0.023471204563975334 0.19099999964237213 255 253 232
0.008987780660390854 0.023471204563975334 0.19099999964237213 255 255 239
0.011498983018100262 0.023102546110749245 0.18799999356269836 254 255 249
0.011877529323101044 0.02297965995967388 0.18700000643730164 254 255 249
0.012317240238189697 0.02297965995967388 0.18700000643730164 255 255 249
0.01275695115327835 0.02297965995967388 0.18700000643730164 255 255 249
0.013126091100275517 0.02285677380859852 0.1860000044107437 255 252 246
0.013563450425863266 0.02285677380859852 0.1860000044107437 255 253 247
0.014000809751451015 0.02285677380859852 0.1860000044107437 255 253 249
0.01436054427176714 0.022733889520168304 0.1850000023841858 255 253 249
0.014795552007853985 0.022733889520168304 0.1850000023841858 255 253 249
0.01523055974394083 0.022733889520168304 0.1850000023841858 255 253 249
0.015580888837575912 0.02261100336909294 0.18400000035762787 255 253 249
0.01601354591548443 0.02261100336909294 0.18400000035762787 255 253 249
0.0163568202406168 0.022488117218017578 0.18299999833106995 255 254 245
0.016787126660346985 0.022488117218017578 0.18299999833106995 255 254 245
0.017217431217432022 0.022488117218017578 0.18299999833106995 255 247 235
0.017551301047205925 0.022365231066942215 0.18199999630451202 255 233 221
0.017979254946112633 0.022365231066942215 0.18199999630451202 255 236 218
0.01840720698237419 0.022365231066942215 0.18199999630451202 255 244 226
0.018731672316789627 0.022242344915866852 0.1809999942779541 255 248 218
0.019157273694872856 0.022242344915866852 0.1809999942779541 255 248 218
0.019582876935601234 0.022242344915866852 0.1809999942779541 255 249 218
0.020008478313684464 0.022242344915866852 0.1809999942779541 255 249 218
0.020321184769272804 0.02211945876479149 0.18000000715255737 255 248 215
0.020744435489177704 0.02211945876479149 0.18000000715255737 255 247 214
0.021167688071727753 0.02211945876479149 0.18000000715255737 255 241 214
0.021590938791632652 0.02211945876479149 0.18000000715255737 255 231 204
0.025400197133421898 0.02211945876479149 0.18000000715255737 170 104 109
0.025823447853326797 0.02211945876479149 0.18000000715255737 169 103 108
0.028520524501800537 0.022242344915866852 0.1809999942779541 255 234 230
0.028946127742528915 0.022242344915866852 0.1809999942779541 255 252 237
0.029534004628658295 0.022365231066942215 0.18199999630451202 255 252 237
0.029961958527565002 0.022365231066942215 0.18199999630451202 255 252 240
0.03038991242647171 0.022365231066942215 0.18199999630451202 255 253 241
0.030817866325378418 0.022365231066942215 0.18199999630451202 255 251 242
0.03141750022768974 0.022488117218017578 0.18299999833106995 255 251 242
0.03184780478477478 0.022488117218017578 0.18299999833106995 255 252 240
0.03227810934185982 0.022488117218017578 0.18299999833106995 255 253 241
0.032708413898944855 0.022488117218017578 0.18299999833106995 255 248 237
0.03313871845602989 0.022488117218017578 0.18299999833106995 249 223 212
0.0350974015891552 0.022365231066942215 0.18199999630451202 244 198 180
0.035525355488061905 0.022365231066942215 0.18199999630451202 255 239 221
0.03595330938696861 0.022365231066942215 0.18199999630451202 255 253 241
0.03638126328587532 0.022365231066942215 0.18199999630451202 255 253 241
0.03680921718478203 0.022365231066942215 0.18199999630451202 255 253 243
0.037237171083688736 0.022365231066942215 0.18199999630451202 255 253 243
0.0378720760345459 0.022488117218017578 0.18299999833106995 255 251 241
0.038302380591630936 0.022488117218017578 0.18299999833106995 255 249 239
0.03873268514871597 0.022488117218017578 0.18299999833106995 245 183 184
0.03937699645757675 0.02261100336909294 0.18400000035762787 127 65 66
0.042217567563056946 0.02297965995967388 0.18700000643730164 255 226 214
0.0426572784781456 0.02297965995967388 0.18700000643730164 251 209 197
0.0433274544775486 0.023102546110749245 0.18799999356269836 244 199 204
0.04655379429459572 0.024085633456707 0.19599999487400055 229 179 187
0.047014668583869934 0.024085633456707 0.19599999487400055 236 184 191
0.04771776124835014 0.024208519607782364 0.19699999690055847 252 200 207
0.04867013543844223 0.02445429190993309 0.19900000095367432 254 200 203
0.049138061702251434 0.02445429190993309 0.19900000095367432 251 197 200
0.04960598796606064 0.02445429190993309 0.19900000095367432 226 170 174
0.05007391795516014 0.02445429190993309 0.19900000095367432 255 205 209
0.05079582333564758 0.024577176198363304 0.20000000298023224 255 238 239
0.05152243375778198 0.024700062349438667 0.20100000500679016 255 239 240
0.051995061337947845 0.024700062349438667 0.20100000500679016 255 243 248
0.05272872745990753 0.02482294850051403 0.20200000703334808 255 239 244
0.05346709117293358 0.024945834651589394 0.2029999941587448 255 215 230
0.05421016365289688 0.025068720802664757 0.20399999618530273 227 166 181
0.005507831461727619 0.024421269074082375 0.19499999284744263 255 255 192
0.005966353230178356 0.024421269074082375 0.19499999284744263 255 255 190
0.006391926668584347 0.024296032264828682 0.1940000057220459 255 255 225
0.006848097313195467 0.024296032264828682 0.1940000057220459 255 255 225
0.00726661691442132 0.02417079545557499 0.19300000369548798 255 255 239
0.007680433802306652 0.024045556783676147 0.19200000166893005 249 246 230
0.008089547976851463 0.023920319974422455 0.19099999964237213 242 241 226
0.008493958972394466 0.023795083165168762 0.1899999976158142 255 254 239
0.008940723724663258 0.023795083165168762 0.1899999976158142 255 255 243
0.009338080883026123 0.02366984635591507 0.1889999955892563 255 255 243
0.00973073486238718 0.023544607684016228 0.18799999356269836 254 255 249
0.010172797366976738 0.023544607684016228 0.18799999356269836 254 255 249
0.010614858940243721 0.023544607684016228 0.18799999356269836 254 255 249
0.011056921444833279 0.023544607684016228 0.18799999356269836 254 255 249
0.01143781840801239 0.023419370874762535 0.18700000643730164 254 255 251
0.011877529323101044 0.023419370874762535 0.18700000643730164 254 255 251
0.012317240238189697 0.023419370874762535 0.18700000643730164 254 255 249
0.01275695115327835 0.023419370874762535 0.18700000643730164 254 255 249
0.013126091100275517 0.023294134065508842 0.1860000044107437 254 255 249
0.013563450425863266 0.023294134065508842 0.1860000044107437 254 255 249
0.014000809751451015 0.023294134065508842 0.1860000044107437 254 255 249
0.014438169077038765 0.023294134065508842 0.1860000044107437 254 255 249
0.014795552007853985 0.02316889725625515 0.1850000023841858 254 255 251
0.01523055974394083 0.02316889725625515 0.1850000023841858 254 255 251
0.015580888837575912 0.023043658584356308 0.18400000035762787 254 255 251
0.01601354591548443 0.023043658584356308 0.18400000035762787 254 255 251
0.0163568202406168 0.022918421775102615 0.18299999833106995 254 255 249
0.016787126660346985 0.022918421775102615 0.18299999833106995 254 255 249
0.017217431217432022 0.022918421775102615 0.18299999833106995 255 255 245
0.01764773577451706 0.022918421775102615 0.18299999833106995 255 255 245
0.017979254946112633 0.022793184965848923 0.18199999630451202 255 255 241
0.01830606907606125 0.02266794815659523 0.1809999942779541 255 255 241
0.018731672316789627 0.02266794815659523 0.1809999942779541 255 255 239
0.019157273694872856 0.02266794815659523 0.1809999942779541 255 255 239
0.019582876935601234 0.02266794815659523 0.1809999942779541 255 255 239
0.020008478313684464 0.02266794815659523 0.1809999942779541 255 255 239
0.020321184769272804 0.022542709484696388 0.18000000715255737 255 255 239
0.020744435489177704 0.022542709484696388 0.18000000715255737 255 255 239
0.021167688071727753 0.022542709484696388 0.18000000715255737 255 255 237
0.021590938791632652 0.022542709484696388 0.18000000715255737 255 255 237
0.022014189511537552 0.022542709484696388 0.18000000715255737 255 239 224
0.02243744023144245 0.022542709484696388 0.18000000715255737 204 156 141
0.02328394167125225 0.022542709484696388 0.18000000715255737 255 218 202
0.02357548661530018 0.022417472675442696 0.17900000512599945 255 241 214
0.02399638667702675 0.022417472675442696 0.17900000512599945 255 246 219
0.02441728487610817 0.022417472675442696 0.17900000512599945 255 250 235
0.024976946413517 0.022542709484696388 0.18000000715255737 255 250 235
0.025400197133421898 0.022542709484696388 0.18000000715255737 255 250 241
0.025823447853326797 0.022542709484696388 0.18000000715255737 255 250 241
0.026246698573231697 0.022542709484696388 0.18000000715255737 255 248 240
0.026669949293136597 0.022542709484696388 0.18000000715255737 255 239 231
0.027093200013041496 0.022542709484696388 0.18000000715255737 255 222 214
0.02766931988298893 0.02266794815659523 0.1809999942779541 240 206 198
0.028094923123717308 0.02266794815659523 0.1809999942779541 255 248 235
0.028520524501800537 0.02266794815659523 0.1809999942779541 255 250 237
0.028946127742528915 0.02266794815659523 0.1809999942779541 255 254 243
0.029371729120612144 0.02266794815659523 0.1809999942779541 255 254 243
0.029961958527565002 0.022793184965848923 0.18199999630451202 255 255 247
0.03038991242647171 0.022793184965848923 0.18199999630451202 255 255 247
0.030817866325378418 0.022793184965848923 0.18199999630451202 255 255 247
0.031245820224285126 0.022793184965848923 0.18199999630451202 255 255 247
0.031673774123191833 0.022793184965848923 0.18199999630451202 255 254 249
0.03210172802209854 0.022793184965848923 0.18199999630451202 255 254 249
0.032708413898944855 0.022918421775102615 0.18299999833106995 255 254 239
0.03295763581991196 0.022793184965848923 0.18199999630451202 255 254 239
0.033385589718818665 0.022793184965848923 0.18199999630451202 216 180 159
0.033813539892435074 0.022793184965848923 0.18199999630451202 138 102 81
0.03424149379134178 0.022793184965848923 0.18199999630451202 225 174 156
0.03466944769024849 0.022793184965848923 0.18199999630451202 255 220 202
0.0350974015891552 0.022793184965848923 0.18199999630451202 255 251 234
0.035525355488061905 0.022793184965848923 0.18199999630451202 255 252 235
0.03595330938696861 0.022793184965848923 0.18199999630451202 255 254 242
0.03638126328587532 0.022793184965848923 0.18199999630451202 255 255 243
0.03680921718478203 0.022793184965848923 0.18199999630451202 255 255 247
0.037237171083688736 0.022793184965848923 0.18199999630451202 255 255 247
0.0378720760345459 0.022918421775102615 0.18299999833106995 255 255 245
0.038302380591630936 0.022918421775102615 0.18299999833106995 255 255 245
0.03873268514871597 0.022918421775102615 0.18299999833106995 255 232 227
0.03937699645757675 0.023043658584356308 0.18400000035762787 213 176 171
0.040461018681526184 0.02316889725625515 0.1850000023841858 255 193 186
0.04089602455496788 0.02316889725625515 0.1850000023841858 255 218 199
0.041331034153699875 0.02316889725625515 0.1850000023841858 255 241 222
0.04176604375243187 0.02316889725625515 0.1850000023841858 255 250 239
0.04242916405200958 0.023294134065508842 0.1860000044107437 255 250 239
0.04309698939323425 0.023419370874762535 0.18700000643730164 255 247 246
0.04376951605081558 0.023544607684016228 0.18799999356269836 255 241 240
0.044211577624082565 0.023544607684016228 0.18799999356269836 227 193 199
0.04655379429459572 0.024546505883336067 0.19599999487400055 238 204 210
0.04653492569923401 0.024296032264828682 0.1940000057220459 255 221 228
0.04699109494686127 0.024296032264828682 0.1940000057220459 255 224 231
0.047691840678453445 0.024421269074082375 0.19499999284744263 255 231 235
0.04839728772640228 0.024546505883336067 0.19599999487400055 255 221 225
0.04910743609070778 0.02467174455523491 0.19699999690055847 244 200 209
0.04982228949666023 0.0247969813644886 0.1979999989271164 255 219 228
0.05028786510229111 0.0247969813644886 0.1979999989271164 255 242 249
0.05100977048277855 0.024922218173742294 0.19900000095367432 255 242 249
0.05173638090491295 0.025047456845641136 0.20000000298023224 255 248 249
0.05246769264340401 0.02517269365489483 0.20100000500679016 255 246 247
0.05294032394886017 0.02517269365489483 0.20100000500679016 255 230 243
0.053678691387176514 0.02529793046414852 0.20200000703334808 232 183 196
0.005479585845023394 0.02475220337510109 0.1940000057220459 255 255 195
0.005935756489634514 0.02475220337510109 0.1940000057220459 255 255 195
0.006391926668584347 0.02475220337510109 0.1940000057220459 255 255 231
0.006812797859311104 0.024624614045023918 0.19300000369548798 255 255 231
0.007228965871036053 0.024497024714946747 0.19200000166893005 255 255 241
0.007640431635081768 0.024369437247514725 0.19099999964237213 255 255 241
0.008089547976851463 0.024369437247514725 0.19099999964237213 253 255 244
0.008493958972394466 0.024241847917437553 0.1899999976158142 254 255 245
0.008940723724663258 0.024241847917437553 0.1899999976158142 254 255 247
0.009338080883026123 0.024114258587360382 0.1889999955892563 254 255 247
0.00973073486238718 0.02398667111992836 0.18799999356269836 254 255 249
0.010172797366976738 0.02398667111992836 0.18799999356269836 254 255 249
0.010614858940243721 0.02398667111992836 0.18799999356269836 254 255 249
0.011056921444833279 0.02398667111992836 0.18799999356269836 254 255 249
0.01143781840801239 0.02385908178985119 0.18700000643730164 254 255 249
0.011877529323101044 0.02385908178985119 0.18700000643730164 254 255 249
0.012317240238189697 0.02385908178985119 0.18700000643730164 254 255 249
0.01275695115327835 0.02385908178985119 0.18700000643730164 254 255 249
0.01319666113704443 0.02385908178985119 0.18700000643730164 254 255 249
0.013563450425863266 0.023731492459774017 0.1860000044107437 254 255 249
0.014000809751451015 0.023731492459774017 0.1860000044107437 254 255 249
0.014438169077038765 0.023731492459774017 0.1860000044107437 254 255 249
0.014795552007853985 0.023603904992341995 0.1850000023841858 254 255 249
0.01523055974394083 0.023603904992341995 0.1850000023841858 254 255 249
0.015580888837575912 0.023476315662264824 0.18400000035762787 254 255 249
0.01601354591548443 0.023476315662264824 0.18400000035762787 254 255 249
0.0163568202406168 0.023348728194832802 0.18299999833106995 254 255 249
0.016787126660346985 0.023348728194832802 0.18299999833106995 254 255 249
0.017217431217432022 0.023348728194832802 0.18299999833106995 254 255 249
0.017551301047205925 0.02322113886475563 0.18199999630451202 254 255 249
0.017979254946112633 0.02322113886475563 0.18199999630451202 254 255 249
0.01830606907606125 0.02309354953467846 0.1809999942779541 254 255 249
0.018731672316789627 0.02309354953467846 0.1809999942779541 254 255 247
0.019157273694872856 0.02309354953467846 0.1809999942779541 254 255 247
0.019582876935601234 0.02309354953467846 0.1809999942779541 254 255 247
0.020008478313684464 0.02309354953467846 0.1809999942779541 254 255 247
0.020321184769272804 0.022965962067246437 0.18000000715255737 254 255 247
0.020744435489177704 0.022965962067246437 0.18000000715255737 254 255 247
0.021167688071727753 0.022965962067246437 0.18000000715255737 254 255 245
0.021590938791632652 0.022965962067246437 0.18000000715255737 254 255 245
0.022014189511537552 0.022965962067246437 0.18000000715255737 255 251 235
0.02243744023144245 0.022965962067246437 0.18000000715255737 222 205 189
0.02286069095134735 0.022965962067246437 0.18000000715255737 255 242 223
0.02328394167125225 0.022965962067246437 0.18000000715255737 255 250 231
0.02357548661530018 0.022838372737169266 0.17900000512599945 255 251 230
0.02399638667702675 0.022838372737169266 0.17900000512599945 255 252 231
0.02455369383096695 0.022965962067246437 0.18000000715255737 255 254 238
0.024976946413517 0.022965962067246437 0.18000000715255737 255 255 239
0.025400197133421898 0.022965962067246437 0.18000000715255737 255 254 243
0.025823447853326797 0.022965962067246437 0.18000000715255737 255 254 243
0.026246698573231697 0.022965962067246437 0.18000000715255737 255 254 243
0.026669949293136597 0.022965962067246437 0.18000000715255737 255 253 242
0.027093200013041496 0.022965962067246437 0.18000000715255737 255 254 241
0.02766931988298893 0.02309354953467846 0.1809999942779541 255 254 241
0.028094923123717308 0.02309354953467846 0.1809999942779541 255 255 245
0.028520524501800537 0.02309354953467846 0.1809999942779541 255 255 245
0.028946127742528915 0.02309354953467846 0.1809999942779541 254 255 247
0.029371729120612144 0.02309354953467846 0.1809999942779541 254 255 247
0.029961958527565002 0.02322113886475563 0.18199999630451202 254 255 249
0.03038991242647171 0.02322113886475563 0.18199999630451202 254 255 249
0.030817866325378418 0.02322113886475563 0.18199999630451202 254 255 251
0.031245820224285126 0.02322113886475563 0.18199999630451202 254 255 251
0.031673774123191833 0.02322113886475563 0.18199999630451202 254 255 251
0.03210172802209854 0.02322113886475563 0.18199999630451202 254 255 251
0.03252968192100525 0.02322113886475563 0.18199999630451202 255 255 245
0.03295763581991196 0.02322113886475563 0.18199999630451202 255 255 245
0.033385589718818665 0.02322113886475563 0.18199999630451202 254 242 222
0.033813539892435074 0.02322113886475563 0.18199999630451202 221 209 189
0.03424149379134178 0.02322113886475563 0.18199999630451202 255 252 226
0.03466944769024849 0.02322113886475563 0.18199999630451202 255 253 227
0.0350974015891552 0.02322113886475563 0.18199999630451202 255 255 241
0.035525355488061905 0.02322113886475563 0.18199999630451202 255 255 241
0.03595330938696861 0.02322113886475563 0.18199999630451202 254 255 247
0.03638126328587532 0.02322113886475563 0.18199999630451202 254 255 247
0.03680921718478203 0.02322113886475563 0.18199999630451202 254 255 249
0.037237171083688736 0.02322113886475563 0.18199999630451202 254 255 249
0.0378720760345459 0.023348728194832802 0.18299999833106995 255 255 249
0.038302380591630936 0.023348728194832802 0.18299999833106995 255 255 249
0.03873268514871597 0.023348728194832802 0.18299999833106995 255 249 244
0.03937699645757675 0.023476315662264824 0.18400000035762787 255 245 240
0.03980965539813042 0.023476315662264824 0.18400000035762787 255 244 232
0.040242310613393784 0.023476315662264824 0.18400000035762787 255 228 216
0.04089602455496788 0.023603904992341995 0.1850000023841858 255 248 230
0.041331034153699875 0.023603904992341995 0.1850000023841858 255 251 233
0.04176604375243187 0.023603904992341995 0.1850000023841858 255 254 243
0.04242916405200958 0.023731492459774017 0.1860000044107437 255 254 243
0.04309698939323425 0.02385908178985119 0.18700000643730164 255 252 249
0.04376951605081558 0.02398667111992836 0.18799999356269836 255 252 249
0.044211577624082565 0.02398667111992836 0.18799999356269836 255 233 237
0.04653492569923401 0.02475220337510109 0.1940000057220459 255 240 249
0.04699109494686127 0.02475220337510109 0.1940000057220459 255 240 249
0.047691840678453445 0.02487979084253311 0.19499999284744263 255 247 251
0.04815036430954933 0.02487979084253311 0.19499999284744263 255 245 249
0.04860888421535492 0.02487979084253311 0.19499999284744263 255 231 240
0.049319032579660416 0.025007380172610283 0.19599999487400055 239 202 211
0.05003388598561287 0.025134969502687454 0.19699999690055847 255 232 240
0.05075344070792198 0.025262556970119476 0.1979999989271164 255 243 251
0.05147770047187805 0.025390146300196648 0.19900000095367432 255 246 254
0.05220666155219078 0.02551773563027382 0.20000000298023224 255 245 253
0.05294032394886017 0.02564532309770584 0.20100000500679016 255 237 247
0.05341295525431633 0.02564532309770584 0.20100000500679016 249 208 218
0.054153669625520706 0.025772912427783012 0.20200000703334808 240 171 186
0.05489909276366234 0.025900499895215034 0.2029999941587448 241 172 187
0.005479585845023394 0.025208372622728348 0.1940000057220459 255 255 197
0.005935756489634514 0.025208372622728348 0.1940000057220459 255 255 197
0.006358978804200888 0.025078432634472847 0.19300000369548798 255 255 233
0.006812797859311104 0.025078432634472847 0.19300000369548798 255 255 233
0.007228965871036053 0.024948492646217346 0.19200000166893005 254 255 247
0.007640431635081768 0.024818552657961845 0.19099999964237213 254 255 247
0.008089547976851463 0.024818552657961845 0.19099999964237213 254 255 249
0.008493958972394466 0.024688612669706345 0.1899999976158142 254 255 249
0.008893667720258236 0.024558672681450844 0.1889999955892563 254 255 249
0.009338080883026123 0.024558672681450844 0.1889999955892563 254 255 249
0.00973073486238718 0.024428732693195343 0.18799999356269836 254 255 249
0.010172797366976738 0.024428732693195343 0.18799999356269836 254 255 249
0.010614858940243721 0.024428732693195343 0.18799999356269836 254 255 251
0.011056921444833279 0.024428732693195343 0.18799999356269836 254 255 251
0.01143781840801239 0.024298792704939842 0.18700000643730164 254 255 251
0.011877529323101044 0.024298792704939842 0.18700000643730164 254 255 251
0.012317240238189697 0.024298792704939842 0.18700000643730164 254 255 251
0.01275695115327835 0.024298792704939842 0.18700000643730164 254 255 251
0.01319666113704443 0.024298792704939842 0.18700000643730164 254 255 251
0.013563450425863266 0.02416885271668434 0.1860000044107437 254 255 251
0.014000809751451015 0.02416885271668434 0.1860000044107437 254 255 251
0.014438169077038765 0.02416885271668434 0.1860000044107437 254 255 251
0.014795552007853985 0.02403891272842884 0.1850000023841858 254 255 251
0.01523055974394083 0.02403891272842884 0.1850000023841858 254 255 251
0.015580888837575912 0.02390897274017334 0.18400000035762787 254 255 251
0.01601354591548443 0.02390897274017334 0.18400000035762787 254 255 251
0.0163568202406168 0.02377903275191784 0.18299999833106995 254 255 251
0.016787126660346985 0.02377903275191784 0.18299999833106995 254 255 251
0.017123347148299217 0.023649092763662338 0.18199999630451202 254 255 251
0.017551301047205925 0.023649092763662338 0.18199999630451202 254 255 251
0.017979254946112633 0.023649092763662338 0.18199999630451202 254 255 251
0.01830606907606125 0.023519152775406837 0.1809999942779541 254 255 251
0.018731672316789627 0.023519152775406837 0.1809999942779541 254 255 251
0.019157273694872856 0.023519152775406837 0.1809999942779541 254 255 251
0.019582876935601234 0.023519152775406837 0.1809999942779541 254 255 251
0.020008478313684464 0.023519152775406837 0.1809999942779541 254 255 251
0.020321184769272804 0.023389212787151337 0.18000000715255737 254 255 251
0.020744435489177704 0.023389212787151337 0.18000000715255737 254 255 251
0.021167688071727753 0.023389212787151337 0.18000000715255737 254 255 249
0.021590938791632652 0.023389212787151337 0.18000000715255737 254 255 249
0.022014189511537552 0.023389212787151337 0.18000000715255737 255 255 245
0.02243744023144245 0.023389212787151337 0.18000000715255737 241 242 231
0.02286069095134735 0.023389212787151337 0.18000000715255737 255 255 240
0.02328394167125225 0.023389212787151337 0.18000000715255737 255 255 241
0.02370719239115715 0.023389212787151337 0.18000000715255737 255 255 243
0.02413044311106205 0.023389212787151337 0.18000000715255737 255 255 243
0.02455369383096695 0.023389212787151337 0.18000000715255737 255 255 247
0.024976946413517 0.023389212787151337 0.18000000715255737 255 255 247
0.025400197133421898 0.023389212787151337 0.18000000715255737 255 255 249
0.025823447853326797 0.023389212787151337 0.18000000715255737 255 255 249
0.026246698573231697 0.023389212787151337 0.18000000715255737 255 255 249
0.026669949293136597 0.023389212787151337 0.18000000715255737 255 255 249
0.027093200013041496 0.023389212787151337 0.18000000715255737 255 255 249
0.02766931988298893 0.023519152775406837 0.1809999942779541 255 255 249
0.028094923123717308 0.023519152775406837 0.1809999942779541 254 255 249
0.028520524501800537 0.023519152775406837 0.1809999942779541 254 255 249
0.028946127742528915 0.023519152775406837 0.1809999942779541 254 255 249
0.029371729120612144 0.023519152775406837 0.1809999942779541 254 255 249
0.029797332361340523 0.023519152775406837 0.1809999942779541 254 255 249
0.03038991242647171 0.023649092763662338 0.18199999630451202 254 255 249
0.030817866325378418 0.023649092763662338 0.18199999630451202 254 255 249
0.031245820224285126 0.023649092763662338 0.18199999630451202 254 255 249
0.031673774123191833 0.023649092763662338 0.18199999630451202 254 255 249
0.03210172802209854 0.023649092763662338 0.18199999630451202 254 255 249
0.03252968192100525 0.023649092763662338 0.18199999630451202 254 255 249
0.03295763581991196 0.023649092763662338 0.18199999630451202 254 255 249
0.033385589718818665 0.023649092763662338 0.18199999630451202 255 255 241
0.033813539892435074 0.023649092763662338 0.18199999630451202 255 254 239
0.03424149379134178 0.023649092763662338 0.18199999630451202 255 255 239
0.03466944769024849 0.023649092763662338 0.18199999630451202 255 255 239
0.0350974015891552 0.023649092763662338 0.18199999630451202 254 255 247
0.035525355488061905 0.023649092763662338 0.18199999630451202 254 255 247
0.03595330938696861 0.023649092763662338 0.18199999630451202 254 255 249
0.03638126328587532 0.023649092763662338 0.18199999630451202 254 255 249
0.03680921718478203 0.023649092763662338 0.18199999630451202 254 255 251
0.037237171083688736 0.023649092763662338 0.18199999630451202 254 255 251
0.0378720760345459 0.02377903275191784 0.18299999833106995 254 255 251
0.038302380591630936 0.02377903275191784 0.18299999833106995 254 255 251
0.03873268514871597 0.02377903275191784 0.18299999833106995 255 249 247
0.03937699645757675 0.02390897274017334 0.18400000035762787 236 226 224
0.03980965539813042 0.02390897274017334 0.18400000035762787 255 234 231
0.040242310613393784 0.02390897274017334 0.18400000035762787 255 245 242
0.04089602455496788 0.02403891272842884 0.1850000023841858 255 252 243
0.041331034153699875 0.02403891272842884 0.1850000023841858 255 252 243
0.04176604375243187 0.02403891272842884 0.1850000023841858 255 255 247
0.04242916405200958 0.02416885271668434 0.1860000044107437 255 255 247
0.04309698939323425 0.024298792704939842 0.18700000643730164 255 255 249
0.04376951605081558 0.024428732693195343 0.18799999356269836 255 255 249
0.044211577624082565 0.024428732693195343 0.18799999356269836 255 247 248
0.04489115998148918 0.024558672681450844 0.1889999955892563 229 214 215
0.04605518653988838 0.024948492646217346 0.19200000166893005 245 224 231
0.04650665074586868 0.024948492646217346 0.19200000166893005 255 247 254
0.0472026951611042 0.025078432634472847 0.19300000369548798 255 247 253
0.04790343716740608 0.025208372622728348 0.1940000057220459 252 234 240
0.04860888421535492 0.02533831261098385 0.19499999284744263 251 218 231
0.049319032579660416 0.02546825259923935 0.19599999487400055 240 207 220
0.05003388598561287 0.02559819258749485 0.19699999690055847 241 206 220
0.05075344070792198 0.02572813257575035 0.1979999989271164 255 242 255
0.05147770047187805 0.025858072564005852 0.19900000095367432 255 244 255
0.05220666155219078 0.025988014414906502 0.20000000298023224 255 230 241
0.05294032394886017 0.026117954403162003 0.20100000500679016 255 227 239
0.05341295525431633 0.026117954403162003 0.20100000500679016 246 211 223
0.054153669625520706 0.026247894391417503 0.20200000703334808 239 172 186
0.05489909276366234 0.026377834379673004 0.2029999941587448 228 161 175
0.005479585845023394 0.025664543733000755 0.1940000057220459 255 255 197
0.005935756489634514 0.025664543733000755 0.1940000057220459 255 255 200
0.006358978804200888 0.025532251223921776 0.19300000369548798 255 255 233
0.006812797859311104 0.025532251223921776 0.19300000369548798 255 255 233
0.007228965871036053 0.025399960577487946 0.19200000166893005 254 255 245
0.007640431635081768 0.025267669931054115 0.19099999964237213 254 255 245
0.008089547976851463 0.025267669931054115 0.19099999964237213 254 255 249
0.008493958972394466 0.025135377421975136 0.1899999976158142 254 255 249
0.008893667720258236 0.025003086775541306 0.1889999955892563 254 255 249
0.009338080883026123 0.025003086775541306 0.1889999955892563 254 255 249
0.00973073486238718 0.024870794266462326 0.18799999356269836 254 255 251
0.010172797366976738 0.024870794266462326 0.18799999356269836 254 255 251
0.010614858940243721 0.024870794266462326 0.18799999356269836 254 255 251
0.011056921444833279 0.024870794266462326 0.18799999356269836 254 255 251
0.011498983018100262 0.024870794266462326 0.18799999356269836 254 255 251
0.011877529323101044 0.024738503620028496 0.18700000643730164 254 255 251
0.012317240238189697 0.024738503620028496 0.18700000643730164 254 255 251
0.01275695115327835 0.024738503620028496 0.18700000643730164 254 255 251
0.01319666113704443 0.024738503620028496 0.18700000643730164 254 255 251
0.013563450425863266 0.024606211110949516 0.1860000044107437 254 255 251
0.014000809751451015 0.024606211110949516 0.1860000044107437 254 255 251
0.014438169077038765 0.024606211110949516 0.1860000044107437 254 255 251
0.014795552007853985 0.024473920464515686 0.1850000023841858 254 255 251
0.01523055974394083 0.024473920464515686 0.1850000023841858 254 255 251
0.015580888837575912 0.024341629818081856 0.18400000035762787 254 255 251
0.01592651568353176 0.024209337309002876 0.18299999833106995 254 255 251
0.0163568202406168 0.024209337309002876 0.18299999833106995 254 255 251
0.016787126660346985 0.024209337309002876 0.18299999833106995 254 255 251
0.017123347148299217 0.024077046662569046 0.18199999630451202 254 255 251
0.017551301047205925 0.024077046662569046 0.18199999630451202 254 255 251
0.017979254946112633 0.024077046662569046 0.18199999630451202 254 255 251
0.01830606907606125 0.023944754153490067 0.1809999942779541 254 255 251
0.018731672316789627 0.023944754153490067 0.1809999942779541 254 255 251
0.019157273694872856 0.023944754153490067 0.1809999942779541 254 255 251
0.019582876935601234 0.023944754153490067 0.1809999942779541 254 255 251
0.019897934049367905 0.023812463507056236 0.18000000715255737 254 255 251
0.020321184769272804 0.023812463507056236 0.18000000715255737 254 255 251
0.020744435489177704 0.023812463507056236 0.18000000715255737 254 255 251
0.021167688071727753 0.023812463507056236 0.18000000715255737 254 255 251
0.021590938791632652 0.023812463507056236 0.18000000715255737 254 255 251
0.022014189511537552 0.023812463507056236 0.18000000715255737 254 255 249
0.02243744023144245 0.023812463507056236 0.18000000715255737 253 254 248
0.02286069095134735 0.023812463507056236 0.18000000715255737 253 255 246
0.02328394167125225 0.023812463507056236 0.18000000715255737 254 255 247
0.02370719239115715 0.023812463507056236 0.18000000715255737 254 255 249
0.02413044311106205 0.023812463507056236 0.18000000715255737 254 255 249
0.02441728487610817 0.023680170997977257 0.17900000512599945 254 255 249
0.02483818493783474 0.023680170997977257 0.17900000512599945 254 255 249
0.02525908499956131 0.023680170997977257 0.17900000512599945 254 255 249
0.02567998319864273 0.023680170997977257 0.17900000512599945 254 255 249
0.026246698573231697 0.023812463507056236 0.18000000715255737 254 255 249
0.026669949293136597 0.023812463507056236 0.18000000715255737 254 255 249
0.027093200013041496 0.023812463507056236 0.18000000715255737 254 255 249
0.027516450732946396 0.023812463507056236 0.18000000715255737 254 255 249
0.028094923123717308 0.023944754153490067 0.1809999942779541 254 255 249
0.028520524501800537 0.023944754153490067 0.1809999942779541 254 255 249
0.028946127742528915 0.023944754153490067 0.1809999942779541 254 255 249
0.029371729120612144 0.023944754153490067 0.1809999942779541 254 255 249
0.029797332361340523 0.023944754153490067 0.1809999942779541 254 255 249
0.030222933739423752 0.023944754153490067 0.1809999942779541 254 255 249
0.030817866325378418 0.024077046662569046 0.18199999630451202 254 255 249
0.031245820224285126 0.024077046662569046 0.18199999630451202 254 255 249
0.031673774123191833 0.024077046662569046 0.18199999630451202 254 255 249
0.03210172802209854 0.024077046662569046 0.18199999630451202 254 255 249
0.03252968192100525 0.024077046662569046 0.18199999630451202 254 255 249
0.03295763581991196 0.024077046662569046 0.18199999630451202 254 255 249
0.033385589718818665 0.024077046662569046 0.18199999630451202 254 255 245
0.033813539892435074 0.024077046662569046 0.18199999630451202 254 255 245
0.03405335545539856 0.023944754153490067 0.1809999942779541 254 255 245
0.03447895869612694 0.023944754153490067 0.1809999942779541 254 255 245
0.03490455821156502 0.023944754153490067 0.1809999942779541 254 255 247
0.035330161452293396 0.023944754153490067 0.1809999942779541 254 255 247
0.03595330938696861 0.024077046662569046 0.18199999630451202 254 255 249
0.03638126328587532 0.024077046662569046 0.18199999630451202 254 255 249
0.03680921718478203 0.024077046662569046 0.18199999630451202 254 255 249
0.037237171083688736 0.024077046662569046 0.18199999630451202 254 255 249
0.0378720760345459 0.024209337309002876 0.18299999833106995 254 255 249
0.038302380591630936 0.024209337309002876 0.18299999833106995 254 255 249
0.03873268514871597 0.024209337309002876 0.18299999833106995 255 250 248
0.03937699645757675 0.024341629818081856 0.18400000035762787 237 232 230
0.03980965539813042 0.024341629818081856 0.18400000035762787 241 229 229
0.040242310613393784 0.024341629818081856 0.18400000035762787 255 248 248
0.04089602455496788 0.024473920464515686 0.1850000023841858 255 254 249
0.041331034153699875 0.024473920464515686 0.1850000023841858 255 254 249
0.04176604375243187 0.024473920464515686 0.1850000023841858 254 255 251
0.04242916405200958 0.024606211110949516 0.1860000044107437 254 255 251
0.04286652430891991 0.024606211110949516 0.1860000044107437 254 255 251
0.043536700308322906 0.024738503620028496 0.18700000643730164 254 255 251
0.04397641122341156 0.024738503620028496 0.18700000643730164 255 249 248
0.04465363919734955 0.024870794266462326 0.18799999356269836 226 218 217
0.045335572212934494 0.025003086775541306 0.1889999955892563 229 211 217
0.0460222065448761 0.025135377421975136 0.1899999976158142 255 247 253
0.04671354591846466 0.025267669931054115 0.19099999964237213 255 246 255
0.04740958660840988 0.025399960577487946 0.19200000166893005 255 239 248
0.04811033234000206 0.025532251223921776 0.19300000369548798 255 233 245
0.0488157793879509 0.025664543733000755 0.1940000057220459 248 218 230
0.04977990686893463 0.025929126888513565 0.19599999487400055 229 194 208
0.050497110933065414 0.026061417534947395 0.19699999690055847 238 203 217
0.051219016313552856 0.026193710044026375 0.1979999989271164 250 217 232
0.051945626735687256 0.026326000690460205 0.19900000095367432 255 228 243
0.052676938474178314 0.026458293199539185 0.20000000298023224 255 232 245
0.053147219121456146 0.026458293199539185 0.20000000298023224 255 226 239
0.05388558283448219 0.026590583845973015 0.20100000500679016 255 203 211
0.0546286515891552 0.026722874492406845 0.20200000703334808 226 166 174
0.005479585845023394 0.026120714843273163 0.1940000057220459 255 255 197
0.005935756489634514 0.026120714843273163 0.1940000057220459 255 255 200
0.006358978804200888 0.025986071676015854 0.19300000369548798 255 255 224
0.006777498405426741 0.025851428508758545 0.19200000166893005 255 255 225
0.007228965871036053 0.025851428508758545 0.19200000166893005 254 255 241
0.007640431635081768 0.025716785341501236 0.19099999964237213 254 255 241
0.008047194220125675 0.025582142174243927 0.1899999976158142 254 255 245
0.008493958972394466 0.025582142174243927 0.1899999976158142 254 255 245
0.008893667720258236 0.025447499006986618 0.1889999955892563 254 255 249
0.009338080883026123 0.025447499006986618 0.1889999955892563 254 255 249
0.00973073486238718 0.02531285770237446 0.18799999356269836 254 255 249
0.010172797366976738 0.02531285770237446 0.18799999356269836 254 255 249
0.010614858940243721 0.02531285770237446 0.18799999356269836 254 255 249
0.011056921444833279 0.02531285770237446 0.18799999356269836 254 255 249
0.011498983018100262 0.02531285770237446 0.18799999356269836 254 255 251
0.01194104552268982 0.02531285770237446 0.18799999356269836 254 255 251
0.012317240238189697 0.02517821453511715 0.18700000643730164 254 255 251
0.01275695115327835 0.02517821453511715 0.18700000643730164 254 255 251
0.01319666113704443 0.02517821453511715 0.18700000643730164 254 255 251
0.013563450425863266 0.02504357136785984 0.1860000044107437 254 255 251
0.014000809751451015 0.02504357136785984 0.1860000044107437 254 255 251
0.014438169077038765 0.02504357136785984 0.1860000044107437 254 255 251
0.014795552007853985 0.02490892820060253 0.1850000023841858 254 255 251
0.015148232690989971 0.024774285033345222 0.18400000035762787 254 255 251
0.015580888837575912 0.024774285033345222 0.18400000035762787 254 255 251
0.01592651568353176 0.024639641866087914 0.18299999833106995 254 255 251
0.0163568202406168 0.024639641866087914 0.18299999833106995 254 255 251
0.016787126660346985 0.024639641866087914 0.18299999833106995 254 255 251
0.017123347148299217 0.024505000561475754 0.18199999630451202 254 255 251
0.017551301047205925 0.024505000561475754 0.18199999630451202 254 255 251
0.017979254946112633 0.024505000561475754 0.18199999630451202 254 255 251
0.01830606907606125 0.024370357394218445 0.1809999942779541 254 255 251
0.018731672316789627 0.024370357394218445 0.1809999942779541 254 255 251
0.019157273694872856 0.024370357394218445 0.1809999942779541 254 255 251
0.019474683329463005 0.024235714226961136 0.18000000715255737 254 255 251
0.019897934049367905 0.024235714226961136 0.18000000715255737 254 255 251
0.020321184769272804 0.024235714226961136 0.18000000715255737 254 255 251
0.020744435489177704 0.024235714226961136 0.18000000715255737 254 255 251
0.021167688071727753 0.024235714226961136 0.18000000715255737 254 255 251
0.021590938791632652 0.024235714226961136 0.18000000715255737 254 255 251
0.022014189511537552 0.024235714226961136 0.18000000715255737 254 255 249
0.02243744023144245 0.024235714226961136 0.18000000715255737 254 255 249
0.02286069095134735 0.024235714226961136 0.18000000715255737 254 255 249
0.02328394167125225 0.024235714226961136 0.18000000715255737 254 255 249
0.02357548661530018 0.024101071059703827 0.17900000512599945 254 255 249
0.02399638667702675 0.024101071059703827 0.17900000512599945 254 255 249
0.02441728487610817 0.024101071059703827 0.17900000512599945 254 255 249
0.02483818493783474 0.024101071059703827 0.17900000512599945 254 255 249
0.02525908499956131 0.024101071059703827 0.17900000512599945 254 255 249
0.02567998319864273 0.024101071059703827 0.17900000512599945 254 255 249
0.0261008832603693 0.024101071059703827 0.17900000512599945 254 255 249
0.026669949293136597 0.024235714226961136 0.18000000715255737 254 255 249
0.027093200013041496 0.024235714226961136 0.18000000715255737 254 255 247
0.027516450732946396 0.024235714226961136 0.18000000715255737 249 251 242
0.027939701452851295 0.024235714226961136 0.18000000715255737 254 255 247
0.028520524501800537 0.024370357394218445 0.1809999942779541 254 255 247
0.028946127742528915 0.024370357394218445 0.1809999942779541 254 255 247
0.029371729120612144 0.024370357394218445 0.1809999942779541 254 255 247
0.029797332361340523 0.024370357394218445 0.1809999942779541 254 255 249
0.030222933739423752 0.024370357394218445 0.1809999942779541 254 255 249
0.03064853698015213 0.024370357394218445 0.1809999942779541 254 255 249
0.03107413835823536 0.024370357394218445 0.1809999942779541 254 255 249
0.03149973973631859 0.024370357394218445 0.1809999942779541 254 255 249
0.03192534297704697 0.024370357394218445 0.1809999942779541 254 255 249
0.032350946217775345 0.024370357394218445 0.1809999942779541 254 255 249
0.03277654945850372 0.024370357394218445 0.1809999942779541 254 255 249
0.0332021489739418 0.024370357394218445 0.1809999942779541 253 254 248
0.03362775221467018 0.024370357394218445 0.1809999942779541 254 255 249
0.03405335545539856 0.024370357394218445 0.1809999942779541 254 255 249
0.03447895869612694 0.024370357394218445 0.1809999942779541 254 255 249
0.03490455821156502 0.024370357394218445 0.1809999942779541 254 255 249
0.035330161452293396 0.024370357394218445 0.1809999942779541 254 255 249
0.03595330938696861 0.024505000561475754 0.18199999630451202 254 255 249
0.03638126328587532 0.024505000561475754 0.18199999630451202 254 255 249
0.03680921718478203 0.024505000561475754 0.18199999630451202 254 255 249
0.037237171083688736 0.024505000561475754 0.18199999630451202 254 255 249
0.0378720760345459 0.024639641866087914 0.18299999833106995 254 255 249
0.038302380591630936 0.024639641866087914 0.18299999833106995 253 254 248
0.03873268514871597 0.024639641866087914 0.18299999833106995 251 245 247
0.03937699645757675 0.024774285033345222 0.18400000035762787 239 233 235
0.03980965539813042 0.024774285033345222 0.18400000035762787 234 226 225
0.040242310613393784 0.024774285033345222 0.18400000035762787 255 248 247
0.04089602455496788 0.02490892820060253 0.1850000023841858 255 255 251
0.041331034153699875 0.02490892820060253 0.1850000023841858 255 255 251
0.04176604375243187 0.02490892820060253 0.1850000023841858 254 255 251
0.04242916405200958 0.02504357136785984 0.1860000044107437 254 255 251
0.04286652430891991 0.02504357136785984 0.1860000044107437 254 255 251
0.043536700308322906 0.02517821453511715 0.18700000643730164 254 255 251
0.04397641122341156 0.02517821453511715 0.18700000643730164 255 252 249
0.044416118413209915 0.02517821453511715 0.18700000643730164 227 224 221
0.04509570077061653 0.02531285770237446 0.18799999356269836 231 210 217
0.045779984444379807 0.025447499006986618 0.1889999955892563 255 237 244
0.04646897315979004 0.025582142174243927 0.1899999976158142 255 239 249
0.04716266319155693 0.025716785341501236 0.19099999964237213 255 241 251
0.04786105453968048 0.025851428508758545 0.19200000166893005 255 236 249
0.04856415092945099 0.025986071676015854 0.19300000369548798 251 223 236
0.04952592775225639 0.026255356147885323 0.19499999284744263 231 193 208
0.05024078115820885 0.02638999931514263 0.19599999487400055 238 200 215
0.05096033588051796 0.02652464248239994 0.19699999690055847 255 219 234
0.05168459191918373 0.02665928564965725 0.1979999989271164 255 231 246
0.05241355299949646 0.02679392881691456 0.19900000095367432 255 232 244
0.053147219121456146 0.026928571984171867 0.20000000298023224 255 223 235
0.05388558283448219 0.027063213288784027 0.20100000500679016 255 209 217
0.054358214139938354 0.027063213288784027 0.20100000500679016 233 178 186
0.005479585845023394 0.02657688409090042 0.1940000057220459 255 255 193
0.0059051597490906715 0.026439890265464783 0.19300000369548798 255 255 195
0.006358978804200888 0.026439890265464783 0.19300000369548798 255 255 213
0.006777498405426741 0.026302896440029144 0.19200000166893005 255 255 213
0.007228965871036053 0.026302896440029144 0.19200000166893005 255 255 229
0.007640431635081768 0.026165902614593506 0.19099999964237213 255 255 231
0.008047194220125675 0.026028906926512718 0.1899999976158142 254 255 243
0.008493958972394466 0.026028906926512718 0.1899999976158142 254 255 243
0.008893667720258236 0.02589191310107708 0.1889999955892563 254 255 249
0.009338080883026123 0.02589191310107708 0.1889999955892563 254 255 249
0.00973073486238718 0.02575491927564144 0.18799999356269836 254 255 249
0.010172797366976738 0.02575491927564144 0.18799999356269836 254 255 249
0.010614858940243721 0.02575491927564144 0.18799999356269836 254 255 249
0.011056921444833279 0.02575491927564144 0.18799999356269836 254 255 249
0.011498983018100262 0.02575491927564144 0.18799999356269836 254 255 249
0.01194104552268982 0.02575491927564144 0.18799999356269836 254 255 249
0.012317240238189697 0.025617925450205803 0.18700000643730164 254 255 249
0.01275695115327835 0.025617925450205803 0.18700000643730164 254 255 249
0.01319666113704443 0.025617925450205803 0.18700000643730164 254 255 249
0.013563450425863266 0.025480929762125015 0.1860000044107437 254 255 249
0.014000809751451015 0.025480929762125015 0.1860000044107437 254 255 249
0.01436054427176714 0.025343935936689377 0.1850000023841858 254 255 249
0.014795552007853985 0.025343935936689377 0.1850000023841858 254 255 249
0.015148232690989971 0.02520694211125374 0.18400000035762787 254 255 249
0.015580888837575912 0.02520694211125374 0.18400000035762787 254 255 249
0.01592651568353176 0.0250699482858181 0.18299999833106995 254 255 249
0.0163568202406168 0.0250699482858181 0.18299999833106995 254 255 249
0.016787126660346985 0.0250699482858181 0.18299999833106995 254 255 249
0.017123347148299217 0.024932952597737312 0.18199999630451202 254 255 249
0.017551301047205925 0.024932952597737312 0.18199999630451202 254 255 249
0.017979254946112633 0.024932952597737312 0.18199999630451202 254 255 249
0.01830606907606125 0.024795958772301674 0.1809999942779541 254 255 249
0.018731672316789627 0.024795958772301674 0.1809999942779541 254 255 249
0.019157273694872856 0.024795958772301674 0.1809999942779541 254 255 249
0.019474683329463005 0.024658964946866035 0.18000000715255737 254 255 249
0.019897934049367905 0.024658964946866035 0.18000000715255737 254 255 249
0.020321184769272804 0.024658964946866035 0.18000000715255737 254 255 249
0.020744435489177704 0.024658964946866035 0.18000000715255737 254 255 249
0.021167688071727753 0.024658964946866035 0.18000000715255737 254 255 249
0.021590938791632652 0.024658964946866035 0.18000000715255737 254 255 249
0.022014189511537552 0.024658964946866035 0.18000000715255737 253 254 248
0.02243744023144245 0.024658964946866035 0.18000000715255737 246 247 241
0.02286069095134735 0.024658964946866035 0.18000000715255737 252 253 247
0.02328394167125225 0.024658964946866035 0.18000000715255737 254 255 249
0.02357548661530018 0.024521971121430397 0.17900000512599945 254 255 249
0.02399638667702675 0.024521971121430397 0.17900000512599945 254 255 249
0.02441728487610817 0.024521971121430397 0.17900000512599945 254 255 249
0.02483818493783474 0.024521971121430397 0.17900000512599945 254 255 249
0.02525908499956131 0.024521971121430397 0.17900000512599945 254 255 249
0.02567998319864273 0.024521971121430397 0.17900000512599945 254 255 249
0.0261008832603693 0.024521971121430397 0.17900000512599945 254 255 247
0.026669949293136597 0.024658964946866035 0.18000000715255737 254 255 247
0.027093200013041496 0.024658964946866035 0.18000000715255737 254 255 243
0.027516450732946396 0.024658964946866035 0.18000000715255737 240 242 229
0.027939701452851295 0.024658964946866035 0.18000000715255737 243 244 231
0.028362954035401344 0.024658964946866035 0.18000000715255737 255 255 243
0.028946127742528915 0.024795958772301674 0.1809999942779541 254 255 245
0.029371729120612144 0.024795958772301674 0.1809999942779541 254 255 245
0.029797332361340523 0.024795958772301674 0.1809999942779541 254 255 249
0.030222933739423752 0.024795958772301674 0.1809999942779541 254 255 249
0.03064853698015213 0.024795958772301674 0.1809999942779541 254 255 249
0.03107413835823536 0.024795958772301674 0.1809999942779541 254 255 249
0.03149973973631859 0.024795958772301674 0.1809999942779541 254 255 251
0.03192534297704697 0.024795958772301674 0.1809999942779541 254 255 251
0.032350946217775345 0.024795958772301674 0.1809999942779541 254 255 249
0.03277654945850372 0.024795958772301674 0.1809999942779541 254 255 249
0.0332021489739418 0.024795958772301674 0.1809999942779541 254 255 247
0.03362775221467018 0.024795958772301674 0.1809999942779541 253 255 246
0.03405335545539856 0.024795958772301674 0.1809999942779541 253 255 246
0.03447895869612694 0.024795958772301674 0.1809999942779541 254 255 247
0.03490455821156502 0.024795958772301674 0.1809999942779541 254 255 249
0.035330161452293396 0.024795958772301674 0.1809999942779541 254 255 249
0.03595330938696861 0.024932952597737312 0.18199999630451202 254 255 249
0.03638126328587532 0.024932952597737312 0.18199999630451202 254 255 249
0.03680921718478203 0.024932952597737312 0.18199999630451202 254 255 249
0.037237171083688736 0.024932952597737312 0.18199999630451202 254 255 249
0.0378720760345459 0.0250699482858181 0.18299999833106995 254 255 249
0.038302380591630936 0.0250699482858181 0.18299999833106995 254 255 249
0.03873268514871597 0.0250699482858181 0.18299999833106995 255 251 254
0.03937699645757675 0.02520694211125374 0.18400000035762787 241 232 235
0.03980965539813042 0.02520694211125374 0.18400000035762787 236 227 230
0.040242310613393784 0.02520694211125374 0.18400000035762787 255 251 254
0.04089602455496788 0.025343935936689377 0.1850000023841858 255 255 251
0.041331034153699875 0.025343935936689377 0.1850000023841858 255 255 251
0.04176604375243187 0.025343935936689377 0.1850000023841858 254 255 251
0.04242916405200958 0.025480929762125015 0.1860000044107437 254 255 251
0.04286652430891991 0.025480929762125015 0.1860000044107437 254 255 251
0.043536700308322906 0.025617925450205803 0.18700000643730164 254 255 251
0.04397641122341156 0.025617925450205803 0.18700000643730164 255 253 250
0.044416118413209915 0.025617925450205803 0.18700000643730164 241 238 235
0.04509570077061653 0.02575491927564144 0.18799999356269836 235 214 221
0.045779984444379807 0.02589191310107708 0.1889999955892563 252 231 238
0.04646897315979004 0.026028906926512718 0.1899999976158142 255 232 240
0.04716266319155693 0.026165902614593506 0.19099999964237213 252 229 237
0.04786105453968048 0.026302896440029144 0.19200000166893005 255 226 242
0.04856415092945099 0.026439890265464783 0.19300000369548798 255 227 243
0.049271948635578156 0.02657688409090042 0.1940000057220459 241 201 216
0.04998445138335228 0.02671387791633606 0.19499999284744263 227 187 202
0.05096033588051796 0.026987867429852486 0.19699999690055847 255 213 230
0.05168459191918373 0.027124861255288124 0.1979999989271164 255 227 244
0.05241355299949646 0.027261855080723763 0.19900000095367432 255 239 253
0.05288148298859596 0.027261855080723763 0.19900000095367432 255 216 230
0.05361749604344368 0.02739885076880455 0.20000000298023224 255 217 228
0.054358214139938354 0.02753584459424019 0.20100000500679016 255 204 215
0.005479585845023394 0.02703305520117283 0.1940000057220459 255 255 187
0.0059051597490906715 0.02689370885491371 0.19300000369548798 255 255 188
0.006358978804200888 0.02689370885491371 0.19300000369548798 255 255 199
0.006777498405426741 0.026754364371299744 0.19200000166893005 255 255 198
0.007228965871036053 0.026754364371299744 0.19200000166893005 253 254 214
0.007640431635081768 0.026615018025040627 0.19099999964237213 250 251 211
0.008047194220125675 0.02647567167878151 0.1899999976158142 254 255 239
0.008493958972394466 0.02647567167878151 0.1899999976158142 254 255 239
0.008893667720258236 0.02633632719516754 0.1889999955892563 254 255 247
0.009338080883026123 0.02633632719516754 0.1889999955892563 254 255 247
0.00973073486238718 0.026196980848908424 0.18799999356269836 254 255 249
0.010172797366976738 0.026196980848908424 0.18799999356269836 254 255 249
0.010614858940243721 0.026196980848908424 0.18799999356269836 254 255 249
0.011056921444833279 0.026196980848908424 0.18799999356269836 254 255 249
0.01143781840801239 0.026057634502649307 0.18700000643730164 254 255 251
0.011877529323101044 0.026057634502649307 0.18700000643730164 254 255 251
0.012317240238189697 0.026057634502649307 0.18700000643730164 254 255 251
0.01275695115327835 0.026057634502649307 0.18700000643730164 254 255 251
0.01319666113704443 0.026057634502649307 0.18700000643730164 254 255 251
0.013563450425863266 0.02591829001903534 0.1860000044107437 254 255 251
0.014000809751451015 0.02591829001903534 0.1860000044107437 254 255 251
0.01436054427176714 0.025778943672776222 0.1850000023841858 254 255 251
0.014795552007853985 0.025778943672776222 0.1850000023841858 254 255 251
0.015148232690989971 0.025639599189162254 0.18400000035762787 254 255 251
0.015580888837575912 0.025639599189162254 0.18400000035762787 254 255 251
0.01592651568353176 0.025500252842903137 0.18299999833106995 254 255 251
0.0163568202406168 0.025500252842903137 0.18299999833106995 254 255 251
0.016787126660346985 0.025500252842903137 0.18299999833106995 254 255 251
0.017123347148299217 0.02536090649664402 0.18199999630451202 254 255 249
0.017551301047205925 0.02536090649664402 0.18199999630451202 254 255 249
0.017979254946112633 0.02536090649664402 0.18199999630451202 254 255 247
0.01830606907606125 0.025221562013030052 0.1809999942779541 254 255 247
0.018731672316789627 0.025221562013030052 0.1809999942779541 254 255 247
0.019157273694872856 0.025221562013030052 0.1809999942779541 254 255 247
0.019582876935601234 0.025221562013030052 0.1809999942779541 254 255 249
0.019897934049367905 0.025082215666770935 0.18000000715255737 254 255 249
0.020321184769272804 0.025082215666770935 0.18000000715255737 254 255 249
0.020744435489177704 0.025082215666770935 0.18000000715255737 254 255 249
0.021167688071727753 0.025082215666770935 0.18000000715255737 254 255 249
0.021590938791632652 0.025082215666770935 0.18000000715255737 254 255 249
0.022014189511537552 0.025082215666770935 0.18000000715255737 253 255 244
0.02243744023144245 0.025082215666770935 0.18000000715255737 222 224 213
0.02286069095134735 0.025082215666770935 0.18000000715255737 248 249 238
0.02328394167125225 0.025082215666770935 0.18000000715255737 255 255 245
0.02370719239115715 0.025082215666770935 0.18000000715255737 254 255 249
0.02399638667702675 0.024942871183156967 0.17900000512599945 254 255 249
0.02441728487610817 0.024942871183156967 0.17900000512599945 254 255 249
0.02483818493783474 0.024942871183156967 0.17900000512599945 254 255 249
0.02525908499956131 0.024942871183156967 0.17900000512599945 254 255 249
0.02567998319864273 0.024942871183156967 0.17900000512599945 254 255 249
0.0261008832603693 0.024942871183156967 0.17900000512599945 254 255 245
0.026669949293136597 0.025082215666770935 0.18000000715255737 253 255 244
0.027093200013041496 0.025082215666770935 0.18000000715255737 254 255 238
0.027516450732946396 0.025082215666770935 0.18000000715255737 238 240 222
0.027939701452851295 0.025082215666770935 0.18000000715255737 235 230 212
0.028362954035401344 0.025082215666770935 0.18000000715255737 255 251 233
0.028946127742528915 0.025221562013030052 0.1809999942779541 255 255 243
0.029371729120612144 0.025221562013030052 0.1809999942779541 255 255 243
0.029797332361340523 0.025221562013030052 0.1809999942779541 254 255 247
0.030222933739423752 0.025221562013030052 0.1809999942779541 254 255 247
0.03064853698015213 0.025221562013030052 0.1809999942779541 254 255 249
0.03107413835823536 0.025221562013030052 0.1809999942779541 254 255 249
0.03149973973631859 0.025221562013030052 0.1809999942779541 254 255 249
0.03192534297704697 0.025221562013030052 0.1809999942779541 254 255 249
0.032350946217775345 0.025221562013030052 0.1809999942779541 254 255 249
0.03277654945850372 0.025221562013030052 0.1809999942779541 254 255 249
0.0332021489739418 0.025221562013030052 0.1809999942779541 252 250 238
0.03362775221467018 0.025221562013030052 0.1809999942779541 240 238 226
0.03405335545539856 0.025221562013030052 0.1809999942779541 250 248 238
0.03447895869612694 0.025221562013030052 0.1809999942779541 255 255 245
0.03490455821156502 0.025221562013030052 0.1809999942779541 254 255 249
0.035330161452293396 0.025221562013030052 0.1809999942779541 254 255 249
0.03595330938696861 0.02536090649664402 0.18199999630451202 254 255 249
0.03638126328587532 0.02536090649664402 0.18199999630451202 254 255 249
0.03680921718478203 0.02536090649664402 0.18199999630451202 254 255 251
0.037237171083688736 0.02536090649664402 0.18199999630451202 254 255 251
0.0378720760345459 0.025500252842903137 0.18299999833106995 254 255 251
0.038302380591630936 0.025500252842903137 0.18299999833106995 253 254 250
0.03873268514871597 0.025500252842903137 0.18299999833106995 255 245 249
0.03937699645757675 0.025639599189162254 0.18400000035762787 239 228 232
0.03980965539813042 0.025639599189162254 0.18400000035762787 240 227 231
0.040242310613393784 0.025639599189162254 0.18400000035762787 255 245 249
0.04089602455496788 0.025778943672776222 0.1850000023841858 255 255 249
0.041331034153699875 0.025778943672776222 0.1850000023841858 255 255 249
0.04176604375243187 0.025778943672776222 0.1850000023841858 254 255 249
0.04242916405200958 0.02591829001903534 0.1860000044107437 254 255 249
0.04286652430891991 0.02591829001903534 0.1860000044107437 254 255 251
0.043536700308322906 0.026057634502649307 0.18700000643730164 254 255 251
0.04397641122341156 0.026057634502649307 0.18700000643730164 255 253 251
0.044416118413209915 0.026057634502649307 0.18700000643730164 255 252 250
0.04509570077061653 0.026196980848908424 0.18799999356269836 237 215 219
0.045779984444379807 0.02633632719516754 0.1889999955892563 251 229 233
0.04646897315979004 0.02647567167878151 0.1899999976158142 254 229 237
0.04716266319155693 0.026615018025040627 0.19099999964237213 253 228 236
0.0476117804646492 0.026615018025040627 0.19099999964237213 255 228 246
0.04831252247095108 0.026754364371299744 0.19200000166893005 255 228 246
0.049271948635578156 0.02703305520117283 0.1940000057220459 246 204 222
0.04998445138335228 0.027172399684786797 0.19499999284744263 216 174 192
0.05070165544748306 0.027311746031045914 0.19599999487400055 255 214 231
0.051423560827970505 0.02745109237730503 0.19699999690055847 252 200 217
0.052150171250104904 0.027590436860919 0.1979999989271164 255 227 238
0.05288148298859596 0.027729783207178116 0.19900000095367432 255 208 219
0.05361749604344368 0.027869129553437233 0.20000000298023224 255 204 216
0.05408777669072151 0.027869129553437233 0.20000000298023224 250 188 200
0.006358978804200888 0.02734752744436264 0.19300000369548798 255 255 192
0.006777498405426741 0.027205830439925194 0.19200000166893005 255 255 194
0.007228965871036053 0.027205830439925194 0.19200000166893005 255 254 205
0.007640431635081768 0.027064133435487747 0.19099999964237213 249 242 193
0.008047194220125675 0.0269224364310503 0.1899999976158142 254 255 232
0.008493958972394466 0.0269224364310503 0.1899999976158142 255 255 233
0.008893667720258236 0.026780739426612854 0.1889999955892563 254 255 245
0.009338080883026123 0.026780739426612854 0.1889999955892563 254 255 245
0.00973073486238718 0.026639042422175407 0.18799999356269836 254 255 249
0.010172797366976738 0.026639042422175407 0.18799999356269836 254 255 249
0.010614858940243721 0.026639042422175407 0.18799999356269836 254 255 249
0.010998107492923737 0.02649734541773796 0.18700000643730164 254 255 249
0.01143781840801239 0.02649734541773796 0.18700000643730164 254 255 251
0.011877529323101044 0.02649734541773796 0.18700000643730164 254 255 251
0.012317240238189697 0.02649734541773796 0.18700000643730164 254 255 251
0.01275695115327835 0.02649734541773796 0.18700000643730164 254 255 251
0.013126091100275517 0.026355648413300514 0.1860000044107437 254 255 251
0.013563450425863266 0.026355648413300514 0.1860000044107437 254 255 251
0.013925536535680294 0.026213951408863068 0.1850000023841858 254 255 251
0.01436054427176714 0.026213951408863068 0.1850000023841858 254 255 251
0.014795552007853985 0.026213951408863068 0.1850000023841858 254 255 251
0.015148232690989971 0.02607225440442562 0.18400000035762787 254 255 251
0.015580888837575912 0.02607225440442562 0.18400000035762787 254 255 251
0.01592651568353176 0.025930557399988174 0.18299999833106995 254 255 251
0.0163568202406168 0.025930557399988174 0.18299999833106995 254 255 249
0.016787126660346985 0.025930557399988174 0.18299999833106995 254 255 249
0.017123347148299217 0.025788860395550728 0.18199999630451202 253 255 242
0.017551301047205925 0.025788860395550728 0.18199999630451202 252 254 241
0.017979254946112633 0.025788860395550728 0.18199999630451202 253 255 242
0.01840720698237419 0.025788860395550728 0.18199999630451202 254 255 243
0.018731672316789627 0.02564716339111328 0.1809999942779541 254 255 247
0.019157273694872856 0.02564716339111328 0.1809999942779541 254 255 247
0.019582876935601234 0.02564716339111328 0.1809999942779541 254 255 249
0.019897934049367905 0.025505466386675835 0.18000000715255737 254 255 249
0.020321184769272804 0.025505466386675835 0.18000000715255737 254 255 249
0.020744435489177704 0.025505466386675835 0.18000000715255737 254 255 249
0.021167688071727753 0.025505466386675835 0.18000000715255737 254 255 247
0.021590938791632652 0.025505466386675835 0.18000000715255737 253 255 246
0.022014189511537552 0.025505466386675835 0.18000000715255737 254 255 236
0.02243744023144245 0.025505466386675835 0.18000000715255737 208 211 190
0.02286069095134735 0.025505466386675835 0.18000000715255737 240 243 220
0.02328394167125225 0.025505466386675835 0.18000000715255737 255 255 235
0.02370719239115715 0.025505466386675835 0.18000000715255737 254 255 243
0.02413044311106205 0.025505466386675835 0.18000000715255737 254 255 243
0.02455369383096695 0.025505466386675835 0.18000000715255737 252 255 247
0.02483818493783474 0.025363769382238388 0.17900000512599945 252 255 247
0.02525908499956131 0.025363769382238388 0.17900000512599945 252 255 247
0.02567998319864273 0.025363769382238388 0.17900000512599945 252 255 247
0.0261008832603693 0.025363769382238388 0.17900000512599945 252 255 241
0.026669949293136597 0.025505466386675835 0.18000000715255737 251 255 240
0.027093200013041496 0.025505466386675835 0.18000000715255737 255 255 234
0.027516450732946396 0.025505466386675835 0.18000000715255737 234 234 212
0.027939701452851295 0.025505466386675835 0.18000000715255737 231 223 197
0.028362954035401344 0.025505466386675835 0.18000000715255737 247 239 213
0.028946127742528915 0.02564716339111328 0.1809999942779541 255 255 235
0.029371729120612144 0.02564716339111328 0.1809999942779541 255 255 235
0.029797332361340523 0.02564716339111328 0.1809999942779541 254 255 245
0.030222933739423752 0.02564716339111328 0.1809999942779541 254 255 245
0.03064853698015213 0.02564716339111328 0.1809999942779541 254 255 249
0.03107413835823536 0.02564716339111328 0.1809999942779541 254 255 249
0.03149973973631859 0.02564716339111328 0.1809999942779541 254 255 249
0.03192534297704697 0.02564716339111328 0.1809999942779541 254 255 249
0.032350946217775345 0.02564716339111328 0.1809999942779541 254 255 243
0.03277654945850372 0.02564716339111328 0.1809999942779541 254 255 243
0.0332021489739418 0.02564716339111328 0.1809999942779541 247 240 221
0.03362775221467018 0.02564716339111328 0.1809999942779541 227 220 201
0.03405335545539856 0.02564716339111328 0.1809999942779541 245 238 219
0.03447895869612694 0.02564716339111328 0.1809999942779541 255 254 235
0.03490455821156502 0.02564716339111328 0.1809999942779541 255 255 245
0.035330161452293396 0.02564716339111328 0.1809999942779541 255 255 245
0.03595330938696861 0.025788860395550728 0.18199999630451202 254 255 249
0.03638126328587532 0.025788860395550728 0.18199999630451202 254 255 249
0.03680921718478203 0.025788860395550728 0.18199999630451202 254 255 249
0.037237171083688736 0.025788860395550728 0.18199999630451202 254 255 249
0.0378720760345459 0.025930557399988174 0.18299999833106995 254 255 251
0.038302380591630936 0.025930557399988174 0.18299999833106995 247 248 244
0.03873268514871597 0.025930557399988174 0.18299999833106995 239 227 227
0.03937699645757675 0.02607225440442562 0.18400000035762787 231 219 219
0.03980965539813042 0.02607225440442562 0.18400000035762787 238 217 224
0.040242310613393784 0.02607225440442562 0.18400000035762787 254 233 240
0.04089602455496788 0.026213951408863068 0.1850000023841858 255 254 249
0.041331034153699875 0.026213951408863068 0.1850000023841858 255 254 249
0.04176604375243187 0.026213951408863068 0.1850000023841858 254 255 247
0.04242916405200958 0.026355648413300514 0.1860000044107437 254 255 247
0.04286652430891991 0.026355648413300514 0.1860000044107437 254 255 249
0.04330388084053993 0.026355648413300514 0.1860000044107437 254 255 249
0.04397641122341156 0.02649734541773796 0.18700000643730164 255 250 254
0.04465363919734955 0.026639042422175407 0.18799999356269836 237 226 230
0.04509570077061653 0.026639042422175407 0.18799999356269836 229 197 204
0.045779984444379807 0.026780739426612854 0.1889999955892563 252 220 227
0.04622440040111542 0.026780739426612854 0.1889999955892563 255 221 233
0.04691573604941368 0.0269224364310503 0.1899999976158142 255 221 233
0.0476117804646492 0.027064133435487747 0.19099999964237213 255 225 247
0.04831252247095108 0.027205830439925194 0.19200000166893005 255 225 247
0.04901796951889992 0.02734752744436264 0.19300000369548798 253 206 226
0.049728117883205414 0.027489224448800087 0.1940000057220459 224 177 197
0.05044297128915787 0.027630923315882683 0.19499999284744263 242 181 198
0.051423560827970505 0.027914317324757576 0.19699999690055847 247 186 203
0.052150171250104904 0.028056014329195023 0.1979999989271164 255 214 225
0.05261574685573578 0.028056014329195023 0.1979999989271164 255 208 219
0.05334940925240517 0.02819771133363247 0.19900000095367432 255 189 204
0.05408777669072151 0.028339408338069916 0.20000000298023224 255 189 204
0.006358978804200888 0.02780134789645672 0.19300000369548798 255 253 191
0.008047194220125675 0.027369201183319092 0.1899999976158142 255 255 223
0.008493958972394466 0.027369201183319092 0.1899999976158142 255 255 225
0.008893667720258236 0.027225153520703316 0.1889999955892563 254 255 243
0.009338080883026123 0.027225153520703316 0.1889999955892563 254 255 243
0.00973073486238718 0.02708110585808754 0.18799999356269836 254 255 249
0.010172797366976738 0.02708110585808754 0.18799999356269836 254 255 249
0.010558397509157658 0.026937056332826614 0.18700000643730164 254 255 249
0.010998107492923737 0.026937056332826614 0.18700000643730164 254 255 249
0.01143781840801239 0.026937056332826614 0.18700000643730164 254 255 249
0.011877529323101044 0.026937056332826614 0.18700000643730164 254 255 249
0.012317240238189697 0.026937056332826614 0.18700000643730164 254 255 247
0.012688731774687767 0.02679300867021084 0.1860000044107437 252 254 245
0.013126091100275517 0.02679300867021084 0.1860000044107437 252 254 245
0.013563450425863266 0.02679300867021084 0.1860000044107437 254 255 247
0.013925536535680294 0.026648959144949913 0.1850000023841858 254 255 249
0.01436054427176714 0.026648959144949913 0.1850000023841858 254 255 249
0.01471557654440403 0.026504911482334137 0.18400000035762787 254 255 251
0.015148232690989971 0.026504911482334137 0.18400000035762787 254 255 251
0.01549621019512415 0.02636086381971836 0.18299999833106995 254 255 249
0.01592651568353176 0.02636086381971836 0.18299999833106995 254 255 249
0.0163568202406168 0.02636086381971836 0.18299999833106995 254 255 247
0.016787126660346985 0.02636086381971836 0.18299999833106995 254 255 247
0.017217431217432022 0.02636086381971836 0.18299999833106995 255 252 230
0.017551301047205925 0.026216814294457436 0.18199999630451202 220 215 193
0.017979254946112633 0.026216814294457436 0.18199999630451202 251 255 234
0.01840720698237419 0.026216814294457436 0.18199999630451202 253 255 236
0.018731672316789627 0.02607276663184166 0.1809999942779541 254 255 245
0.019157273694872856 0.02607276663184166 0.1809999942779541 254 255 245
0.019582876935601234 0.02607276663184166 0.1809999942779541 254 255 247
0.020008478313684464 0.02607276663184166 0.1809999942779541 254 255 247
0.020321184769272804 0.025928717106580734 0.18000000715255737 254 255 247
0.020744435489177704 0.025928717106580734 0.18000000715255737 254 255 247
0.021167688071727753 0.025928717106580734 0.18000000715255737 254 255 243
0.021590938791632652 0.025928717106580734 0.18000000715255737 254 255 243
0.022014189511537552 0.025928717106580734 0.18000000715255737 255 250 229
0.02243744023144245 0.025928717106580734 0.18000000715255737 199 190 169
0.02286069095134735 0.025928717106580734 0.18000000715255737 219 209 179
0.02328394167125225 0.025928717106580734 0.18000000715255737 255 255 225
0.02370719239115715 0.025928717106580734 0.18000000715255737 255 255 233
0.02413044311106205 0.025928717106580734 0.18000000715255737 255 255 233
0.02455369383096695 0.025928717106580734 0.18000000715255737 254 255 243
0.024976946413517 0.025928717106580734 0.18000000715255737 254 255 243
0.025400197133421898 0.025928717106580734 0.18000000715255737 254 255 243
0.025823447853326797 0.025928717106580734 0.18000000715255737 253 255 242
0.026246698573231697 0.025928717106580734 0.18000000715255737 254 255 234
0.026669949293136597 0.025928717106580734 0.18000000715255737 253 255 233
0.027093200013041496 0.025928717106580734 0.18000000715255737 255 254 225
0.027516450732946396 0.025928717106580734 0.18000000715255737 230 223 194
0.027939701452851295 0.025928717106580734 0.18000000715255737 224 207 170
0.028362954035401344 0.025928717106580734 0.18000000715255737 242 225 188
0.028946127742528915 0.02607276663184166 0.1809999942779541 255 255 224
0.029371729120612144 0.02607276663184166 0.1809999942779541 255 255 225
0.029797332361340523 0.02607276663184166 0.1809999942779541 254 255 237
0.030222933739423752 0.02607276663184166 0.1809999942779541 254 255 237
0.03064853698015213 0.02607276663184166 0.1809999942779541 254 255 247
0.03107413835823536 0.02607276663184166 0.1809999942779541 254 255 247
0.03149973973631859 0.02607276663184166 0.1809999942779541 252 254 243
0.03192534297704697 0.02607276663184166 0.1809999942779541 251 253 242
0.032350946217775345 0.02607276663184166 0.1809999942779541 255 255 236
0.03277654945850372 0.02607276663184166 0.1809999942779541 253 251 232
0.0332021489739418 0.02607276663184166 0.1809999942779541 230 210 190
0.03362775221467018 0.02607276663184166 0.1809999942779541 224 204 184
0.03405335545539856 0.02607276663184166 0.1809999942779541 245 228 199
0.03447895869612694 0.02607276663184166 0.1809999942779541 255 250 221
0.03490455821156502 0.02607276663184166 0.1809999942779541 255 255 237
0.035525355488061905 0.026216814294457436 0.18199999630451202 255 255 237
0.03595330938696861 0.026216814294457436 0.18199999630451202 254 255 247
0.03638126328587532 0.026216814294457436 0.18199999630451202 254 255 247
0.03680921718478203 0.026216814294457436 0.18199999630451202 254 255 249
0.03744177147746086 0.02636086381971836 0.18299999833106995 254 255 249
0.0378720760345459 0.02636086381971836 0.18299999833106995 255 254 249
0.038302380591630936 0.02636086381971836 0.18299999833106995 253 250 245
0.038944341242313385 0.026504911482334137 0.18400000035762787 255 233 235
0.03937699645757675 0.026504911482334137 0.18400000035762787 228 206 208
0.03980965539813042 0.026504911482334137 0.18400000035762787 237 210 215
0.040242310613393784 0.026504911482334137 0.18400000035762787 255 228 233
0.04089602455496788 0.026648959144949913 0.1850000023841858 255 247 242
0.041331034153699875 0.026648959144949913 0.1850000023841858 255 251 246
0.04176604375243187 0.026648959144949913 0.1850000023841858 255 255 247
0.04242916405200958 0.02679300867021084 0.1860000044107437 255 255 247
0.04286652430891991 0.02679300867021084 0.1860000044107437 255 255 249
0.04330388084053993 0.02679300867021084 0.1860000044107437 255 255 249
0.04397641122341156 0.026937056332826614 0.18700000643730164 255 243 249
0.044416118413209915 0.026937056332826614 0.18700000643730164 238 220 226
0.04509570077061653 0.02708110585808754 0.18799999356269836 220 179 187
0.045779984444379807 0.027225153520703316 0.1889999955892563 234 193 201
0.04622440040111542 0.027225153520703316 0.1889999955892563 255 217 227
0.04691573604941368 0.027369201183319092 0.1899999976158142 255 215 225
0.0476117804646492 0.027513250708580017 0.19099999964237213 255 219 241
0.04806089401245117 0.027513250708580017 0.19099999964237213 255 210 232
0.04876399040222168 0.027657298371195793 0.19200000166893005 255 203 224
0.049728117883205414 0.027945395559072495 0.1940000057220459 238 181 202
0.05261574685573578 0.028521589934825897 0.1979999989271164 255 193 208
0.008047194220125675 0.027815967798233032 0.1899999976158142 228 206 171
0.008493958972394466 0.027815967798233032 0.1899999976158142 255 249 214
0.008893667720258236 0.027669567614793777 0.1889999955892563 255 255 235
0.009338080883026123 0.027669567614793777 0.1889999955892563 255 255 235
0.00973073486238718 0.027523167431354523 0.18799999356269836 254 255 243
0.010172797366976738 0.027523167431354523 0.18799999356269836 254 255 243
0.010558397509157658 0.027376767247915268 0.18700000643730164 254 255 243
0.010998107492923737 0.027376767247915268 0.18700000643730164 254 255 243
0.011376653797924519 0.027230367064476013 0.1860000044107437 254 255 243
0.011814013123512268 0.027230367064476013 0.1860000044107437 253 255 242
0.012251372449100018 0.027230367064476013 0.1860000044107437 255 255 237
0.012688731774687767 0.027230367064476013 0.1860000044107437 244 239 221
0.013126091100275517 0.027230367064476013 0.1860000044107437 233 233 211
0.013490528799593449 0.027083968743681908 0.1850000023841858 255 255 235
0.013925536535680294 0.027083968743681908 0.1850000023841858 254 255 241
0.014282919466495514 0.026937568560242653 0.18400000035762787 254 255 241
0.01471557654440403 0.026937568560242653 0.18400000035762787 250 255 243
0.015148232690989971 0.026937568560242653 0.18400000035762787 250 255 243
0.01549621019512415 0.026791168376803398 0.18299999833106995 250 255 243
0.01592651568353176 0.026791168376803398 0.18299999833106995 250 255 243
0.0163568202406168 0.026791168376803398 0.18299999833106995 254 255 234
0.016787126660346985 0.026791168376803398 0.18299999833106995 254 255 234
0.017217431217432022 0.026791168376803398 0.18299999833106995 255 246 212
0.017551301047205925 0.026644768193364143 0.18199999630451202 198 187 153
0.017979254946112633 0.026644768193364143 0.18199999630451202 252 253 224
0.01840720698237419 0.026644768193364143 0.18199999630451202 255 255 229
0.0188351608812809 0.026644768193364143 0.18199999630451202 254 255 237
0.019157273694872856 0.02649836800992489 0.1809999942779541 254 255 237
0.019582876935601234 0.02649836800992489 0.1809999942779541 252 255 241
0.020008478313684464 0.02649836800992489 0.1809999942779541 252 255 241
0.020434081554412842 0.02649836800992489 0.1809999942779541 252 255 241
0.020744435489177704 0.026351967826485634 0.18000000715255737 251 255 240
0.021167688071727753 0.026351967826485634 0.18000000715255737 255 255 236
0.021590938791632652 0.026351967826485634 0.18000000715255737 255 255 236
0.022014189511537552 0.026351967826485634 0.18000000715255737 255 239 221
0.02243744023144245 0.026351967826485634 0.18000000715255737 194 169 151
0.02286069095134735 0.026351967826485634 0.18000000715255737 199 182 141
0.02328394167125225 0.026351967826485634 0.18000000715255737 255 254 213
0.02370719239115715 0.026351967826485634 0.18000000715255737 255 255 216
0.02413044311106205 0.026351967826485634 0.18000000715255737 255 255 218
0.02455369383096695 0.026351967826485634 0.18000000715255737 255 255 235
0.024976946413517 0.026351967826485634 0.18000000715255737 255 255 234
0.025400197133421898 0.026351967826485634 0.18000000715255737 253 253 233
0.025823447853326797 0.026351967826485634 0.18000000715255737 255 255 235
0.026246698573231697 0.026351967826485634 0.18000000715255737 255 255 229
0.026669949293136597 0.026351967826485634 0.18000000715255737 255 251 225
0.027093200013041496 0.026351967826485634 0.18000000715255737 255 249 217
0.027516450732946396 0.026351967826485634 0.18000000715255737 237 214 182
0.027939701452851295 0.026351967826485634 0.18000000715255737 218 184 149
0.028362954035401344 0.026351967826485634 0.18000000715255737 237 203 168
0.028946127742528915 0.02649836800992489 0.1809999942779541 255 253 209
0.029371729120612144 0.02649836800992489 0.1809999942779541 255 254 210
0.029797332361340523 0.02649836800992489 0.1809999942779541 255 255 224
0.030222933739423752 0.02649836800992489 0.1809999942779541 255 255 225
0.03064853698015213 0.02649836800992489 0.1809999942779541 255 255 237
0.03107413835823536 0.02649836800992489 0.1809999942779541 255 255 237
0.03149973973631859 0.02649836800992489 0.1809999942779541 255 255 236
0.03192534297704697 0.02649836800992489 0.1809999942779541 250 250 230
0.032350946217775345 0.02649836800992489 0.1809999942779541 255 251 231
0.03277654945850372 0.02649836800992489 0.1809999942779541 244 232 212
0.0332021489739418 0.02649836800992489 0.1809999942779541 216 182 158
0.03362775221467018 0.02649836800992489 0.1809999942779541 214 180 156
0.03405335545539856 0.02649836800992489 0.1809999942779541 232 207 171
0.03447895869612694 0.02649836800992489 0.1809999942779541 255 247 211
0.0350974015891552 0.026644768193364143 0.18199999630451202 255 255 223
0.035525355488061905 0.026644768193364143 0.18199999630451202 255 255 225
0.03595330938696861 0.026644768193364143 0.18199999630451202 255 255 237
0.03638126328587532 0.026644768193364143 0.18199999630451202 255 255 237
0.03680921718478203 0.026644768193364143 0.18199999630451202 255 255 243
0.03744177147746086 0.026791168376803398 0.18299999833106995 255 255 243
0.0378720760345459 0.026791168376803398 0.18299999833106995 255 249 236
0.038302380591630936 0.026791168376803398 0.18299999833106995 255 251 238
0.038944341242313385 0.026937568560242653 0.18400000035762787 255 242 239
0.03937699645757675 0.026937568560242653 0.18400000035762787 234 206 203
0.03980965539813042 0.026937568560242653 0.18400000035762787 231 193 193
0.040242310613393784 0.026937568560242653 0.18400000035762787 255 222 222
0.04089602455496788 0.027083968743681908 0.1850000023841858 255 243 237
0.041331034153699875 0.027083968743681908 0.1850000023841858 255 242 236
0.04176604375243187 0.027083968743681908 0.1850000023841858 255 252 243
0.04242916405200958 0.027230367064476013 0.1860000044107437 255 252 243
0.04286652430891991 0.027230367064476013 0.1860000044107437 255 252 247
0.04330388084053993 0.027230367064476013 0.1860000044107437 255 252 247
0.04397641122341156 0.027376767247915268 0.18700000643730164 255 232 240
0.044416118413209915 0.027376767247915268 0.18700000643730164 240 206 214
0.04509570077061653 0.027523167431354523 0.18799999356269836 231 178 190
0.045779984444379807 0.027669567614793777 0.1889999955892563 231 178 190
0.04622440040111542 0.027669567614793777 0.1889999955892563 255 203 213
0.04691573604941368 0.027815967798233032 0.1899999976158142 255 210 220
0.04736250266432762 0.027815967798233032 0.1899999976158142 255 208 225
0.04806089401245117 0.027962366119027138 0.19099999964237213 255 203 220
0.04876399040222168 0.028108766302466393 0.19200000166893005 255 193 213
0.008493958972394466 0.028262732550501823 0.1899999976158142 255 240 202
0.008893667720258236 0.02811397984623909 0.1889999955892563 255 252 223
0.009338080883026123 0.02811397984623909 0.1889999955892563 255 252 223
0.00973073486238718 0.027965229004621506 0.18799999356269836 255 255 231
0.010172797366976738 0.027965229004621506 0.18799999356269836 255 255 231
0.010558397509157658 0.02781647816300392 0.18700000643730164 255 255 231
0.010998107492923737 0.02781647816300392 0.18700000643730164 255 255 231
0.011376653797924519 0.027667727321386337 0.1860000044107437 255 252 227
0.011814013123512268 0.027667727321386337 0.1860000044107437 255 243 218
0.012251372449100018 0.027667727321386337 0.1860000044107437 255 242 210
0.012688731774687767 0.027667727321386337 0.1860000044107437 255 235 203
0.013126091100275517 0.027667727321386337 0.1860000044107437 248 233 194
0.013490528799593449 0.027518976479768753 0.1850000023841858 255 254 215
0.013925536535680294 0.027518976479768753 0.1850000023841858 255 255 223
0.014282919466495514 0.02737022377550602 0.18400000035762787 255 255 223
0.01471557654440403 0.02737022377550602 0.18400000035762787 255 255 231
0.015148232690989971 0.02737022377550602 0.18400000035762787 255 255 231
0.01549621019512415 0.027221472933888435 0.18299999833106995 255 255 230
0.01592651568353176 0.027221472933888435 0.18299999833106995 255 255 231
0.0163568202406168 0.027221472933888435 0.18299999833106995 255 252 223
0.016787126660346985 0.027221472933888435 0.18299999833106995 255 252 223
0.017979254946112633 0.02707272209227085 0.18199999630451202 237 215 176
0.01840720698237419 0.02707272209227085 0.18199999630451202 255 252 213
0.0188351608812809 0.02707272209227085 0.18199999630451202 255 255 221
0.019157273694872856 0.026923971250653267 0.1809999942779541 255 255 221
0.019582876935601234 0.026923971250653267 0.1809999942779541 255 255 229
0.020008478313684464 0.026923971250653267 0.1809999942779541 255 255 229
0.020434081554412842 0.026923971250653267 0.1809999942779541 255 255 227
0.020744435489177704 0.026775220409035683 0.18000000715255737 255 255 227
0.021167688071727753 0.026775220409035683 0.18000000715255737 255 248 222
0.021590938791632652 0.026775220409035683 0.18000000715255737 255 251 225
0.02328394167125225 0.026775220409035683 0.18000000715255737 255 245 206
0.02370719239115715 0.026775220409035683 0.18000000715255737 255 253 205
0.02413044311106205 0.026775220409035683 0.18000000715255737 255 254 206
0.02455369383096695 0.026775220409035683 0.18000000715255737 255 249 220
0.024976946413517 0.026775220409035683 0.18000000715255737 255 240 211
0.025400197133421898 0.026775220409035683 0.18000000715255737 255 238 213
0.025823447853326797 0.026775220409035683 0.18000000715255737 255 245 220
0.026246698573231697 0.026775220409035683 0.18000000715255737 255 239 215
0.026669949293136597 0.026775220409035683 0.18000000715255737 255 236 212
0.027093200013041496 0.026775220409035683 0.18000000715255737 255 228 201
0.028946127742528915 0.026923971250653267 0.1809999942779541 255 234 193
0.029371729120612144 0.026923971250653267 0.1809999942779541 255 244 203
0.029797332361340523 0.026923971250653267 0.1809999942779541 255 242 203
0.030222933739423752 0.026923971250653267 0.1809999942779541 255 252 213
0.03064853698015213 0.026923971250653267 0.1809999942779541 255 252 227
0.03107413835823536 0.026923971250653267 0.1809999942779541 255 252 227
0.03149973973631859 0.026923971250653267 0.1809999942779541 255 252 227
0.03192534297704697 0.026923971250653267 0.1809999942779541 255 249 224
0.032350946217775345 0.026923971250653267 0.1809999942779541 255 242 223
0.03277654945850372 0.026923971250653267 0.1809999942779541 255 223 204
0.03466944769024849 0.02707272209227085 0.18199999630451202 255 240 209
0.0350974015891552 0.02707272209227085 0.18199999630451202 255 249 213
0.035525355488061905 0.02707272209227085 0.18199999630451202 255 248 212
0.03595330938696861 0.02707272209227085 0.18199999630451202 255 252 225
0.03638126328587532 0.02707272209227085 0.18199999630451202 255 252 225
0.037011466920375824 0.027221472933888435 0.18299999833106995 255 251 229
0.03744177147746086 0.027221472933888435 0.18299999833106995 255 251 229
0.0378720760345459 0.027221472933888435 0.18299999833106995 255 242 225
0.038302380591630936 0.027221472933888435 0.18299999833106995 255 238 221
0.038944341242313385 0.02737022377550602 0.18400000035762787 255 221 217
0.03937699645757675 0.02737022377550602 0.18400000035762787 254 196 192
0.03980965539813042 0.02737022377550602 0.18400000035762787 239 174 172
0.040242310613393784 0.02737022377550602 0.18400000035762787 255 198 196
0.04089602455496788 0.027518976479768753 0.1850000023841858 255 221 219
0.041331034153699875 0.027518976479768753 0.1850000023841858 255 225 223
0.04199180379509926 0.027667727321386337 0.1860000044107437 255 238 235
0.04242916405200958 0.027667727321386337 0.1860000044107437 255 240 237
0.04286652430891991 0.027667727321386337 0.1860000044107437 255 240 241
0.04330388084053993 0.027667727321386337 0.1860000044107437 255 239 240
0.04397641122341156 0.02781647816300392 0.18700000643730164 255 221 239
0.04465363919734955 0.027965229004621506 0.18799999356269836 255 207 225
0.04622440040111542 0.02811397984623909 0.1889999955892563 255 188 203
0.04691573604941368 0.028262732550501823 0.1899999976158142 255 197 212
0.04736250266432762 0.028262732550501823 0.1899999976158142 255 201 214
0.04806089401245117 0.028411483392119408 0.19099999964237213 255 194 207
