0.03324461728334427 0.02591829001903534 0.1860000044107437 242 255 254
0.03263087570667267 0.026213951408863068 0.1850000023841858 234 241 245
0.03202183544635773 0.026504911482334137 0.18400000035762787 229 243 245
0.03141750022768974 0.026791168376803398 0.18299999833106995 209 228 232
0.030987193807959557 0.026791168376803398 0.18299999833106995 174 193 197
0.03055688925087452 0.026791168376803398 0.18299999833106995 120 144 146
0.030126584693789482 0.026791168376803398 0.18299999833106995 222 246 248
0.029696280136704445 0.026791168376803398 0.18299999833106995 228 255 255
0.02926597371697426 0.02636086381971836 0.18299999833106995 235 255 255
0.02867809683084488 0.026216814294457436 0.18199999630451202 230 255 255
0.02825014293193817 0.026216814294457436 0.18199999630451202 230 255 255
0.027822189033031464 0.026216814294457436 0.18199999630451202 218 255 255
0.027394235134124756 0.026216814294457436 0.18199999630451202 203 243 245
0.026818115264177322 0.02649836800992489 0.1809999942779541 222 255 255
0.026392513886094093 0.02649836800992489 0.1809999942779541 220 255 255
0.025966910645365715 0.02649836800992489 0.1809999942779541 213 236 230
0.025541309267282486 0.026923971250653267 0.1809999942779541 175 201 199
0.025115706026554108 0.026923971250653267 0.1809999942779541 135 145 131
0.02455369383096695 0.027198471128940582 0.18000000715255737 229 252 244
0.02413044311106205 0.027198471128940582 0.18000000715255737 237 251 242
0.02370719239115715 0.027198471128940582 0.18000000715255737 234 248 239
0.02315458655357361 0.02704736776649952 0.17900000512599945 218 233 232
0.02273368649184704 0.02704736776649952 0.17900000512599945 201 216 215
0.022312788292765617 0.02746826782822609 0.17900000512599945 222 248 250
0.021891888231039047 0.02746826782822609 0.17900000512599945 217 243 245
0.021470988169312477 0.02746826782822609 0.17900000512599945 223 240 243
0.021050089970231056 0.02746826782822609 0.17900000512599945 212 229 232
0.020629189908504486 0.02746826782822609 0.17900000512599945 181 193 195
0.020208289846777916 0.02746826782822609 0.17900000512599945 123 135 137
0.019787389785051346 0.02746826782822609 0.17900000512599945 157 181 183
0.019366491585969925 0.02746826782822609 0.17900000512599945 236 255 255
0.018945591524243355 0.02746826782822609 0.17900000512599945 226 255 255
0.018945591524243355 0.02746826782822609 0.17900000512599945 226 255 255
0.019366491585969925 0.02788916788995266 0.17900000512599945 224 253 254
0.019787389785051346 0.02746826782822609 0.17900000512599945 157 181 183
0.020208289846777916 0.02746826782822609 0.17900000512599945 123 135 137
0.020629189908504486 0.02746826782822609 0.17900000512599945 181 193 195
0.021050089970231056 0.02746826782822609 0.17900000512599945 212 229 232
0.021470988169312477 0.02746826782822609 0.17900000512599945 223 240 243
0.021891888231039047 0.02746826782822609 0.17900000512599945 217 243 245
0.022312788292765617 0.02746826782822609 0.17900000512599945 222 248 250
0.02273368649184704 0.02704736776649952 0.17900000512599945 201 216 215
0.02315458655357361 0.02704736776649952 0.17900000512599945 218 233 232
0.02370719239115715 0.027198471128940582 0.18000000715255737 234 248 239
0.02413044311106205 0.027198471128940582 0.18000000715255737 237 251 242
0.02455369383096695 0.027198471128940582 0.18000000715255737 229 252 244
0.025115706026554108 0.026923971250653267 0.1809999942779541 135 145 131
0.025541309267282486 0.026923971250653267 0.1809999942779541 175 201 199
0.025966910645365715 0.026923971250653267 0.1809999942779541 215 241 239
0.026392513886094093 0.02649836800992489 0.1809999942779541 220 255 255
0.026818115264177322 0.02649836800992489 0.1809999942779541 222 255 255
0.027394235134124756 0.026216814294457436 0.18199999630451202 203 243 245
0.027822189033031464 0.026216814294457436 0.18199999630451202 218 255 255
0.02825014293193817 0.026216814294457436 0.18199999630451202 230 255 255
0.02867809683084488 0.026216814294457436 0.18199999630451202 230 255 255
0.02926597371697426 0.02636086381971836 0.18299999833106995 235 255 255
0.029696280136704445 0.026791168376803398 0.18299999833106995 228 255 255
0.029696280136704445 0.027221472933888435 0.18299999833106995 217 255 255
0.030126584693789482 0.027651777490973473 0.18299999833106995 227 255 255
0.030126584693789482 0.027221472933888435 0.18299999833106995 228 255 255
0.03055688925087452 0.026791168376803398 0.18299999833106995 120 144 146
0.030987193807959557 0.026791168376803398 0.18299999833106995 174 193 197
0.03141750022768974 0.026791168376803398 0.18299999833106995 209 228 232
0.03202183544635773 0.026937568560242653 0.18400000035762787 229 251 250
0.03245449438691139 0.026504911482334137 0.18400000035762787 244 255 255
0.03306588530540466 0.026213951408863068 0.1850000023841858 244 255 255
0.03324461728334427 0.02591829001903534 0.1860000044107437 242 255 254
