0.01840720698237419 0.032208167016506195 0.18199999630451202 160 189 199
0.0188351608812809 0.032208167016506195 0.18199999630451202 176 203 216
0.019582876935601234 0.03203119710087776 0.1809999942779541 184 211 224
0.020008478313684464 0.03203119710087776 0.1809999942779541 187 214 227
0.020434081554412842 0.03203119710087776 0.1809999942779541 181 215 233
0.02085968293249607 0.03203119710087776 0.1809999942779541 161 195 213
0.021167688071727753 0.032277483493089676 0.18000000715255737 200 243 255
0.021590938791632652 0.032277483493089676 0.18000000715255737 205 248 255
0.021891888231039047 0.032519061118364334 0.17900000512599945 219 255 255
0.022312788292765617 0.032519061118364334 0.17900000512599945 154 190 198
0.026491129770874977 0.03238789364695549 0.17599999904632568 222 253 255
0.02690497413277626 0.03238789364695549 0.17599999904632568 207 238 254
0.027318820357322693 0.03238789364695549 0.17599999904632568 103 132 142
0.027732664719223976 0.03238789364695549 0.17599999904632568 150 179 189
0.02814651094377041 0.03238789364695549 0.17599999904632568 191 224 228
0.028560355305671692 0.03238789364695549 0.17599999904632568 205 238 242
0.028809575363993645 0.03220387175679207 0.17499999701976776 212 243 243
0.0292210690677166 0.03220387175679207 0.17499999701976776 207 238 238
0.030215736478567123 0.031974051147699356 0.17599999904632568 171 189 185
0.030629582703113556 0.031974051147699356 0.17599999904632568 174 198 186
0.03104342892765999 0.031974051147699356 0.17599999904632568 175 199 187
0.03145727515220642 0.031974051147699356 0.17599999904632568 172 199 190
0.031871117651462555 0.031974051147699356 0.17599999904632568 168 195 186
0.03228496387600899 0.031974051147699356 0.17599999904632568 129 160 158
0.03269881010055542 0.031974051147699356 0.17599999904632568 158 189 187
0.03516312688589096 0.03150029480457306 0.17800000309944153 227 255 255
0.03558167442679405 0.03150029480457306 0.17800000309944153 230 255 255
0.03600022569298744 0.03150029480457306 0.17800000309944153 231 255 255
0.03641877323389053 0.03150029480457306 0.17800000309944153 231 255 255
0.036837320774793625 0.03150029480457306 0.17800000309944153 230 255 255
0.037255868315696716 0.03191884234547615 0.17800000309944153 225 255 255
0.03767441585659981 0.03233738988637924 0.17800000309944153 225 255 255
0.0380929633975029 0.03191884234547615 0.17800000309944153 105 140 143
0.03851151093840599 0.03191884234547615 0.17800000309944153 100 134 140
0.03893006220459938 0.03191884234547615 0.17800000309944153 163 197 203
0.03934860974550247 0.03233738988637924 0.17800000309944153 197 233 231
0.03976715728640556 0.03191884234547615 0.17800000309944153 225 255 255
0.040185704827308655 0.03150029480457306 0.17800000309944153 223 255 255
0.040604252368211746 0.03150029480457306 0.17800000309944153 228 255 255
0.04102279990911484 0.031081747263669968 0.17800000309944153 228 255 255
0.0416741669178009 0.030835464596748352 0.17900000512599945 226 255 255
0.0416741669178009 0.030835464596748352 0.17900000512599945 226 255 255
0.041253264993429184 0.030835464596748352 0.17900000512599945 224 255 255
0.040604252368211746 0.031081747263669968 0.17800000309944153 223 255 255
0.040185704827308655 0.03150029480457306 0.17800000309944153 223 255 255
0.03976715728640556 0.03150029480457306 0.17800000309944153 191 225 231
0.03934860974550247 0.03191884234547615 0.17800000309944153 199 234 235
0.03893006220459938 0.03191884234547615 0.17800000309944153 163 197 203
0.03851151093840599 0.03191884234547615 0.17800000309944153 100 134 140
0.0380929633975029 0.03191884234547615 0.17800000309944153 105 140 143
0.03767441585659981 0.03191884234547615 0.17800000309944153 216 251 254
0.037255868315696716 0.03150029480457306 0.17800000309944153 220 253 255
0.036837320774793625 0.03150029480457306 0.17800000309944153 230 255 255
0.03641877323389053 0.03150029480457306 0.17800000309944153 231 255 255
0.03600022569298744 0.03150029480457306 0.17800000309944153 231 255 255
0.03558167442679405 0.03150029480457306 0.17800000309944153 230 255 255
0.03516312688589096 0.03150029480457306 0.17800000309944153 227 255 255
0.03269881010055542 0.031974051147699356 0.17599999904632568 158 189 187
0.03228496387600899 0.031974051147699356 0.17599999904632568 129 160 158
0.031871117651462555 0.031974051147699356 0.17599999904632568 168 195 186
0.03145727515220642 0.031974051147699356 0.17599999904632568 172 199 190
0.03104342892765999 0.031974051147699356 0.17599999904632568 175 199 187
0.030629582703113556 0.031974051147699356 0.17599999904632568 174 198 186
0.030215736478567123 0.031974051147699356 0.17599999904632568 171 189 185
0.0292210690677166 0.03220387175679207 0.17499999701976776 207 238 238
0.028809575363993645 0.03220387175679207 0.17499999701976776 212 243 243
0.028560355305671692 0.03238789364695549 0.17599999904632568 205 238 242
0.02814651094377041 0.03238789364695549 0.17599999904632568 191 224 228
0.027732664719223976 0.03238789364695549 0.17599999904632568 150 179 189
0.027318820357322693 0.03238789364695549 0.17599999904632568 103 132 142
0.02690497413277626 0.03238789364695549 0.17599999904632568 207 238 254
0.022312788292765617 0.032519061118364334 0.17900000512599945 154 190 198
0.021590938791632652 0.032277483493089676 0.18000000715255737 205 248 255
0.021167688071727753 0.032277483493089676 0.18000000715255737 200 243 255
0.02085968293249607 0.03203119710087776 0.1809999942779541 161 195 213
0.020434081554412842 0.03203119710087776 0.1809999942779541 181 215 233
0.020008478313684464 0.03203119710087776 0.1809999942779541 187 214 227
0.019582876935601234 0.03203119710087776 0.1809999942779541 184 211 224
0.0188351608812809 0.032208167016506195 0.18199999630451202 176 203 216
0.01840720698237419 0.032208167016506195 0.18199999630451202 160 189 199
