0.04312480613589287 0.02532717026770115 0.17299999296665192 231 253 255
0.04271801561117172 0.025733960792422295 0.17299999296665192 224 251 255
0.04166220873594284 0.026394089683890343 0.1720000058412552 214 242 255
0.041257768869400024 0.02679852955043316 0.1720000058412552 196 225 237
0.04085332900285721 0.02679852955043316 0.1720000058412552 169 197 201
0.04044888913631439 0.02679852955043316 0.1720000058412552 124 152 156
0.040044449269771576 0.02679852955043316 0.1720000058412552 218 255 255
0.03964000940322876 0.026394089683890343 0.1720000058412552 231 255 255
0.039235569536685944 0.025989649817347527 0.1720000058412552 231 254 255
0.03883112967014313 0.025989649817347527 0.1720000058412552 234 255 255
0.03842668980360031 0.025989649817347527 0.1720000058412552 233 255 255
0.038022249937057495 0.025989649817347527 0.1720000058412552 232 255 255
0.03739910200238228 0.025838546454906464 0.17100000381469727 222 255 255
0.03699701651930809 0.02624063566327095 0.17100000381469727 216 255 255
0.036594927310943604 0.02624063566327095 0.17100000381469727 216 255 255
0.035581447184085846 0.026087181642651558 0.17000000178813934 198 230 252
0.03518170863389969 0.026486918330192566 0.17000000178813934 199 231 249
0.03478197380900383 0.026886655017733574 0.17000000178813934 152 187 202
0.03458448499441147 0.027044812217354774 0.17100000381469727 157 192 207
0.033982500433921814 0.027286391705274582 0.17000000178813934 217 255 255
0.03358276188373566 0.027286391705274582 0.17000000178813934 217 255 255
0.0331830270588398 0.027286391705274582 0.17000000178813934 214 255 255
0.03278328850865364 0.027286391705274582 0.17000000178813934 211 255 255
0.03219306096434593 0.027125883847475052 0.16899999976158142 209 255 255
0.031795673072338104 0.027125883847475052 0.16899999976158142 204 253 255
0.031398288905620575 0.027125883847475052 0.16899999976158142 198 240 255
0.031000902876257896 0.027125883847475052 0.16899999976158142 185 227 244
0.03078460320830345 0.02768613025546074 0.17000000178813934 199 243 255
0.030384866520762444 0.02768613025546074 0.17000000178813934 192 236 254
0.029985129833221436 0.02768613025546074 0.17000000178813934 151 197 219
0.029585393145680428 0.02768613025546074 0.17000000178813934 90 136 158
0.029585393145680428 0.02768613025546074 0.17000000178813934 90 136 158
0.029985129833221436 0.02768613025546074 0.17000000178813934 151 197 219
0.030384866520762444 0.02768613025546074 0.17000000178813934 192 236 254
0.03078460320830345 0.02768613025546074 0.17000000178813934 199 243 255
0.031000902876257896 0.027125883847475052 0.16899999976158142 185 227 244
0.031398288905620575 0.027125883847475052 0.16899999976158142 198 240 255
0.031795673072338104 0.027125883847475052 0.16899999976158142 204 253 255
0.03219306096434593 0.027125883847475052 0.16899999976158142 209 255 255
0.03278328850865364 0.027286391705274582 0.17000000178813934 211 255 255
0.0331830270588398 0.027286391705274582 0.17000000178813934 214 255 255
0.03358276188373566 0.027286391705274582 0.17000000178813934 217 255 255
0.033982500433921814 0.027286391705274582 0.17000000178813934 217 255 255
0.03458448499441147 0.027044812217354774 0.17100000381469727 157 192 207
0.03478197380900383 0.026886655017733574 0.17000000178813934 152 187 202
0.03518170863389969 0.026886655017733574 0.17000000178813934 180 213 226
0.035581447184085846 0.026486918330192566 0.17000000178813934 219 251 255
0.036594927310943604 0.02624063566327095 0.17100000381469727 216 255 255
0.03699701651930809 0.02624063566327095 0.17100000381469727 216 255 255
0.03739910200238228 0.025838546454906464 0.17100000381469727 222 255 255
0.038022249937057495 0.025989649817347527 0.1720000058412552 232 255 255
0.03842668980360031 0.025989649817347527 0.1720000058412552 233 255 255
0.03883112967014313 0.025989649817347527 0.1720000058412552 234 255 255
0.039235569536685944 0.026394089683890343 0.1720000058412552 227 255 255
0.03964000940322876 0.02679852955043316 0.1720000058412552 219 255 255
0.040044449269771576 0.027202969416975975 0.1720000058412552 223 255 255
0.04044888913631439 0.02679852955043316 0.1720000058412552 124 152 156
0.04085332900285721 0.02679852955043316 0.1720000058412552 169 197 201
0.041257768869400024 0.02679852955043316 0.1720000058412552 196 225 237
0.04166220873594284 0.02679852955043316 0.1720000058412552 193 222 234
0.04206664860248566 0.026394089683890343 0.1720000058412552 233 255 255
0.04312480613589287 0.025733960792422295 0.17299999296665192 239 255 255
0.043531596660614014 0.02532717026770115 0.17299999296665192 239 255 255
0.0441923663020134 0.025473570451140404 0.17399999499320984 242 255 255
0.045114170759916306 0.025766368955373764 0.17599999904632568 242 255 255
0.045786697417497635 0.02591276913881302 0.1770000010728836 241 255 255
0.045786697417497635 0.02591276913881302 0.1770000010728836 241 255 255
0.045114170759916306 0.025766368955373764 0.17599999904632568 242 255 255
0.0441923663020134 0.025473570451140404 0.17399999499320984 242 255 255
0.043531596660614014 0.02532717026770115 0.17299999296665192 239 255 255
