0.1078631579875946 0.004368990194052458 0.16500000655651093 145 108 103
0.10825113952159882 0.004368990194052458 0.16500000655651093 142 105 100
0.10798069834709167 0.004342511761933565 0.164000004529953 141 99 98
0.10836632549762726 0.004342511761933565 0.164000004529953 119 77 76
0.0844283327460289 0.003920896910130978 0.13600000739097595 126 88 81
0.08474812656641006 0.003920896910130978 0.13600000739097595 129 91 84
0.08569341152906418 0.003949726931750774 0.13699999451637268 137 95 92
0.10839477181434631 0.004958781413733959 0.1720000058412552 107 65 62
0.1081666573882103 0.004929950926452875 0.17100000381469727 111 69 66
0.10773620754480362 0.004785800352692604 0.16599999368190765 156 120 112
0.1074751764535904 0.004756970331072807 0.16500000655651093 156 120 112
0.1078631579875946 0.004756970331072807 0.16500000655651093 149 122 116
0.10825113952159882 0.004756970331072807 0.16500000655651093 142 115 109
0.10798069834709167 0.0047281403094530106 0.164000004529953 134 103 101
0.10836632549762726 0.0047281403094530106 0.164000004529953 133 102 100
0.10808883607387543 0.004699310287833214 0.16300000250339508 138 99 97
0.10847210884094238 0.004699310287833214 0.16300000250339508 110 71 69
0.10818756371736526 0.00467047980055213 0.16200000047683716 106 65 59
0.10856848955154419 0.00467047980055213 0.16200000047683716 102 61 55
0.06962169706821442 0.004334230907261372 0.13899999856948853 69 25 36
0.08314917981624603 0.004240686539560556 0.13600000739097595 166 119 118
0.0834689661860466 0.004240686539560556 0.13600000739097595 163 116 115
0.08378876000642776 0.004240686539560556 0.13600000739097595 157 120 115
0.08410854637622833 0.004240686539560556 0.13600000739097595 153 116 111
0.0844283327460289 0.004240686539560556 0.13600000739097595 142 110 104
0.08474812656641006 0.004240686539560556 0.13600000739097595 137 105 99
0.08506791293621063 0.004240686539560556 0.13600000739097595 137 105 99
0.08601555228233337 0.00427186768501997 0.13699999451637268 137 105 99
0.08633770048618317 0.00427186768501997 0.13699999451637268 140 99 91
0.08665984123945236 0.00427186768501997 0.13699999451637268 128 87 79
0.10734587907791138 0.005176132079213858 0.16599999368190765 135 97 90
0.10773620754480362 0.005176132079213858 0.16599999368190765 145 113 109
0.1074751764535904 0.005144950468093157 0.16500000655651093 141 109 105
0.1078631579875946 0.005144950468093157 0.16500000655651093 139 111 108
0.09020338952541351 0.00427186768501997 0.13699999451637268 138 111 105
0.09052553027868271 0.00427186768501997 0.13699999451637268 132 105 99
0.0908476710319519 0.00427186768501997 0.13699999451637268 135 103 99
0.10818756371736526 0.005051405634731054 0.16200000047683716 113 78 73
0.10856848955154419 0.005051405634731054 0.16200000047683716 122 87 82
0.10894941538572311 0.005051405634731054 0.16200000047683716 137 100 95
0.10865546017885208 0.005020224489271641 0.16099999845027924 139 102 97
0.10903403908014297 0.005020224489271641 0.16099999845027924 143 106 101
0.10941261053085327 0.005020224489271641 0.16099999845027924 128 91 86
0.10979118943214417 0.005020224489271641 0.16099999845027924 113 78 73
0.11016976088285446 0.005020224489271641 0.16099999845027924 108 73 68
0.11054833233356476 0.005020224489271641 0.16099999845027924 106 70 58
0.11161589622497559 0.005051405634731054 0.16200000047683716 111 75 63
0.06546695530414581 0.004862272180616856 0.14499999582767487 206 164 163
0.06580790132284164 0.004862272180616856 0.14499999582767487 197 155 154
0.06569265574216843 0.004828739445656538 0.14399999380111694 182 140 137
0.06603125482797623 0.004828739445656538 0.14399999380111694 160 118 115
0.0684765949845314 0.004694607574492693 0.14000000059604645 218 174 174
0.06880579143762589 0.004694607574492693 0.14000000059604645 216 172 172
0.06913498044013977 0.004694607574492693 0.14000000059604645 203 168 180
0.06946417689323425 0.004694607574492693 0.14000000059604645 196 161 173
0.06929484754800797 0.004661074839532375 0.13899999856948853 181 156 166
0.06962169706821442 0.004661074839532375 0.13899999856948853 170 145 155
0.06994853913784027 0.004661074839532375 0.13899999856948853 165 132 135
0.0825095996260643 0.004560476168990135 0.13600000739097595 176 133 137
0.08282938599586487 0.004560476168990135 0.13600000739097595 168 125 129
0.08314917981624603 0.004560476168990135 0.13600000739097595 156 119 116
0.0834689661860466 0.004560476168990135 0.13600000739097595 150 113 110
0.08378876000642776 0.004560476168990135 0.13600000739097595 148 116 112
0.08410854637622833 0.004560476168990135 0.13600000739097595 146 114 110
0.0844283327460289 0.004560476168990135 0.13600000739097595 143 113 106
0.08474812656641006 0.004560476168990135 0.13600000739097595 137 107 100
0.08506791293621063 0.004560476168990135 0.13600000739097595 133 104 94
0.08601555228233337 0.004594008903950453 0.13699999451637268 127 98 88
0.08633770048618317 0.004594008903950453 0.13699999451637268 127 91 79
0.08665984123945236 0.004594008903950453 0.13699999451637268 123 87 75
0.08698198199272156 0.004594008903950453 0.13699999451637268 128 90 79
0.08730412274599075 0.004594008903950453 0.13699999451637268 110 72 61
0.08891482651233673 0.004594008903950453 0.13699999451637268 145 114 112
0.08923696726560593 0.004594008903950453 0.13699999451637268 136 105 103
0.08955910801887512 0.004594008903950453 0.13699999451637268 133 107 103
0.08988124877214432 0.004594008903950453 0.13699999451637268 133 107 103
0.09020338952541351 0.004594008903950453 0.13699999451637268 136 111 104
0.09052553027868271 0.004594008903950453 0.13699999451637268 133 108 101
0.0908476710319519 0.004594008903950453 0.13699999451637268 127 100 94
0.0911698117852211 0.004594008903950453 0.13699999451637268 122 95 89
0.09215977787971497 0.00462754163891077 0.1379999965429306 119 89 82
0.09248427301645279 0.00462754163891077 0.1379999965429306 122 92 85
0.09280876070261002 0.00462754163891077 0.1379999965429306 128 96 92
0.11161589622497559 0.005432331468909979 0.16200000047683716 107 76 63
0.06478504836559296 0.005203224252909422 0.14499999582767487 229 186 188
0.06512600183486938 0.005203224252909422 0.14499999582767487 222 179 181
0.06546695530414581 0.005203224252909422 0.14499999582767487 210 177 176
0.06580790132284164 0.005203224252909422 0.14499999582767487 198 165 164
0.06569265574216843 0.0051673399284482 0.14399999380111694 179 148 148
0.06603125482797623 0.0051673399284482 0.14399999380111694 179 148 148
0.06590895354747772 0.0051314556039869785 0.14300000667572021 174 138 140
0.06624520570039749 0.0051314556039869785 0.14300000667572021 153 117 119
0.06811923533678055 0.005095571279525757 0.1420000046491623 245 206 202
0.06830261647701263 0.005059686955064535 0.14100000262260437 255 218 215
0.06863416731357574 0.005059686955064535 0.14100000262260437 250 213 210
0.0684765949845314 0.0050238026306033134 0.14000000059604645 240 204 208
0.06880579143762589 0.0050238026306033134 0.14000000059604645 232 196 200
0.06913498044013977 0.0050238026306033134 0.14000000059604645 220 192 203
0.06896800547838211 0.004987918306142092 0.13899999856948853 214 186 197
0.06929484754800797 0.004987918306142092 0.13899999856948853 205 182 194
0.06962169706821442 0.004987918306142092 0.13899999856948853 203 180 192
0.06994853913784027 0.004987918306142092 0.13899999856948853 198 176 180
0.06976979970932007 0.00495203398168087 0.1379999965429306 195 173 177
0.07009429484605789 0.00495203398168087 0.1379999965429306 198 167 167
0.07041878998279572 0.00495203398168087 0.1379999965429306 188 157 157
0.07074327766895294 0.00495203398168087 0.1379999965429306 170 125 130
0.07106777280569077 0.00495203398168087 0.1379999965429306 99 54 59
0.07506275922060013 0.004916149657219648 0.13699999451637268 158 121 128
0.07538489997386932 0.004916149657219648 0.13699999451637268 156 120 122
0.07570704072713852 0.004916149657219648 0.13699999451637268 151 115 117
0.07579401880502701 0.004880265332758427 0.13600000739097595 114 66 72
0.07999828457832336 0.004844381473958492 0.13500000536441803 120 73 72
0.0803157165646553 0.004844381473958492 0.13500000536441803 119 72 71
0.08063315600156784 0.004844381473958492 0.13500000536441803 107 71 71
0.08095059543848038 0.004844381473958492 0.13500000536441803 172 136 136
0.08126803487539291 0.004844381473958492 0.13500000536441803 184 153 153
0.08218980580568314 0.004880265332758427 0.13600000739097595 179 148 148
0.0825095996260643 0.004880265332758427 0.13600000739097595 174 143 143
0.08282938599586487 0.004880265332758427 0.13600000739097595 162 131 131
0.08314917981624603 0.004880265332758427 0.13600000739097595 152 119 118
0.0834689661860466 0.004880265332758427 0.13600000739097595 146 113 112
0.08378876000642776 0.004880265332758427 0.13600000739097595 142 110 106
0.08410854637622833 0.004880265332758427 0.13600000739097595 141 109 105
0.0844283327460289 0.004880265332758427 0.13600000739097595 137 107 100
0.08474812656641006 0.004880265332758427 0.13600000739097595 133 103 96
0.08506791293621063 0.004880265332758427 0.13600000739097595 129 100 90
0.0853877067565918 0.004880265332758427 0.13600000739097595 126 97 87
0.08633770048618317 0.004916149657219648 0.13699999451637268 124 93 80
0.08665984123945236 0.004916149657219648 0.13699999451637268 119 88 75
0.08698198199272156 0.004916149657219648 0.13699999451637268 123 89 77
0.08730412274599075 0.004916149657219648 0.13699999451637268 116 82 70
0.08762626349925995 0.004916149657219648 0.13699999451637268 140 106 96
0.08827054500579834 0.004916149657219648 0.13699999451637268 151 119 113
0.08859268575906754 0.004916149657219648 0.13699999451637268 145 113 107
0.08891482651233673 0.004916149657219648 0.13699999451637268 138 110 107
0.08923696726560593 0.004916149657219648 0.13699999451637268 141 113 110
0.08955910801887512 0.004916149657219648 0.13699999451637268 138 112 108
0.08988124877214432 0.004916149657219648 0.13699999451637268 138 112 108
0.09020338952541351 0.004916149657219648 0.13699999451637268 131 106 99
0.09052553027868271 0.004916149657219648 0.13699999451637268 127 102 95
0.0908476710319519 0.004916149657219648 0.13699999451637268 124 99 92
0.0911698117852211 0.004916149657219648 0.13699999451637268 122 97 90
0.09215977787971497 0.00495203398168087 0.1379999965429306 120 90 83
0.09248427301645279 0.00495203398168087 0.1379999965429306 111 81 74
0.09280876070261002 0.00495203398168087 0.1379999965429306 132 101 99
0.09313325583934784 0.00495203398168087 0.1379999965429306 134 103 101
0.09345774352550507 0.00495203398168087 0.1379999965429306 131 105 103
0.09378223866224289 0.00495203398168087 0.1379999965429306 127 101 99
0.06420192867517471 0.005582412239164114 0.1459999978542328 255 210 208
0.06454523652791977 0.005582412239164114 0.1459999978542328 255 213 221
0.06488853693008423 0.005582412239164114 0.1459999978542328 243 195 203
0.06478504836559296 0.005544176325201988 0.14499999582767487 234 196 200
0.06512600183486938 0.005544176325201988 0.14499999582767487 220 182 186
0.06546695530414581 0.005544176325201988 0.14499999582767487 198 170 171
0.06580790132284164 0.005544176325201988 0.14499999582767487 182 154 155
0.06569265574216843 0.00550594087690115 0.14399999380111694 182 154 155
0.06603125482797623 0.00550594087690115 0.14399999380111694 182 154 155
0.06590895354747772 0.005467704962939024 0.14300000667572021 165 137 138
0.06624520570039749 0.005467704962939024 0.14300000667572021 173 145 146
0.06658145785331726 0.005467704962939024 0.14300000667572021 181 141 144
0.06644974648952484 0.0054294695146381855 0.1420000046491623 161 121 124
0.06811923533678055 0.0054294695146381855 0.1420000046491623 255 240 237
0.06797107309103012 0.00539123360067606 0.14100000262260437 255 241 238
0.06830261647701263 0.00539123360067606 0.14100000262260437 242 214 215
0.06863416731357574 0.00539123360067606 0.14100000262260437 237 209 210
0.0684765949845314 0.005352998152375221 0.14000000059604645 219 187 194
0.06880579143762589 0.005352998152375221 0.14000000059604645 218 186 193
0.06913498044013977 0.005352998152375221 0.14000000059604645 211 186 194
0.06896800547838211 0.0053147622384130955 0.13899999856948853 209 184 192
0.06929484754800797 0.0053147622384130955 0.13899999856948853 204 183 190
0.06962169706821442 0.0053147622384130955 0.13899999856948853 194 173 180
0.06994853913784027 0.0053147622384130955 0.13899999856948853 194 177 179
0.06976979970932007 0.00527652632445097 0.1379999965429306 199 182 184
0.07009429484605789 0.00527652632445097 0.1379999965429306 196 174 178
0.07041878998279572 0.00527652632445097 0.1379999965429306 186 164 168
0.07074327766895294 0.00527652632445097 0.1379999965429306 177 145 150
0.07106777280569077 0.00527652632445097 0.1379999965429306 138 106 111
0.07139226794242859 0.00527652632445097 0.1379999965429306 84 51 54
0.07171675562858582 0.00527652632445097 0.1379999965429306 149 116 119
0.07204125076532364 0.00527652632445097 0.1379999965429306 198 169 175
0.07236573845148087 0.00527652632445097 0.1379999965429306 198 169 175
0.07216349244117737 0.005238290876150131 0.13699999451637268 192 167 179
0.07248563319444656 0.005238290876150131 0.13699999451637268 186 161 173
0.07280777394771576 0.005238290876150131 0.13699999451637268 183 158 168
0.07377419620752335 0.005238290876150131 0.13699999451637268 179 151 160
0.07409633696079254 0.005238290876150131 0.13699999451637268 174 145 151
0.07441847771406174 0.005238290876150131 0.13699999451637268 170 141 147
0.07474061846733093 0.005238290876150131 0.13699999451637268 170 141 145
0.07506275922060013 0.005238290876150131 0.13699999451637268 167 138 142
0.07538489997386932 0.005238290876150131 0.13699999451637268 168 137 137
0.07570704072713852 0.005238290876150131 0.13699999451637268 162 131 131
0.07579401880502701 0.0052000549621880054 0.13600000739097595 158 120 122
0.07995127886533737 0.0052000549621880054 0.13600000739097595 166 130 120
0.07968084514141083 0.005161819513887167 0.13500000536441803 159 123 113
0.07999828457832336 0.005161819513887167 0.13500000536441803 142 110 104
0.0803157165646553 0.005161819513887167 0.13500000536441803 148 116 110
0.08063315600156784 0.005161819513887167 0.13500000536441803 125 97 94
0.08095059543848038 0.005161819513887167 0.13500000536441803 143 115 112
0.08126803487539291 0.005161819513887167 0.13500000536441803 184 156 155
0.08158547431230545 0.005161819513887167 0.13500000536441803 179 151 150
0.08190291374921799 0.005161819513887167 0.13500000536441803 168 137 135
0.08222034573554993 0.005161819513887167 0.13500000536441803 157 126 124
0.08314917981624603 0.0052000549621880054 0.13600000739097595 152 122 117
0.0834689661860466 0.0052000549621880054 0.13600000739097595 144 114 109
0.08378876000642776 0.0052000549621880054 0.13600000739097595 139 109 102
0.08410854637622833 0.0052000549621880054 0.13600000739097595 136 106 99
0.0844283327460289 0.0052000549621880054 0.13600000739097595 131 101 94
0.08474812656641006 0.0052000549621880054 0.13600000739097595 127 97 90
0.08506791293621063 0.0052000549621880054 0.13600000739097595 124 98 85
0.0853877067565918 0.0052000549621880054 0.13600000739097595 127 101 88
0.08633770048618317 0.005238290876150131 0.13699999451637268 124 98 83
0.08665984123945236 0.005238290876150131 0.13699999451637268 117 91 76
0.08698198199272156 0.005238290876150131 0.13699999451637268 126 95 84
0.08730412274599075 0.005238290876150131 0.13699999451637268 140 109 98
0.08762626349925995 0.005238290876150131 0.13699999451637268 148 117 106
0.08794840425252914 0.005238290876150131 0.13699999451637268 147 116 105
0.08827054500579834 0.005238290876150131 0.13699999451637268 148 117 108
0.08859268575906754 0.005238290876150131 0.13699999451637268 147 116 107
0.08891482651233673 0.005238290876150131 0.13699999451637268 138 112 108
0.08923696726560593 0.005238290876150131 0.13699999451637268 136 110 106
0.08955910801887512 0.005238290876150131 0.13699999451637268 136 113 108
0.08988124877214432 0.005238290876150131 0.13699999451637268 134 111 106
0.09020338952541351 0.005238290876150131 0.13699999451637268 124 102 92
0.09052553027868271 0.005238290876150131 0.13699999451637268 126 104 94
0.0908476710319519 0.005238290876150131 0.13699999451637268 125 103 93
0.0911698117852211 0.005238290876150131 0.13699999451637268 122 100 90
0.09215977787971497 0.00527652632445097 0.1379999965429306 127 97 90
0.09248427301645279 0.00527652632445097 0.1379999965429306 116 86 79
0.09280876070261002 0.00527652632445097 0.1379999965429306 119 88 86
0.09313325583934784 0.00527652632445097 0.1379999965429306 126 95 93
0.09345774352550507 0.00527652632445097 0.1379999965429306 127 101 101
0.09378223866224289 0.00527652632445097 0.1379999965429306 128 102 102
0.09410673379898071 0.00527652632445097 0.1379999965429306 124 98 96
0.09511550515890121 0.0053147622384130955 0.13899999856948853 119 93 91
0.06395035982131958 0.005966302938759327 0.1469999998807907 255 219 210
0.06385862827301025 0.005925715435296297 0.1459999978542328 255 219 224
0.06420192867517471 0.005925715435296297 0.1459999978542328 255 221 226
0.06454523652791977 0.005925715435296297 0.1459999978542328 254 213 223
0.06444409489631653 0.0058851283974945545 0.14499999582767487 230 189 199
0.06478504836559296 0.0058851283974945545 0.14499999582767487 220 186 194
0.06512600183486938 0.0058851283974945545 0.14499999582767487 215 181 189
0.06546695530414581 0.0058851283974945545 0.14499999582767487 188 161 164
0.06580790132284164 0.0058851283974945545 0.14499999582767487 190 163 166
0.06569265574216843 0.005844541359692812 0.14399999380111694 191 165 165
0.06603125482797623 0.005844541359692812 0.14399999380111694 192 166 166
0.06590895354747772 0.005803954321891069 0.14300000667572021 194 166 167
0.06624520570039749 0.005803954321891069 0.14300000667572021 182 154 155
0.06658145785331726 0.005803954321891069 0.14300000667572021 178 142 144
0.06644974648952484 0.005763367284089327 0.1420000046491623 182 146 148
0.06745143979787827 0.005763367284089327 0.1420000046491623 183 143 144
0.0677853375673294 0.005763367284089327 0.1420000046491623 255 233 234
0.06811923533678055 0.005763367284089327 0.1420000046491623 255 248 242
0.06797107309103012 0.005722780246287584 0.14100000262260437 255 245 239
0.06830261647701263 0.005722780246287584 0.14100000262260437 255 237 237
0.06863416731357574 0.005722780246287584 0.14100000262260437 241 215 215
0.0684765949845314 0.005682193208485842 0.14000000059604645 226 193 204
0.06880579143762589 0.005682193208485842 0.14000000059604645 224 191 202
0.06913498044013977 0.005682193208485842 0.14000000059604645 216 188 197
0.06896800547838211 0.005641606170684099 0.13899999856948853 212 184 193
0.06929484754800797 0.005641606170684099 0.13899999856948853 204 187 187
0.06962169706821442 0.005641606170684099 0.13899999856948853 204 187 187
0.06944531202316284 0.005601019132882357 0.1379999965429306 206 191 190
0.06976979970932007 0.005601019132882357 0.1379999965429306 198 183 182
0.07009429484605789 0.005601019132882357 0.1379999965429306 187 167 170
0.07041878998279572 0.005601019132882357 0.1379999965429306 181 161 164
0.07074327766895294 0.005601019132882357 0.1379999965429306 170 143 146
0.07106777280569077 0.005601019132882357 0.1379999965429306 151 124 127
0.07139226794242859 0.005601019132882357 0.1379999965429306 140 109 111
0.07171675562858582 0.005601019132882357 0.1379999965429306 181 150 152
0.07204125076532364 0.005601019132882357 0.1379999965429306 206 179 182
0.07236573845148087 0.005601019132882357 0.1379999965429306 206 179 182
0.07216349244117737 0.005560431629419327 0.13699999451637268 198 173 181
0.07248563319444656 0.005560431629419327 0.13699999451637268 186 161 169
0.07280777394771576 0.005560431629419327 0.13699999451637268 176 152 156
0.07312991470098495 0.005560431629419327 0.13699999451637268 171 147 151
0.07345205545425415 0.005560431629419327 0.13699999451637268 170 144 144
0.07377419620752335 0.005560431629419327 0.13699999451637268 165 139 139
0.07409633696079254 0.005560431629419327 0.13699999451637268 166 138 137
0.07441847771406174 0.005560431629419327 0.13699999451637268 166 138 137
0.07474061846733093 0.005560431629419327 0.13699999451637268 164 136 133
0.07506275922060013 0.005560431629419327 0.13699999451637268 163 135 132
0.07538489997386932 0.005560431629419327 0.13699999451637268 160 129 127
0.07570704072713852 0.005560431629419327 0.13699999451637268 160 129 127
0.07547422498464584 0.005519844591617584 0.13600000739097595 163 127 127
0.07579401880502701 0.005519844591617584 0.13600000739097595 158 122 122
0.07611380517482758 0.005519844591617584 0.13600000739097595 126 82 80
0.07643359899520874 0.005519844591617584 0.13600000739097595 108 64 62
0.07803254574537277 0.005519844591617584 0.13600000739097595 180 139 131
0.07835233211517334 0.005519844591617584 0.13600000739097595 180 139 131
0.0786721259355545 0.005519844591617584 0.13600000739097595 177 141 133
0.07899191230535507 0.005519844591617584 0.13600000739097595 172 136 128
0.07931170612573624 0.005519844591617584 0.13600000739097595 159 128 119
0.0796314924955368 0.005519844591617584 0.13600000739097595 155 124 115
0.07995127886533737 0.005519844591617584 0.13600000739097595 147 118 108
0.07968084514141083 0.005479257553815842 0.13500000536441803 150 121 111
0.07999828457832336 0.005479257553815842 0.13500000536441803 150 121 111
0.0803157165646553 0.005479257553815842 0.13500000536441803 144 115 105
0.08063315600156784 0.005479257553815842 0.13500000536441803 127 100 94
0.08095059543848038 0.005479257553815842 0.13500000536441803 125 98 92
0.08126803487539291 0.005479257553815842 0.13500000536441803 145 118 112
0.08158547431230545 0.005479257553815842 0.13500000536441803 156 129 123
0.08190291374921799 0.005479257553815842 0.13500000536441803 144 117 109
0.08222034573554993 0.005479257553815842 0.13500000536441803 141 114 106
0.08253778517246246 0.005479257553815842 0.13500000536441803 141 112 102
0.0834689661860466 0.005519844591617584 0.13600000739097595 136 107 97
0.08378876000642776 0.005519844591617584 0.13600000739097595 136 107 97
0.08410854637622833 0.005519844591617584 0.13600000739097595 133 104 94
0.0844283327460289 0.005519844591617584 0.13600000739097595 131 102 92
0.08474812656641006 0.005519844591617584 0.13600000739097595 130 101 91
0.08506791293621063 0.005519844591617584 0.13600000739097595 125 96 86
0.0853877067565918 0.005519844591617584 0.13600000739097595 129 100 90
0.08570749312639236 0.005519844591617584 0.13600000739097595 122 96 85
0.08665984123945236 0.005560431629419327 0.13699999451637268 115 89 78
0.08698198199272156 0.005560431629419327 0.13699999451637268 119 90 78
0.08730412274599075 0.005560431629419327 0.13699999451637268 123 94 82
0.08762626349925995 0.005560431629419327 0.13699999451637268 142 108 98
0.08794840425252914 0.005560431629419327 0.13699999451637268 143 109 99
0.08827054500579834 0.005560431629419327 0.13699999451637268 147 116 107
0.08859268575906754 0.005560431629419327 0.13699999451637268 148 117 108
0.08891482651233673 0.005560431629419327 0.13699999451637268 144 118 116
0.08923696726560593 0.005560431629419327 0.13699999451637268 136 110 108
0.08955910801887512 0.005560431629419327 0.13699999451637268 134 111 106
0.08988124877214432 0.005560431629419327 0.13699999451637268 127 104 99
0.09020338952541351 0.005560431629419327 0.13699999451637268 124 102 92
0.09052553027868271 0.005560431629419327 0.13699999451637268 126 104 94
0.0908476710319519 0.005560431629419327 0.13699999451637268 128 103 94
0.0911698117852211 0.005560431629419327 0.13699999451637268 124 99 90
0.09215977787971497 0.005601019132882357 0.1379999965429306 120 88 82
0.09248427301645279 0.005601019132882357 0.1379999965429306 119 87 81
0.09280876070261002 0.005601019132882357 0.1379999965429306 111 81 76
0.09313325583934784 0.005601019132882357 0.1379999965429306 127 97 92
0.09345774352550507 0.005601019132882357 0.1379999965429306 123 97 95
0.09378223866224289 0.005601019132882357 0.1379999965429306 127 101 99
0.09410673379898071 0.005601019132882357 0.1379999965429306 121 95 93
0.09511550515890121 0.005641606170684099 0.13899999856948853 116 90 88
0.09544235467910767 0.005641606170684099 0.13899999856948853 120 85 80
0.09576919674873352 0.005641606170684099 0.13899999856948853 113 78 73
0.06395035982131958 0.006311957724392414 0.1469999998807907 255 223 219
0.06385862827301025 0.0062690190970897675 0.1459999978542328 255 232 240
0.06420192867517471 0.0062690190970897675 0.1459999978542328 255 223 231
0.06454523652791977 0.0062690190970897675 0.1459999978542328 248 209 218
0.06444409489631653 0.006226080935448408 0.14499999582767487 226 187 196
0.06478504836559296 0.006226080935448408 0.14499999582767487 216 181 193
0.06512600183486938 0.006226080935448408 0.14499999582767487 206 171 183
0.06546695530414581 0.006226080935448408 0.14499999582767487 191 163 172
0.06535405665636063 0.0061831423081457615 0.14399999380111694 191 163 172
0.06569265574216843 0.0061831423081457615 0.14399999380111694 190 167 166
0.06603125482797623 0.0061831423081457615 0.14399999380111694 191 168 167
0.06590895354747772 0.006140203680843115 0.14300000667572021 195 169 169
0.06624520570039749 0.006140203680843115 0.14300000667572021 198 172 172
0.06658145785331726 0.006140203680843115 0.14300000667572021 189 151 153
0.06644974648952484 0.006097265053540468 0.1420000046491623 181 143 145
0.06678364425897598 0.006097265053540468 0.1420000046491623 180 136 136
0.06711754202842712 0.006097265053540468 0.1420000046491623 143 99 99
0.06745143979787827 0.006097265053540468 0.1420000046491623 243 206 201
0.0677853375673294 0.006097265053540468 0.1420000046491623 255 244 239
0.06763952225446701 0.006054326891899109 0.14100000262260437 255 245 236
0.06797107309103012 0.006054326891899109 0.14100000262260437 255 243 234
0.06830261647701263 0.006054326891899109 0.14100000262260437 255 244 247
0.06863416731357574 0.006054326891899109 0.14100000262260437 251 224 227
0.0684765949845314 0.006011388264596462 0.14000000059604645 247 212 228
0.06880579143762589 0.006011388264596462 0.14000000059604645 234 199 215
0.06913498044013977 0.006011388264596462 0.14000000059604645 210 186 190
0.06896800547838211 0.005968449637293816 0.13899999856948853 207 183 187
0.06929484754800797 0.005968449637293816 0.13899999856948853 209 193 190
0.06962169706821442 0.005968449637293816 0.13899999856948853 212 196 193
0.06944531202316284 0.005925511475652456 0.1379999965429306 210 195 194
0.06976979970932007 0.005925511475652456 0.1379999965429306 207 192 191
0.07009429484605789 0.005925511475652456 0.1379999965429306 189 168 175
0.07041878998279572 0.005925511475652456 0.1379999965429306 166 145 152
0.07074327766895294 0.005925511475652456 0.1379999965429306 153 124 128
0.07106777280569077 0.005925511475652456 0.1379999965429306 144 115 119
0.07139226794242859 0.005925511475652456 0.1379999965429306 143 115 116
0.07171675562858582 0.005925511475652456 0.1379999965429306 179 151 152
0.07204125076532364 0.005925511475652456 0.1379999965429306 208 182 180
0.07236573845148087 0.005925511475652456 0.1379999965429306 206 180 178
0.07216349244117737 0.00588257284834981 0.13699999451637268 186 159 162
0.07248563319444656 0.00588257284834981 0.13699999451637268 164 137 140
0.07280777394771576 0.00588257284834981 0.13699999451637268 162 135 138
0.07312991470098495 0.00588257284834981 0.13699999451637268 168 141 144
0.07345205545425415 0.00588257284834981 0.13699999451637268 168 142 140
0.07377419620752335 0.00588257284834981 0.13699999451637268 159 133 131
0.07409633696079254 0.00588257284834981 0.13699999451637268 160 133 127
0.07441847771406174 0.00588257284834981 0.13699999451637268 160 133 127
0.07474061846733093 0.00588257284834981 0.13699999451637268 160 130 125
0.07506275922060013 0.00588257284834981 0.13699999451637268 158 128 123
0.07538489997386932 0.00588257284834981 0.13699999451637268 158 128 123
0.07570704072713852 0.00588257284834981 0.13699999451637268 155 125 120
0.07547422498464584 0.005839634221047163 0.13600000739097595 156 121 118
0.07579401880502701 0.005839634221047163 0.13600000739097595 151 116 113
0.07611380517482758 0.005839634221047163 0.13600000739097595 138 96 95
0.07643359899520874 0.005839634221047163 0.13600000739097595 134 92 91
0.07803254574537277 0.005839634221047163 0.13600000739097595 168 130 121
0.07835233211517334 0.005839634221047163 0.13600000739097595 166 128 119
0.0786721259355545 0.005839634221047163 0.13600000739097595 153 123 116
0.07899191230535507 0.005839634221047163 0.13600000739097595 153 123 116
0.07931170612573624 0.005839634221047163 0.13600000739097595 151 124 116
0.0796314924955368 0.005839634221047163 0.13600000739097595 153 126 118
0.07995127886533737 0.005839634221047163 0.13600000739097595 148 122 109
0.07968084514141083 0.005796696059405804 0.13500000536441803 141 115 102
0.07999828457832336 0.005796696059405804 0.13500000536441803 141 115 102
0.0803157165646553 0.005796696059405804 0.13500000536441803 137 111 98
0.08063315600156784 0.005796696059405804 0.13500000536441803 129 100 90
0.08095059543848038 0.005796696059405804 0.13500000536441803 127 98 88
0.08126803487539291 0.005796696059405804 0.13500000536441803 126 97 87
0.08158547431230545 0.005796696059405804 0.13500000536441803 136 107 97
0.08190291374921799 0.005796696059405804 0.13500000536441803 139 110 100
0.08222034573554993 0.005796696059405804 0.13500000536441803 136 107 97
0.08253778517246246 0.005796696059405804 0.13500000536441803 138 109 99
0.0834689661860466 0.005839634221047163 0.13600000739097595 136 107 97
0.08378876000642776 0.005839634221047163 0.13600000739097595 134 105 93
0.08410854637622833 0.005839634221047163 0.13600000739097595 132 103 91
0.0844283327460289 0.005839634221047163 0.13600000739097595 132 103 91
0.08474812656641006 0.005839634221047163 0.13600000739097595 130 101 89
0.08506791293621063 0.005839634221047163 0.13600000739097595 123 94 84
0.0853877067565918 0.005839634221047163 0.13600000739097595 123 94 84
0.08570749312639236 0.005839634221047163 0.13600000739097595 122 93 83
0.08665984123945236 0.00588257284834981 0.13699999451637268 119 90 80
0.08698198199272156 0.00588257284834981 0.13699999451637268 117 86 77
0.08730412274599075 0.00588257284834981 0.13699999451637268 117 86 77
0.08762626349925995 0.00588257284834981 0.13699999451637268 135 101 91
0.08794840425252914 0.00588257284834981 0.13699999451637268 141 107 97
0.08827054500579834 0.00588257284834981 0.13699999451637268 142 108 100
0.08859268575906754 0.00588257284834981 0.13699999451637268 148 114 106
0.08891482651233673 0.00588257284834981 0.13699999451637268 141 113 112
0.08923696726560593 0.00588257284834981 0.13699999451637268 135 107 106
0.08955910801887512 0.00588257284834981 0.13699999451637268 132 109 104
0.08988124877214432 0.00588257284834981 0.13699999451637268 126 103 98
0.09020338952541351 0.00588257284834981 0.13699999451637268 125 103 93
0.09052553027868271 0.00588257284834981 0.13699999451637268 127 105 95
0.0908476710319519 0.00588257284834981 0.13699999451637268 129 102 94
0.0911698117852211 0.00588257284834981 0.13699999451637268 125 98 90
0.0914919525384903 0.00588257284834981 0.13699999451637268 117 87 82
0.09248427301645279 0.005925511475652456 0.1379999965429306 117 87 82
0.09280876070261002 0.005925511475652456 0.1379999965429306 111 84 76
0.09313325583934784 0.005925511475652456 0.1379999965429306 115 88 80
0.09345774352550507 0.005925511475652456 0.1379999965429306 120 94 90
0.09378223866224289 0.005925511475652456 0.1379999965429306 122 96 92
0.09410673379898071 0.005925511475652456 0.1379999965429306 119 94 87
0.09511550515890121 0.005968449637293816 0.13899999856948853 114 89 82
0.09544235467910767 0.005968449637293816 0.13899999856948853 116 84 78
0.09576919674873352 0.005968449637293816 0.13899999856948853 110 78 72
0.06360470503568649 0.006657612510025501 0.1469999998807907 255 210 209
0.06395035982131958 0.006657612510025501 0.1469999998807907 255 237 236
0.06385862827301025 0.006612322758883238 0.1459999978542328 255 242 247
0.06420192867517471 0.006612322758883238 0.1459999978542328 255 225 230
0.06454523652791977 0.006612322758883238 0.1459999978542328 243 209 217
0.06444409489631653 0.006567033007740974 0.14499999582767487 222 188 196
0.06478504836559296 0.006567033007740974 0.14499999582767487 210 175 187
0.06512600183486938 0.006567033007740974 0.14499999582767487 212 177 189
0.06546695530414581 0.006567033007740974 0.14499999582767487 187 159 168
0.06535405665636063 0.006521742790937424 0.14399999380111694 190 162 171
0.06569265574216843 0.006521742790937424 0.14399999380111694 195 168 171
0.06603125482797623 0.006521742790937424 0.14399999380111694 194 167 170
0.06590895354747772 0.00647645303979516 0.14300000667572021 193 167 167
0.06624520570039749 0.00647645303979516 0.14300000667572021 194 168 168
0.06658145785331726 0.00647645303979516 0.14300000667572021 182 142 145
0.06644974648952484 0.006431163288652897 0.1420000046491623 179 139 142
0.06678364425897598 0.006431163288652897 0.1420000046491623 177 135 134
0.06711754202842712 0.006431163288652897 0.1420000046491623 160 118 117
0.06745143979787827 0.006431163288652897 0.1420000046491623 255 228 223
0.0677853375673294 0.006431163288652897 0.1420000046491623 255 240 235
0.06763952225446701 0.0063858735375106335 0.14100000262260437 255 238 233
0.06797107309103012 0.0063858735375106335 0.14100000262260437 255 240 235
0.06830261647701263 0.0063858735375106335 0.14100000262260437 255 236 248
0.06863416731357574 0.0063858735375106335 0.14100000262260437 236 206 218
0.0684765949845314 0.006340583320707083 0.14000000059604645 236 201 217
0.06880579143762589 0.006340583320707083 0.14000000059604645 222 187 203
0.06864116340875626 0.006295293569564819 0.13899999856948853 208 180 189
0.06896800547838211 0.006295293569564819 0.13899999856948853 209 181 190
0.06929484754800797 0.006295293569564819 0.13899999856948853 207 188 186
0.06962169706821442 0.006295293569564819 0.13899999856948853 200 181 179
0.06944531202316284 0.006250003818422556 0.1379999965429306 206 187 185
0.06976979970932007 0.006250003818422556 0.1379999965429306 194 175 173
0.07009429484605789 0.006250003818422556 0.1379999965429306 188 161 164
0.07041878998279572 0.006250003818422556 0.1379999965429306 176 149 152
0.07074327766895294 0.006250003818422556 0.1379999965429306 164 133 133
0.07106777280569077 0.006250003818422556 0.1379999965429306 151 120 120
0.07139226794242859 0.006250003818422556 0.1379999965429306 145 114 114
0.07171675562858582 0.006250003818422556 0.1379999965429306 182 151 151
0.07204125076532364 0.006250003818422556 0.1379999965429306 207 179 178
0.07236573845148087 0.006250003818422556 0.1379999965429306 198 170 169
0.07216349244117737 0.006204713601619005 0.13699999451637268 181 153 152
0.07248563319444656 0.006204713601619005 0.13699999451637268 164 136 135
0.07280777394771576 0.006204713601619005 0.13699999451637268 166 135 137
0.07312991470098495 0.006204713601619005 0.13699999451637268 162 131 133
0.07345205545425415 0.006204713601619005 0.13699999451637268 162 131 129
0.07377419620752335 0.006204713601619005 0.13699999451637268 160 129 127
0.07409633696079254 0.006204713601619005 0.13699999451637268 160 130 125
0.07441847771406174 0.006204713601619005 0.13699999451637268 157 127 122
0.07474061846733093 0.006204713601619005 0.13699999451637268 155 125 120
0.07506275922060013 0.006204713601619005 0.13699999451637268 154 124 119
0.07538489997386932 0.006204713601619005 0.13699999451637268 154 124 119
0.07570704072713852 0.006204713601619005 0.13699999451637268 152 122 117
0.07547422498464584 0.006159423850476742 0.13600000739097595 151 116 113
0.07579401880502701 0.006159423850476742 0.13600000739097595 143 108 105
0.07611380517482758 0.006159423850476742 0.13600000739097595 140 98 95
0.07643359899520874 0.006159423850476742 0.13600000739097595 139 97 94
0.07739296555519104 0.006159423850476742 0.13600000739097595 179 141 132
0.07771275192499161 0.006159423850476742 0.13600000739097595 166 128 119
0.07803254574537277 0.006159423850476742 0.13600000739097595 159 122 117
0.07835233211517334 0.006159423850476742 0.13600000739097595 155 118 113
0.0786721259355545 0.006159423850476742 0.13600000739097595 145 115 110
0.07899191230535507 0.006159423850476742 0.13600000739097595 143 113 108
0.07931170612573624 0.006159423850476742 0.13600000739097595 140 115 106
0.0796314924955368 0.006159423850476742 0.13600000739097595 136 111 102
0.07936340570449829 0.006114134099334478 0.13500000536441803 132 106 95
0.07968084514141083 0.006114134099334478 0.13500000536441803 132 106 95
0.07999828457832336 0.006114134099334478 0.13500000536441803 134 105 93
0.0803157165646553 0.006114134099334478 0.13500000536441803 132 103 91
0.08063315600156784 0.006114134099334478 0.13500000536441803 129 95 87
0.08095059543848038 0.006114134099334478 0.13500000536441803 127 93 85
0.08126803487539291 0.006114134099334478 0.13500000536441803 122 88 80
0.08158547431230545 0.006114134099334478 0.13500000536441803 136 102 94
0.08190291374921799 0.006114134099334478 0.13500000536441803 133 102 93
0.08222034573554993 0.006114134099334478 0.13500000536441803 135 104 95
0.08253778517246246 0.006114134099334478 0.13500000536441803 136 107 97
0.082855224609375 0.006114134099334478 0.13500000536441803 133 104 94
0.08378876000642776 0.006159423850476742 0.13600000739097595 133 104 94
0.08410854637622833 0.006159423850476742 0.13600000739097595 131 102 92
0.0844283327460289 0.006159423850476742 0.13600000739097595 131 102 92
0.08474812656641006 0.006159423850476742 0.13600000739097595 132 103 93
0.08506791293621063 0.006159423850476742 0.13600000739097595 125 94 85
0.0853877067565918 0.006159423850476742 0.13600000739097595 121 90 81
0.08570749312639236 0.006159423850476742 0.13600000739097595 120 89 80
0.08665984123945236 0.006204713601619005 0.13699999451637268 118 87 78
0.08698198199272156 0.006204713601619005 0.13699999451637268 117 86 77
0.08730412274599075 0.006204713601619005 0.13699999451637268 120 89 80
0.08762626349925995 0.006204713601619005 0.13699999451637268 134 100 90
0.08794840425252914 0.006204713601619005 0.13699999451637268 139 105 95
0.08827054500579834 0.006204713601619005 0.13699999451637268 144 110 102
0.08859268575906754 0.006204713601619005 0.13699999451637268 146 112 104
0.08891482651233673 0.006204713601619005 0.13699999451637268 137 109 106
0.08923696726560593 0.006204713601619005 0.13699999451637268 134 106 103
0.08955910801887512 0.006204713601619005 0.13699999451637268 128 105 102
0.08988124877214432 0.006204713601619005 0.13699999451637268 125 102 99
0.09020338952541351 0.006204713601619005 0.13699999451637268 125 102 97
0.09052553027868271 0.006204713601619005 0.13699999451637268 127 104 99
0.0908476710319519 0.006204713601619005 0.13699999451637268 123 98 91
0.0911698117852211 0.006204713601619005 0.13699999451637268 120 95 88
0.0914919525384903 0.006204713601619005 0.13699999451637268 118 88 83
0.09248427301645279 0.006250003818422556 0.1379999965429306 113 83 78
0.09280876070261002 0.006250003818422556 0.1379999965429306 113 83 76
0.09313325583934784 0.006250003818422556 0.1379999965429306 112 82 75
0.09345774352550507 0.006250003818422556 0.1379999965429306 114 89 82
0.09378223866224289 0.006250003818422556 0.1379999965429306 117 92 85
0.09478866308927536 0.006295293569564819 0.13899999856948853 114 89 82
0.09511550515890121 0.006295293569564819 0.13899999856948853 115 90 83
0.09544235467910767 0.006295293569564819 0.13899999856948853 117 85 79
0.09576919674873352 0.006295293569564819 0.13899999856948853 111 79 73
0.09609603881835938 0.006295293569564819 0.13899999856948853 107 71 59
0.09642288088798523 0.006295293569564819 0.13899999856948853 106 70 58
0.06360470503568649 0.007003267761319876 0.1469999998807907 255 210 211
0.0635153204202652 0.006955626420676708 0.1459999978542328 255 240 241
0.06385862827301025 0.006955626420676708 0.1459999978542328 255 244 249
0.06420192867517471 0.006955626420676708 0.1459999978542328 255 244 249
0.06454523652791977 0.006955626420676708 0.1459999978542328 255 223 230
0.06444409489631653 0.006907985080033541 0.14499999582767487 242 205 212
0.06478504836559296 0.006907985080033541 0.14499999582767487 215 181 189
0.06512600183486938 0.006907985080033541 0.14499999582767487 212 178 186
0.06546695530414581 0.006907985080033541 0.14499999582767487 185 156 162
0.06535405665636063 0.006860343739390373 0.14399999380111694 188 159 165
0.06569265574216843 0.006860343739390373 0.14399999380111694 194 167 170
0.06603125482797623 0.006860343739390373 0.14399999380111694 198 171 174
0.06590895354747772 0.006812702398747206 0.14300000667572021 198 167 169
0.06624520570039749 0.006812702398747206 0.14300000667572021 196 165 167
0.0661158487200737 0.006765061058104038 0.1420000046491623 173 133 134
0.06644974648952484 0.006765061058104038 0.1420000046491623 178 138 139
0.06678364425897598 0.006765061058104038 0.1420000046491623 173 134 132
0.06711754202842712 0.006765061058104038 0.1420000046491623 165 126 124
0.06745143979787827 0.006765061058104038 0.1420000046491623 255 233 225
0.0677853375673294 0.006765061058104038 0.1420000046491623 255 234 226
0.06763952225446701 0.006717419717460871 0.14100000262260437 255 238 237
0.06797107309103012 0.006717419717460871 0.14100000262260437 255 235 234
0.06830261647701263 0.006717419717460871 0.14100000262260437 255 227 243
0.06863416731357574 0.006717419717460871 0.14100000262260437 232 197 213
0.0684765949845314 0.006669778376817703 0.14000000059604645 222 182 197
0.06880579143762589 0.006669778376817703 0.14000000059604645 210 170 185
0.06864116340875626 0.006622137501835823 0.13899999856948853 206 179 184
0.06896800547838211 0.006622137501835823 0.13899999856948853 205 178 183
0.06929484754800797 0.006622137501835823 0.13899999856948853 203 182 181
0.06962169706821442 0.006622137501835823 0.13899999856948853 195 174 173
0.06944531202316284 0.0065744961611926556 0.1379999965429306 196 168 165
0.06976979970932007 0.0065744961611926556 0.1379999965429306 192 164 161
0.07009429484605789 0.0065744961611926556 0.1379999965429306 172 141 141
0.07041878998279572 0.0065744961611926556 0.1379999965429306 169 138 138
0.07074327766895294 0.0065744961611926556 0.1379999965429306 168 133 130
0.07106777280569077 0.0065744961611926556 0.1379999965429306 150 115 112
0.07139226794242859 0.0065744961611926556 0.1379999965429306 146 111 108
0.07171675562858582 0.0065744961611926556 0.1379999965429306 186 151 148
0.07204125076532364 0.0065744961611926556 0.1379999965429306 204 172 168
0.07236573845148087 0.0065744961611926556 0.1379999965429306 199 167 163
0.07216349244117737 0.006526854820549488 0.13699999451637268 197 164 163
0.07248563319444656 0.006526854820549488 0.13699999451637268 169 136 135
0.07280777394771576 0.006526854820549488 0.13699999451637268 166 133 132
0.07312991470098495 0.006526854820549488 0.13699999451637268 163 130 129
0.07345205545425415 0.006526854820549488 0.13699999451637268 163 128 125
0.07377419620752335 0.006526854820549488 0.13699999451637268 162 127 124
0.07409633696079254 0.006526854820549488 0.13699999451637268 155 123 119
0.07441847771406174 0.006526854820549488 0.13699999451637268 151 119 115
0.07474061846733093 0.006526854820549488 0.13699999451637268 153 123 118
0.07506275922060013 0.006526854820549488 0.13699999451637268 151 121 116
0.07538489997386932 0.006526854820549488 0.13699999451637268 151 121 116
0.07570704072713852 0.006526854820549488 0.13699999451637268 148 118 113
0.07547422498464584 0.006479213479906321 0.13600000739097595 148 111 106
0.07579401880502701 0.006479213479906321 0.13600000739097595 143 106 101
0.07611380517482758 0.006479213479906321 0.13600000739097595 140 97 92
0.07643359899520874 0.006479213479906321 0.13600000739097595 139 96 91
0.07739296555519104 0.006479213479906321 0.13600000739097595 166 128 119
0.07771275192499161 0.006479213479906321 0.13600000739097595 153 115 106
0.07803254574537277 0.006479213479906321 0.13600000739097595 153 117 109
0.07835233211517334 0.006479213479906321 0.13600000739097595 152 116 108
0.0786721259355545 0.006479213479906321 0.13600000739097595 145 113 107
0.07899191230535507 0.006479213479906321 0.13600000739097595 142 110 104
0.07931170612573624 0.006479213479906321 0.13600000739097595 136 109 101
0.07904596626758575 0.006431572139263153 0.13500000536441803 131 104 96
0.07936340570449829 0.006431572139263153 0.13500000536441803 131 105 94
0.07968084514141083 0.006431572139263153 0.13500000536441803 130 104 93
0.07999828457832336 0.006431572139263153 0.13500000536441803 133 104 92
0.0803157165646553 0.006431572139263153 0.13500000536441803 131 102 90
0.08063315600156784 0.006431572139263153 0.13500000536441803 127 93 83
0.08095059543848038 0.006431572139263153 0.13500000536441803 122 88 78
0.08126803487539291 0.006431572139263153 0.13500000536441803 125 89 79
0.08158547431230545 0.006431572139263153 0.13500000536441803 132 96 86
0.08190291374921799 0.006431572139263153 0.13500000536441803 132 98 88
0.08222034573554993 0.006431572139263153 0.13500000536441803 133 99 89
0.08253778517246246 0.006431572139263153 0.13500000536441803 133 102 91
0.082855224609375 0.006431572139263153 0.13500000536441803 134 103 92
0.08317266404628754 0.006431572139263153 0.13500000536441803 133 102 91
0.08410854637622833 0.006479213479906321 0.13600000739097595 131 100 89
0.0844283327460289 0.006479213479906321 0.13600000739097595 129 100 88
0.08474812656641006 0.006479213479906321 0.13600000739097595 129 100 88
0.08506791293621063 0.006479213479906321 0.13600000739097595 126 95 84
0.0853877067565918 0.006479213479906321 0.13600000739097595 123 92 81
0.08570749312639236 0.006479213479906321 0.13600000739097595 120 86 76
0.08602728694677353 0.006479213479906321 0.13600000739097595 120 86 76
0.08698198199272156 0.006526854820549488 0.13699999451637268 121 87 77
0.08730412274599075 0.006526854820549488 0.13699999451637268 121 87 77
0.08762626349925995 0.006526854820549488 0.13699999451637268 126 92 82
0.08794840425252914 0.006526854820549488 0.13699999451637268 129 95 85
0.08827054500579834 0.006526854820549488 0.13699999451637268 141 109 103
0.08859268575906754 0.006526854820549488 0.13699999451637268 141 109 103
0.08891482651233673 0.006526854820549488 0.13699999451637268 138 107 105
0.08923696726560593 0.006526854820549488 0.13699999451637268 136 105 103
0.08955910801887512 0.006526854820549488 0.13699999451637268 130 104 102
0.08988124877214432 0.006526854820549488 0.13699999451637268 129 103 101
0.09020338952541351 0.006526854820549488 0.13699999451637268 127 101 97
0.09052553027868271 0.006526854820549488 0.13699999451637268 127 101 97
0.0908476710319519 0.006526854820549488 0.13699999451637268 124 102 94
0.0911698117852211 0.006526854820549488 0.13699999451637268 121 99 91
0.09215977787971497 0.0065744961611926556 0.1379999965429306 118 91 85
0.09248427301645279 0.0065744961611926556 0.1379999965429306 111 84 78
0.09280876070261002 0.0065744961611926556 0.1379999965429306 107 80 74
0.09313325583934784 0.0065744961611926556 0.1379999965429306 109 82 76
0.09345774352550507 0.0065744961611926556 0.1379999965429306 111 84 78
0.09378223866224289 0.0065744961611926556 0.1379999965429306 114 87 81
0.09478866308927536 0.006622137501835823 0.13899999856948853 109 82 76
0.09511550515890121 0.006622137501835823 0.13899999856948853 113 86 80
0.09544235467910767 0.006622137501835823 0.13899999856948853 113 83 76
0.09576919674873352 0.006622137501835823 0.13899999856948853 110 80 73
0.09609603881835938 0.006622137501835823 0.13899999856948853 106 72 62
0.09642288088798523 0.006622137501835823 0.13899999856948853 102 68 58
0.09674973040819168 0.006622137501835823 0.13899999856948853 95 64 53
0.06360470503568649 0.007348922546952963 0.1469999998807907 252 207 212
0.0635153204202652 0.007298929616808891 0.1459999978542328 255 237 242
0.06385862827301025 0.007298929616808891 0.1459999978542328 255 242 247
0.06420192867517471 0.007298929616808891 0.1459999978542328 255 246 251
0.06454523652791977 0.007298929616808891 0.1459999978542328 255 224 230
0.06444409489631653 0.007248937152326107 0.14499999582767487 239 205 211
0.06478504836559296 0.007248937152326107 0.14499999582767487 216 177 186
0.06512600183486938 0.007248937152326107 0.14499999582767487 220 181 190
0.06546695530414581 0.007248937152326107 0.14499999582767487 210 176 184
0.06535405665636063 0.007198944687843323 0.14399999380111694 190 156 164
0.06569265574216843 0.007198944687843323 0.14399999380111694 196 167 171
0.06557270884513855 0.007148951757699251 0.14300000667572021 199 170 174
0.06590895354747772 0.007148951757699251 0.14300000667572021 203 170 171
0.06624520570039749 0.007148951757699251 0.14300000667572021 189 156 157
0.0661158487200737 0.007098959293216467 0.1420000046491623 167 129 129
0.06644974648952484 0.007098959293216467 0.1420000046491623 173 135 135
0.06678364425897598 0.007098959293216467 0.1420000046491623 172 131 125
0.06711754202842712 0.007098959293216467 0.1420000046491623 165 124 118
0.06745143979787827 0.007098959293216467 0.1420000046491623 255 225 219
0.0677853375673294 0.007098959293216467 0.1420000046491623 255 221 215
0.06811923533678055 0.007098959293216467 0.1420000046491623 248 212 214
0.06797107309103012 0.007048966363072395 0.14100000262260437 255 220 222
0.06830261647701263 0.007048966363072395 0.14100000262260437 240 205 219
0.06863416731357574 0.007048966363072395 0.14100000262260437 217 182 196
0.0684765949845314 0.006998973898589611 0.14000000059604645 217 178 187
0.06880579143762589 0.006998973898589611 0.14000000059604645 216 177 186
0.06864116340875626 0.0069489809684455395 0.13899999856948853 208 176 181
0.06896800547838211 0.0069489809684455395 0.13899999856948853 205 173 178
0.06929484754800797 0.0069489809684455395 0.13899999856948853 201 175 175
0.06912081688642502 0.006898988503962755 0.1379999965429306 198 172 172
0.06944531202316284 0.006898988503962755 0.1379999965429306 196 163 162
0.06976979970932007 0.006898988503962755 0.1379999965429306 201 168 167
0.07009429484605789 0.006898988503962755 0.1379999965429306 186 149 146
0.07041878998279572 0.006898988503962755 0.1379999965429306 167 130 127
0.07074327766895294 0.006898988503962755 0.1379999965429306 159 120 118
0.07106777280569077 0.006898988503962755 0.1379999965429306 152 113 111
0.07139226794242859 0.006898988503962755 0.1379999965429306 148 106 103
0.07171675562858582 0.006898988503962755 0.1379999965429306 187 145 142
0.07204125076532364 0.006898988503962755 0.1379999965429306 206 171 166
0.07236573845148087 0.006898988503962755 0.1379999965429306 194 159 154
0.07216349244117737 0.006848995573818684 0.13699999451637268 180 147 146
0.07248563319444656 0.006848995573818684 0.13699999451637268 174 141 140
0.07280777394771576 0.006848995573818684 0.13699999451637268 167 134 133
0.07312991470098495 0.006848995573818684 0.13699999451637268 166 133 132
0.07345205545425415 0.006848995573818684 0.13699999451637268 163 128 125
0.07377419620752335 0.006848995573818684 0.13699999451637268 156 121 118
0.07409633696079254 0.006848995573818684 0.13699999451637268 152 120 114
0.07441847771406174 0.006848995573818684 0.13699999451637268 153 121 115
0.07474061846733093 0.006848995573818684 0.13699999451637268 153 123 116
0.07506275922060013 0.006848995573818684 0.13699999451637268 150 120 113
0.07538489997386932 0.006848995573818684 0.13699999451637268 147 117 110
0.07570704072713852 0.006848995573818684 0.13699999451637268 144 114 107
0.07547422498464584 0.006799003109335899 0.13600000739097595 143 107 99
0.07579401880502701 0.006799003109335899 0.13600000739097595 137 101 93
0.07739296555519104 0.006799003109335899 0.13600000739097595 158 122 110
0.07771275192499161 0.006799003109335899 0.13600000739097595 157 121 109
0.07803254574537277 0.006799003109335899 0.13600000739097595 151 115 107
0.07835233211517334 0.006799003109335899 0.13600000739097595 145 109 101
0.0786721259355545 0.006799003109335899 0.13600000739097595 141 106 101
0.07899191230535507 0.006799003109335899 0.13600000739097595 137 102 97
0.07872852683067322 0.006749010644853115 0.13500000536441803 133 101 95
0.07904596626758575 0.006749010644853115 0.13500000536441803 133 101 95
0.07936340570449829 0.006749010644853115 0.13500000536441803 133 104 94
0.07968084514141083 0.006749010644853115 0.13500000536441803 131 102 92
0.07999828457832336 0.006749010644853115 0.13500000536441803 131 100 89
0.0803157165646553 0.006749010644853115 0.13500000536441803 128 97 86
0.08063315600156784 0.006749010644853115 0.13500000536441803 128 92 82
0.08095059543848038 0.006749010644853115 0.13500000536441803 121 85 75
0.08126803487539291 0.006749010644853115 0.13500000536441803 122 86 76
0.08158547431230545 0.006749010644853115 0.13500000536441803 129 93 83
0.08190291374921799 0.006749010644853115 0.13500000536441803 133 95 86
0.08222034573554993 0.006749010644853115 0.13500000536441803 135 97 88
0.08253778517246246 0.006749010644853115 0.13500000536441803 134 98 88
0.082855224609375 0.006749010644853115 0.13500000536441803 136 100 90
0.08317266404628754 0.006749010644853115 0.13500000536441803 133 99 89
0.08410854637622833 0.006799003109335899 0.13600000739097595 130 96 86
0.0844283327460289 0.006799003109335899 0.13600000739097595 133 99 87
0.08474812656641006 0.006799003109335899 0.13600000739097595 134 100 88
0.08506791293621063 0.006799003109335899 0.13600000739097595 129 95 83
0.0853877067565918 0.006799003109335899 0.13600000739097595 123 89 77
0.08570749312639236 0.006799003109335899 0.13600000739097595 118 84 72
0.08602728694677353 0.006799003109335899 0.13600000739097595 115 81 69
0.08698198199272156 0.006848995573818684 0.13699999451637268 119 85 75
0.08730412274599075 0.006848995573818684 0.13699999451637268 122 88 78
0.08762626349925995 0.006848995573818684 0.13699999451637268 123 89 79
0.08794840425252914 0.006848995573818684 0.13699999451637268 129 95 85
0.08827054500579834 0.006848995573818684 0.13699999451637268 138 107 98
0.08859268575906754 0.006848995573818684 0.13699999451637268 140 109 100
0.08891482651233673 0.006848995573818684 0.13699999451637268 139 108 106
0.08923696726560593 0.006848995573818684 0.13699999451637268 136 105 103
0.08955910801887512 0.006848995573818684 0.13699999451637268 128 100 97
0.08988124877214432 0.006848995573818684 0.13699999451637268 130 102 99
0.09020338952541351 0.006848995573818684 0.13699999451637268 126 100 96
0.09052553027868271 0.006848995573818684 0.13699999451637268 126 100 96
0.0908476710319519 0.006848995573818684 0.13699999451637268 128 102 98
0.0911698117852211 0.006848995573818684 0.13699999451637268 126 100 96
0.0914919525384903 0.006848995573818684 0.13699999451637268 123 92 90
0.09248427301645279 0.006898988503962755 0.1379999965429306 113 82 80
0.09280876070261002 0.006898988503962755 0.1379999965429306 106 73 74
0.09313325583934784 0.006898988503962755 0.1379999965429306 105 72 73
0.09345774352550507 0.006898988503962755 0.1379999965429306 109 79 74
0.09378223866224289 0.006898988503962755 0.1379999965429306 111 81 76
0.09478866308927536 0.0069489809684455395 0.13899999856948853 112 82 75
0.09511550515890121 0.0069489809684455395 0.13899999856948853 113 83 76
0.09544235467910767 0.0069489809684455395 0.13899999856948853 114 82 76
0.09576919674873352 0.0069489809684455395 0.13899999856948853 112 80 74
0.09609603881835938 0.0069489809684455395 0.13899999856948853 106 72 64
0.09642288088798523 0.0069489809684455395 0.13899999856948853 100 66 58
0.09674973040819168 0.0069489809684455395 0.13899999856948853 99 65 57
0.09707657247781754 0.0069489809684455395 0.13899999856948853 100 66 58
0.09740341454744339 0.0069489809684455395 0.13899999856948853 104 63 57
0.06360470503568649 0.00769457733258605 0.1469999998807907 255 212 215
0.06395035982131958 0.00769457733258605 0.1469999998807907 255 235 238
0.06385862827301025 0.007642233278602362 0.1459999978542328 255 243 248
0.06420192867517471 0.007642233278602362 0.1459999978542328 255 238 243
0.06454523652791977 0.007642233278602362 0.1459999978542328 248 214 222
0.06444409489631653 0.007589889224618673 0.14499999582767487 227 193 201
0.06478504836559296 0.007589889224618673 0.14499999582767487 232 191 201
0.06512600183486938 0.007589889224618673 0.14499999582767487 218 177 187
0.06546695530414581 0.007589889224618673 0.14499999582767487 210 171 180
0.06535405665636063 0.007537545170634985 0.14399999380111694 201 162 171
0.06569265574216843 0.007537545170634985 0.14399999380111694 196 165 167
0.06557270884513855 0.007485201116651297 0.14300000667572021 202 171 173
0.06590895354747772 0.007485201116651297 0.14300000667572021 201 168 167
0.06624520570039749 0.007485201116651297 0.14300000667572021 177 144 143
0.0661158487200737 0.007432857062667608 0.1420000046491623 165 128 125
0.06644974648952484 0.007432857062667608 0.1420000046491623 172 135 132
0.06745143979787827 0.007432857062667608 0.1420000046491623 255 218 211
0.0677853375673294 0.007432857062667608 0.1420000046491623 255 217 210
0.06811923533678055 0.007432857062667608 0.1420000046491623 246 206 207
0.06797107309103012 0.00738051300868392 0.14100000262260437 242 202 203
0.06830261647701263 0.00738051300868392 0.14100000262260437 248 211 220
0.06863416731357574 0.00738051300868392 0.14100000262260437 233 196 205
0.0684765949845314 0.0073281689547002316 0.14000000059604645 220 183 192
0.06880579143762589 0.0073281689547002316 0.14000000059604645 213 176 185
0.06913498044013977 0.0073281689547002316 0.14000000059604645 206 173 176
0.06896800547838211 0.007275824900716543 0.13899999856948853 203 170 173
0.06929484754800797 0.007275824900716543 0.13899999856948853 201 170 172
0.06912081688642502 0.007223480846732855 0.1379999965429306 197 166 168
0.06944531202316284 0.007223480846732855 0.1379999965429306 205 167 167
0.06976979970932007 0.007223480846732855 0.1379999965429306 206 168 168
0.07009429484605789 0.007223480846732855 0.1379999965429306 190 148 147
0.07041878998279572 0.007223480846732855 0.1379999965429306 170 128 127
0.07074327766895294 0.007223480846732855 0.1379999965429306 162 118 116
0.07106777280569077 0.007223480846732855 0.1379999965429306 152 108 106
0.07204125076532364 0.007223480846732855 0.1379999965429306 208 173 168
0.07236573845148087 0.007223480846732855 0.1379999965429306 200 165 160
0.07216349244117737 0.0071711367927491665 0.13699999451637268 180 147 146
0.07248563319444656 0.0071711367927491665 0.13699999451637268 174 141 140
0.07280777394771576 0.0071711367927491665 0.13699999451637268 170 135 132
0.07312991470098495 0.0071711367927491665 0.13699999451637268 164 129 126
0.07345205545425415 0.0071711367927491665 0.13699999451637268 162 125 122
0.07377419620752335 0.0071711367927491665 0.13699999451637268 159 122 119
0.07409633696079254 0.0071711367927491665 0.13699999451637268 156 125 116
0.07441847771406174 0.0071711367927491665 0.13699999451637268 155 124 115
0.07474061846733093 0.0071711367927491665 0.13699999451637268 154 123 114
0.07506275922060013 0.0071711367927491665 0.13699999451637268 152 121 112
0.07538489997386932 0.0071711367927491665 0.13699999451637268 151 119 113
0.07570704072713852 0.0071711367927491665 0.13699999451637268 146 114 108
0.07547422498464584 0.007118792738765478 0.13600000739097595 144 108 100
0.07579401880502701 0.007118792738765478 0.13600000739097595 138 102 94
0.07739296555519104 0.007118792738765478 0.13600000739097595 154 120 108
0.07771275192499161 0.007118792738765478 0.13600000739097595 153 119 107
0.07803254574537277 0.007118792738765478 0.13600000739097595 147 112 107
0.07835233211517334 0.007118792738765478 0.13600000739097595 141 106 101
0.0786721259355545 0.007118792738765478 0.13600000739097595 139 102 97
0.07899191230535507 0.007118792738765478 0.13600000739097595 138 101 96
0.07872852683067322 0.00706644868478179 0.13500000536441803 133 101 95
0.07904596626758575 0.00706644868478179 0.13500000536441803 133 101 95
0.07936340570449829 0.00706644868478179 0.13500000536441803 133 102 93
0.07968084514141083 0.00706644868478179 0.13500000536441803 127 96 87
0.07999828457832336 0.00706644868478179 0.13500000536441803 129 95 87
0.0803157165646553 0.00706644868478179 0.13500000536441803 127 93 85
0.08063315600156784 0.00706644868478179 0.13500000536441803 129 93 85
0.08095059543848038 0.00706644868478179 0.13500000536441803 118 82 74
0.08126803487539291 0.00706644868478179 0.13500000536441803 123 82 74
0.08158547431230545 0.00706644868478179 0.13500000536441803 131 90 82
0.08190291374921799 0.00706644868478179 0.13500000536441803 132 94 85
0.08222034573554993 0.00706644868478179 0.13500000536441803 135 97 88
0.08253778517246246 0.00706644868478179 0.13500000536441803 136 98 89
0.082855224609375 0.00706644868478179 0.13500000536441803 135 97 88
0.08317266404628754 0.00706644868478179 0.13500000536441803 131 95 83
0.08349010348320007 0.00706644868478179 0.13500000536441803 130 94 82
0.0844283327460289 0.007118792738765478 0.13600000739097595 130 94 82
0.08474812656641006 0.007118792738765478 0.13600000739097595 130 94 82
0.08506791293621063 0.007118792738765478 0.13600000739097595 128 94 82
0.0853877067565918 0.007118792738765478 0.13600000739097595 126 92 80
0.08570749312639236 0.007118792738765478 0.13600000739097595 121 87 77
0.08602728694677353 0.007118792738765478 0.13600000739097595 113 79 69
0.08698198199272156 0.0071711367927491665 0.13699999451637268 120 84 72
0.08730412274599075 0.0071711367927491665 0.13699999451637268 123 87 75
0.08827054500579834 0.0071711367927491665 0.13699999451637268 133 102 93
0.08859268575906754 0.0071711367927491665 0.13699999451637268 138 107 98
0.08891482651233673 0.0071711367927491665 0.13699999451637268 138 107 105
0.08923696726560593 0.0071711367927491665 0.13699999451637268 134 103 101
0.08955910801887512 0.0071711367927491665 0.13699999451637268 131 100 98
0.08988124877214432 0.0071711367927491665 0.13699999451637268 129 98 96
0.09020338952541351 0.0071711367927491665 0.13699999451637268 130 99 97
0.09052553027868271 0.0071711367927491665 0.13699999451637268 130 99 97
0.0908476710319519 0.0071711367927491665 0.13699999451637268 125 94 94
0.0911698117852211 0.0071711367927491665 0.13699999451637268 116 85 85
0.0914919525384903 0.0071711367927491665 0.13699999451637268 112 81 81
0.09248427301645279 0.007223480846732855 0.1379999965429306 111 80 80
0.09280876070261002 0.007223480846732855 0.1379999965429306 106 70 72
0.09313325583934784 0.007223480846732855 0.1379999965429306 104 68 70
0.09345774352550507 0.007223480846732855 0.1379999965429306 105 73 69
0.09378223866224289 0.007223480846732855 0.1379999965429306 107 75 71
0.09410673379898071 0.007223480846732855 0.1379999965429306 106 77 67
0.09443122148513794 0.007223480846732855 0.1379999965429306 112 83 73
0.09544235467910767 0.007275824900716543 0.13899999856948853 112 83 73
0.09576919674873352 0.007275824900716543 0.13899999856948853 109 80 70
0.09609603881835938 0.007275824900716543 0.13899999856948853 106 75 66
0.09642288088798523 0.007275824900716543 0.13899999856948853 103 72 63
0.09674973040819168 0.007275824900716543 0.13899999856948853 98 64 56
0.09707657247781754 0.007275824900716543 0.13899999856948853 96 62 54
0.09740341454744339 0.007275824900716543 0.13899999856948853 100 57 52
0.06360470503568649 0.008040232583880424 0.1469999998807907 255 215 216
0.06395035982131958 0.008040232583880424 0.1469999998807907 255 232 233
0.06385862827301025 0.007985536940395832 0.1459999978542328 255 243 248
0.06420192867517471 0.007985536940395832 0.1459999978542328 255 230 235
0.06454523652791977 0.007985536940395832 0.1459999978542328 249 209 222
0.06444409489631653 0.00793084129691124 0.14499999582767487 226 186 199
0.06478504836559296 0.00793084129691124 0.14499999582767487 226 181 196
0.06512600183486938 0.00793084129691124 0.14499999582767487 220 175 190
0.06546695530414581 0.00793084129691124 0.14499999582767487 207 168 175
0.06535405665636063 0.007876145653426647 0.14399999380111694 200 161 168
0.06569265574216843 0.007876145653426647 0.14399999380111694 194 161 162
0.06557270884513855 0.00782145094126463 0.14300000667572021 185 152 153
0.06590895354747772 0.00782145094126463 0.14300000667572021 174 136 136
0.06624520570039749 0.00782145094126463 0.14300000667572021 176 138 138
0.0661158487200737 0.00776675483211875 0.1420000046491623 165 126 122
0.06644974648952484 0.00776675483211875 0.1420000046491623 171 132 128
0.06811923533678055 0.00776675483211875 0.1420000046491623 250 203 204
0.06845313310623169 0.00776675483211875 0.1420000046491623 246 199 200
0.06830261647701263 0.0077120596542954445 0.14100000262260437 245 207 211
0.06863416731357574 0.0077120596542954445 0.14100000262260437 220 182 186
0.0684765949845314 0.007657364010810852 0.14000000059604645 221 182 189
0.06880579143762589 0.007657364010810852 0.14000000059604645 213 174 181
0.06913498044013977 0.007657364010810852 0.14000000059604645 206 170 174
0.06896800547838211 0.007602668832987547 0.13899999856948853 200 164 168
0.06929484754800797 0.007602668832987547 0.13899999856948853 200 164 168
0.06962169706821442 0.007602668832987547 0.13899999856948853 198 162 166
0.06944531202316284 0.0075479731895029545 0.1379999965429306 200 160 161
0.06976979970932007 0.0075479731895029545 0.1379999965429306 200 160 161
0.07009429484605789 0.0075479731895029545 0.1379999965429306 180 138 137
0.07041878998279572 0.0075479731895029545 0.1379999965429306 159 117 116
0.07204125076532364 0.0075479731895029545 0.1379999965429306 201 164 159
0.07236573845148087 0.0075479731895029545 0.1379999965429306 193 156 151
0.07216349244117737 0.007493277546018362 0.13699999451637268 177 144 143
0.07248563319444656 0.007493277546018362 0.13699999451637268 174 141 140
0.07280777394771576 0.007493277546018362 0.13699999451637268 173 136 133
0.07312991470098495 0.007493277546018362 0.13699999451637268 164 127 124
0.07345205545425415 0.007493277546018362 0.13699999451637268 162 125 120
0.07377419620752335 0.007493277546018362 0.13699999451637268 159 122 117
0.07409633696079254 0.007493277546018362 0.13699999451637268 158 124 116
0.07441847771406174 0.007493277546018362 0.13699999451637268 155 121 113
0.07474061846733093 0.007493277546018362 0.13699999451637268 151 117 109
0.07506275922060013 0.007493277546018362 0.13699999451637268 153 119 111
0.07538489997386932 0.007493277546018362 0.13699999451637268 149 114 109
0.07570704072713852 0.007493277546018362 0.13699999451637268 146 111 106
0.07547422498464584 0.007438582368195057 0.13600000739097595 146 107 103
0.07579401880502701 0.007438582368195057 0.13600000739097595 144 105 101
0.07739296555519104 0.007438582368195057 0.13600000739097595 153 117 105
0.07771275192499161 0.007438582368195057 0.13600000739097595 151 115 103
0.07803254574537277 0.007438582368195057 0.13600000739097595 146 110 102
0.07835233211517334 0.007438582368195057 0.13600000739097595 144 108 100
0.0786721259355545 0.007438582368195057 0.13600000739097595 142 105 100
0.07899191230535507 0.007438582368195057 0.13600000739097595 136 99 94
0.07872852683067322 0.0073838867247104645 0.13500000536441803 136 99 94
0.07904596626758575 0.0073838867247104645 0.13500000536441803 136 99 94
0.07936340570449829 0.0073838867247104645 0.13500000536441803 136 99 94
0.07968084514141083 0.0073838867247104645 0.13500000536441803 134 97 92
0.07999828457832336 0.0073838867247104645 0.13500000536441803 131 95 87
0.0803157165646553 0.0073838867247104645 0.13500000536441803 129 93 85
0.08063315600156784 0.0073838867247104645 0.13500000536441803 121 85 77
0.08095059543848038 0.0073838867247104645 0.13500000536441803 116 80 72
0.08190291374921799 0.0073838867247104645 0.13500000536441803 132 91 83
0.08222034573554993 0.0073838867247104645 0.13500000536441803 135 94 86
0.08253778517246246 0.0073838867247104645 0.13500000536441803 137 99 90
0.082855224609375 0.0073838867247104645 0.13500000536441803 133 95 86
0.08317266404628754 0.0073838867247104645 0.13500000536441803 135 97 88
0.08349010348320007 0.0073838867247104645 0.13500000536441803 135 97 88
0.0844283327460289 0.007438582368195057 0.13600000739097595 129 93 83
0.08474812656641006 0.007438582368195057 0.13600000739097595 125 89 79
0.08506791293621063 0.007438582368195057 0.13600000739097595 122 88 78
0.0853877067565918 0.007438582368195057 0.13600000739097595 123 89 79
0.08570749312639236 0.007438582368195057 0.13600000739097595 124 88 76
0.08602728694677353 0.007438582368195057 0.13600000739097595 115 79 67
0.08827054500579834 0.007493277546018362 0.13699999451637268 137 101 91
0.08859268575906754 0.007493277546018362 0.13699999451637268 139 103 93
0.08891482651233673 0.007493277546018362 0.13699999451637268 139 104 99
0.08923696726560593 0.007493277546018362 0.13699999451637268 136 101 96
0.08955910801887512 0.007493277546018362 0.13699999451637268 134 101 100
0.08988124877214432 0.007493277546018362 0.13699999451637268 137 104 103
0.09020338952541351 0.007493277546018362 0.13699999451637268 130 97 98
0.09052553027868271 0.007493277546018362 0.13699999451637268 131 98 99
0.0908476710319519 0.007493277546018362 0.13699999451637268 128 95 98
0.0911698117852211 0.007493277546018362 0.13699999451637268 123 90 93
0.0914919525384903 0.007493277546018362 0.13699999451637268 116 83 84
0.09248427301645279 0.0075479731895029545 0.1379999965429306 113 80 81
0.09280876070261002 0.0075479731895029545 0.1379999965429306 108 70 72
0.09313325583934784 0.0075479731895029545 0.1379999965429306 103 65 67
0.09345774352550507 0.0075479731895029545 0.1379999965429306 108 73 70
0.09378223866224289 0.0075479731895029545 0.1379999965429306 113 78 75
0.09410673379898071 0.0075479731895029545 0.1379999965429306 105 76 66
0.09443122148513794 0.0075479731895029545 0.1379999965429306 111 82 72
0.09544235467910767 0.007602668832987547 0.13899999856948853 109 80 70
0.09576919674873352 0.007602668832987547 0.13899999856948853 105 76 66
0.09609603881835938 0.007602668832987547 0.13899999856948853 108 74 66
0.09642288088798523 0.007602668832987547 0.13899999856948853 99 65 57
0.09674973040819168 0.007602668832987547 0.13899999856948853 94 56 47
0.09707657247781754 0.007602668832987547 0.13899999856948853 93 55 46
0.06395035982131958 0.008385887369513512 0.1469999998807907 255 222 225
0.06385862827301025 0.008328840136528015 0.1459999978542328 255 240 247
0.06420192867517471 0.008328840136528015 0.1459999978542328 255 220 227
0.06454523652791977 0.008328840136528015 0.1459999978542328 251 206 221
0.06444409489631653 0.008271793834865093 0.14499999582767487 237 192 207
0.06478504836559296 0.008271793834865093 0.14499999582767487 227 180 196
0.06512600183486938 0.008271793834865093 0.14499999582767487 217 170 186
0.06546695530414581 0.008271793834865093 0.14499999582767487 216 177 184
0.06535405665636063 0.008214746601879597 0.14399999380111694 203 164 171
0.06569265574216843 0.008214746601879597 0.14399999380111694 187 151 153
0.06557270884513855 0.008157700300216675 0.14300000667572021 178 142 144
0.06590895354747772 0.008157700300216675 0.14300000667572021 178 138 139
0.06624520570039749 0.008157700300216675 0.14300000667572021 174 134 135
0.0661158487200737 0.008100653067231178 0.1420000046491623 169 127 124
0.06644974648952484 0.008100653067231178 0.1420000046491623 169 127 124
0.06830261647701263 0.008043605834245682 0.14100000262260437 238 193 200
0.06863416731357574 0.008043605834245682 0.14100000262260437 228 183 190
0.06896571069955826 0.008043605834245682 0.14100000262260437 224 184 189
0.06880579143762589 0.00798655953258276 0.14000000059604645 216 176 181
0.06913498044013977 0.00798655953258276 0.14000000059604645 214 176 180
0.06896800547838211 0.007929512299597263 0.13899999856948853 210 172 176
0.06929484754800797 0.007929512299597263 0.13899999856948853 202 161 169
0.06962169706821442 0.007929512299597263 0.13899999856948853 194 153 161
0.06944531202316284 0.007872465997934341 0.1379999965429306 190 147 149
0.06976979970932007 0.007872465997934341 0.1379999965429306 192 149 151
0.07009429484605789 0.007872465997934341 0.1379999965429306 166 124 121
0.07041878998279572 0.007872465997934341 0.1379999965429306 156 114 111
0.07204125076532364 0.007872465997934341 0.1379999965429306 200 162 155
0.07236573845148087 0.007872465997934341 0.1379999965429306 194 156 149
0.07269023358821869 0.007872465997934341 0.1379999965429306 196 160 160
0.07248563319444656 0.007815418764948845 0.13699999451637268 180 144 144
0.07280777394771576 0.007815418764948845 0.13699999451637268 172 134 134
0.07312991470098495 0.007815418764948845 0.13699999451637268 166 128 128
0.07345205545425415 0.007815418764948845 0.13699999451637268 163 124 122
0.07377419620752335 0.007815418764948845 0.13699999451637268 159 120 118
0.07409633696079254 0.007815418764948845 0.13699999451637268 162 126 118
0.07441847771406174 0.007815418764948845 0.13699999451637268 158 122 114
0.07474061846733093 0.007815418764948845 0.13699999451637268 153 117 109
0.07506275922060013 0.007815418764948845 0.13699999451637268 146 110 102
0.07538489997386932 0.007815418764948845 0.13699999451637268 148 106 103
0.07515443861484528 0.007758371997624636 0.13600000739097595 147 105 102
0.07547422498464584 0.007758371997624636 0.13600000739097595 133 89 87
0.07579401880502701 0.007758371997624636 0.13600000739097595 136 92 90
0.07739296555519104 0.007758371997624636 0.13600000739097595 152 116 104
0.07771275192499161 0.007758371997624636 0.13600000739097595 151 115 103
0.07803254574537277 0.007758371997624636 0.13600000739097595 150 114 106
0.07835233211517334 0.007758371997624636 0.13600000739097595 143 107 99
0.0786721259355545 0.007758371997624636 0.13600000739097595 140 101 97
0.07899191230535507 0.007758371997624636 0.13600000739097595 132 93 89
0.07872852683067322 0.0077013252303004265 0.13500000536441803 135 96 92
0.07904596626758575 0.0077013252303004265 0.13500000536441803 133 94 90
0.07936340570449829 0.0077013252303004265 0.13500000536441803 132 93 89
0.07968084514141083 0.0077013252303004265 0.13500000536441803 132 93 89
0.07999828457832336 0.0077013252303004265 0.13500000536441803 130 94 86
0.0803157165646553 0.0077013252303004265 0.13500000536441803 128 92 84
0.08063315600156784 0.0077013252303004265 0.13500000536441803 126 85 77
0.08095059543848038 0.0077013252303004265 0.13500000536441803 120 79 71
0.08253778517246246 0.0077013252303004265 0.13500000536441803 138 100 91
0.082855224609375 0.0077013252303004265 0.13500000536441803 136 98 89
0.08317266404628754 0.0077013252303004265 0.13500000536441803 133 95 86
0.08349010348320007 0.0077013252303004265 0.13500000536441803 131 93 84
0.0844283327460289 0.007758371997624636 0.13600000739097595 131 95 85
0.08474812656641006 0.007758371997624636 0.13600000739097595 128 92 82
0.08506791293621063 0.007758371997624636 0.13600000739097595 125 89 79
0.0853877067565918 0.007758371997624636 0.13600000739097595 123 87 77
0.08570749312639236 0.007758371997624636 0.13600000739097595 113 77 67
0.08602728694677353 0.007758371997624636 0.13600000739097595 115 79 69
0.08891482651233673 0.007815418764948845 0.13699999451637268 137 99 92
0.08923696726560593 0.007815418764948845 0.13699999451637268 142 104 97
0.08955910801887512 0.007815418764948845 0.13699999451637268 136 101 98
0.08988124877214432 0.007815418764948845 0.13699999451637268 134 99 96
0.09020338952541351 0.007815418764948845 0.13699999451637268 130 94 98
0.09052553027868271 0.007815418764948845 0.13699999451637268 128 92 96
0.0908476710319519 0.007815418764948845 0.13699999451637268 125 92 95
0.0911698117852211 0.007815418764948845 0.13699999451637268 124 91 94
0.0914919525384903 0.007815418764948845 0.13699999451637268 114 81 82
0.09181409329175949 0.007815418764948845 0.13699999451637268 112 79 80
0.09280876070261002 0.007872465997934341 0.1379999965429306 106 68 68
0.09313325583934784 0.007872465997934341 0.1379999965429306 102 64 64
0.09345774352550507 0.007872465997934341 0.1379999965429306 104 69 64
0.09378223866224289 0.007872465997934341 0.1379999965429306 109 74 69
0.09410673379898071 0.007872465997934341 0.1379999965429306 103 74 64
0.09443122148513794 0.007872465997934341 0.1379999965429306 110 81 71
0.09544235467910767 0.007929512299597263 0.13899999856948853 108 79 69
0.09576919674873352 0.007929512299597263 0.13899999856948853 108 79 69
0.09609603881835938 0.007929512299597263 0.13899999856948853 105 71 61
0.09642288088798523 0.007929512299597263 0.13899999856948853 100 66 56
0.06385862827301025 0.008672144263982773 0.1459999978542328 255 220 227
0.06420192867517471 0.008672144263982773 0.1459999978542328 255 214 221
0.06454523652791977 0.008672144263982773 0.1459999978542328 251 202 213
0.06444409489631653 0.008612745441496372 0.14499999582767487 247 198 209
0.06478504836559296 0.008612745441496372 0.14499999582767487 239 190 203
0.06512600183486938 0.008612745441496372 0.14499999582767487 213 164 177
0.06546695530414581 0.008612745441496372 0.14499999582767487 199 158 166
0.06535405665636063 0.008553347550332546 0.14399999380111694 189 148 156
0.06569265574216843 0.008553347550332546 0.14399999380111694 182 144 148
0.06557270884513855 0.008493948727846146 0.14300000667572021 180 142 146
0.06590895354747772 0.008493948727846146 0.14300000667572021 174 129 132
0.06624520570039749 0.008493948727846146 0.14300000667572021 166 121 124
0.06896571069955826 0.008375152945518494 0.14100000262260437 232 184 190
0.06880579143762589 0.008315754123032093 0.14000000059604645 225 177 183
0.06913498044013977 0.008315754123032093 0.14000000059604645 212 169 175
0.06946417689323425 0.008315754123032093 0.14000000059604645 208 165 171
0.06929484754800797 0.008256356231868267 0.13899999856948853 203 160 166
0.06962169706821442 0.008256356231868267 0.13899999856948853 192 149 155
0.06944531202316284 0.008196958340704441 0.1379999965429306 183 140 142
0.06976979970932007 0.008196958340704441 0.1379999965429306 184 141 143
0.07009429484605789 0.008196958340704441 0.1379999965429306 167 126 118
0.07041878998279572 0.008196958340704441 0.1379999965429306 158 117 109
0.07204125076532364 0.008196958340704441 0.1379999965429306 200 162 151
0.07236573845148087 0.008196958340704441 0.1379999965429306 196 158 147
0.07269023358821869 0.008196958340704441 0.1379999965429306 186 148 148
0.07301472872495651 0.008196958340704441 0.1379999965429306 179 141 141
0.07280777394771576 0.00813755951821804 0.13699999451637268 169 131 131
0.07312991470098495 0.00813755951821804 0.13699999451637268 166 128 128
0.07345205545425415 0.00813755951821804 0.13699999451637268 168 128 129
0.07377419620752335 0.00813755951821804 0.13699999451637268 160 120 121
0.07409633696079254 0.00813755951821804 0.13699999451637268 161 122 118
0.07441847771406174 0.00813755951821804 0.13699999451637268 156 117 113
0.07474061846733093 0.00813755951821804 0.13699999451637268 154 116 109
0.07506275922060013 0.00813755951821804 0.13699999451637268 156 118 111
0.07803254574537277 0.008078161627054214 0.13600000739097595 150 112 103
0.07835233211517334 0.008078161627054214 0.13600000739097595 144 106 97
0.0786721259355545 0.008078161627054214 0.13600000739097595 144 106 99
0.07899191230535507 0.008078161627054214 0.13600000739097595 140 102 95
0.07872852683067322 0.008018762804567814 0.13500000536441803 137 96 90
0.07904596626758575 0.008018762804567814 0.13500000536441803 134 93 87
0.07936340570449829 0.008018762804567814 0.13500000536441803 132 90 87
0.07968084514141083 0.008018762804567814 0.13500000536441803 132 90 87
0.07999828457832336 0.008018762804567814 0.13500000536441803 129 91 84
0.0803157165646553 0.008018762804567814 0.13500000536441803 124 86 79
0.08063315600156784 0.008018762804567814 0.13500000536441803 127 86 78
0.08095059543848038 0.008018762804567814 0.13500000536441803 119 78 70
0.08253778517246246 0.008018762804567814 0.13500000536441803 133 95 84
0.082855224609375 0.008018762804567814 0.13500000536441803 136 98 87
0.08317266404628754 0.008018762804567814 0.13500000536441803 136 98 89
0.08349010348320007 0.008018762804567814 0.13500000536441803 131 93 84
0.0844283327460289 0.008078161627054214 0.13600000739097595 132 96 84
0.08474812656641006 0.008078161627054214 0.13600000739097595 130 94 82
0.08506791293621063 0.008078161627054214 0.13600000739097595 129 93 83
0.0853877067565918 0.008078161627054214 0.13600000739097595 121 85 75
0.08570749312639236 0.008078161627054214 0.13600000739097595 116 78 69
0.08602728694677353 0.008078161627054214 0.13600000739097595 114 76 67
0.08891482651233673 0.00813755951821804 0.13699999451637268 142 101 93
0.08923696726560593 0.00813755951821804 0.13699999451637268 142 101 93
0.08955910801887512 0.00813755951821804 0.13699999451637268 134 99 94
0.08988124877214432 0.00813755951821804 0.13699999451637268 133 98 93
0.09020338952541351 0.00813755951821804 0.13699999451637268 129 93 93
0.09052553027868271 0.00813755951821804 0.13699999451637268 127 91 91
0.0908476710319519 0.00813755951821804 0.13699999451637268 123 90 91
0.0911698117852211 0.00813755951821804 0.13699999451637268 123 90 91
0.0914919525384903 0.00813755951821804 0.13699999451637268 118 85 84
0.09181409329175949 0.00813755951821804 0.13699999451637268 110 77 76
0.09280876070261002 0.008196958340704441 0.1379999965429306 103 66 63
0.09313325583934784 0.008196958340704441 0.1379999965429306 100 63 60
0.09345774352550507 0.008196958340704441 0.1379999965429306 99 64 59
0.09378223866224289 0.008196958340704441 0.1379999965429306 107 72 67
0.09410673379898071 0.008196958340704441 0.1379999965429306 106 75 66
0.09443122148513794 0.008196958340704441 0.1379999965429306 112 81 72
0.09475571662187576 0.008196958340704441 0.1379999965429306 111 77 69
0.09576919674873352 0.008256356231868267 0.13899999856948853 112 78 70
0.09609603881835938 0.008256356231868267 0.13899999856948853 107 69 60
0.09642288088798523 0.008256356231868267 0.13899999856948853 101 63 54
0.0641031414270401 0.008953697979450226 0.14499999582767487 255 208 212
0.06478504836559296 0.008953697979450226 0.14499999582767487 241 196 203
0.06512600183486938 0.008953697979450226 0.14499999582767487 224 179 186
0.06501545757055283 0.008891948498785496 0.14399999380111694 203 157 167
0.06535405665636063 0.008891948498785496 0.14399999380111694 203 157 167
0.06569265574216843 0.008891948498785496 0.14399999380111694 187 143 152
0.06557270884513855 0.008830198086798191 0.14300000667572021 170 126 135
0.06590895354747772 0.008830198086798191 0.14300000667572021 169 122 123
0.06624520570039749 0.008830198086798191 0.14300000667572021 165 118 119
0.06913498044013977 0.008644949644804 0.14000000059604645 211 166 171
0.06946417689323425 0.008644949644804 0.14000000059604645 206 161 166
0.06929484754800797 0.00858320016413927 0.13899999856948853 203 160 166
0.06962169706821442 0.00858320016413927 0.13899999856948853 197 154 160
0.06944531202316284 0.00852145068347454 0.1379999965429306 185 143 142
0.06976979970932007 0.00852145068347454 0.1379999965429306 187 145 144
0.07269023358821869 0.00852145068347454 0.1379999965429306 186 149 146
0.07301472872495651 0.00852145068347454 0.1379999965429306 179 142 139
0.07333921641111374 0.00852145068347454 0.1379999965429306 172 132 133
0.07312991470098495 0.008459700271487236 0.13699999451637268 166 126 127
0.07345205545425415 0.008459700271487236 0.13699999451637268 165 126 124
0.07377419620752335 0.008459700271487236 0.13699999451637268 160 121 119
0.07409633696079254 0.008459700271487236 0.13699999451637268 158 122 114
0.07441847771406174 0.008459700271487236 0.13699999451637268 155 119 111
0.07474061846733093 0.008459700271487236 0.13699999451637268 152 114 105
0.07506275922060013 0.008459700271487236 0.13699999451637268 147 109 100
0.07803254574537277 0.008397950790822506 0.13600000739097595 150 112 101
0.07835233211517334 0.008397950790822506 0.13600000739097595 145 107 96
0.0786721259355545 0.008397950790822506 0.13600000739097595 139 101 92
0.07899191230535507 0.008397950790822506 0.13600000739097595 138 100 91
0.07872852683067322 0.008336201310157776 0.13500000536441803 137 96 90
0.07904596626758575 0.008336201310157776 0.13500000536441803 135 94 88
0.07936340570449829 0.008336201310157776 0.13500000536441803 134 92 89
0.07968084514141083 0.008336201310157776 0.13500000536441803 133 91 88
0.07999828457832336 0.008336201310157776 0.13500000536441803 133 92 86
0.0803157165646553 0.008336201310157776 0.13500000536441803 130 89 83
0.08253778517246246 0.008336201310157776 0.13500000536441803 130 94 82
0.082855224609375 0.008336201310157776 0.13500000536441803 134 98 86
0.08317266404628754 0.008336201310157776 0.13500000536441803 136 100 88
0.08410854637622833 0.008397950790822506 0.13600000739097595 129 93 81
0.0844283327460289 0.008397950790822506 0.13600000739097595 128 90 79
0.08474812656641006 0.008397950790822506 0.13600000739097595 128 90 79
0.08506791293621063 0.008397950790822506 0.13600000739097595 128 87 79
0.0853877067565918 0.008397950790822506 0.13600000739097595 121 80 72
0.08955910801887512 0.008459700271487236 0.13699999451637268 138 96 93
0.08988124877214432 0.008459700271487236 0.13699999451637268 138 96 93
0.09020338952541351 0.008459700271487236 0.13699999451637268 135 98 95
0.09052553027868271 0.008459700271487236 0.13699999451637268 134 97 94
0.0908476710319519 0.008459700271487236 0.13699999451637268 121 89 85
0.0911698117852211 0.008459700271487236 0.13699999451637268 117 85 81
0.0914919525384903 0.008459700271487236 0.13699999451637268 117 86 77
0.09181409329175949 0.008459700271487236 0.13699999451637268 106 75 66
0.09213623404502869 0.008459700271487236 0.13699999451637268 104 68 60
0.09313325583934784 0.00852145068347454 0.1379999965429306 101 65 57
0.09345774352550507 0.00852145068347454 0.1379999965429306 107 69 62
0.09378223866224289 0.00852145068347454 0.1379999965429306 112 74 67
0.09410673379898071 0.00852145068347454 0.1379999965429306 111 75 67
0.09443122148513794 0.00852145068347454 0.1379999965429306 114 78 70
0.09475571662187576 0.00852145068347454 0.1379999965429306 115 77 70
0.09508021175861359 0.00852145068347454 0.1379999965429306 111 73 66
0.09609603881835938 0.00858320016413927 0.13899999856948853 106 63 58
0.09642288088798523 0.00858320016413927 0.13899999856948853 104 61 56
0.06501545757055283 0.00923054851591587 0.14399999380111694 192 147 154
0.06535405665636063 0.00923054851591587 0.14399999380111694 181 136 143
0.06523645669221878 0.009166447445750237 0.14300000667572021 178 133 138
0.06557270884513855 0.009166447445750237 0.14300000667572021 173 128 133
0.06913498044013977 0.008974145166575909 0.14000000059604645 213 165 169
0.06946417689323425 0.008974145166575909 0.14000000059604645 212 164 168
0.06929484754800797 0.008910044096410275 0.13899999856948853 199 156 160
0.06962169706821442 0.008910044096410275 0.13899999856948853 188 145 149
0.06944531202316284 0.00884594302624464 0.1379999965429306 189 147 146
0.06976979970932007 0.00884594302624464 0.1379999965429306 177 135 134
0.07269023358821869 0.00884594302624464 0.1379999965429306 190 148 147
0.07301472872495651 0.00884594302624464 0.1379999965429306 183 141 140
0.07333921641111374 0.00884594302624464 0.1379999965429306 175 132 134
0.07312991470098495 0.008781841956079006 0.13699999451637268 173 130 132
0.07345205545425415 0.008781841956079006 0.13699999451637268 168 129 125
0.07377419620752335 0.008781841956079006 0.13699999451637268 159 120 116
0.07409633696079254 0.008781841956079006 0.13699999451637268 153 117 109
0.07441847771406174 0.008781841956079006 0.13699999451637268 155 119 111
0.07474061846733093 0.008781841956079006 0.13699999451637268 154 113 105
0.07451485842466354 0.008717740885913372 0.13600000739097595 147 106 98
0.0786721259355545 0.008717740885913372 0.13600000739097595 139 101 92
0.07899191230535507 0.008717740885913372 0.13600000739097595 135 97 88
0.07872852683067322 0.008653639815747738 0.13500000536441803 133 95 88
0.07904596626758575 0.008653639815747738 0.13500000536441803 128 90 83
0.07936340570449829 0.008653639815747738 0.13500000536441803 129 91 84
0.07968084514141083 0.008653639815747738 0.13500000536441803 126 88 81
0.07999828457832336 0.008653639815747738 0.13500000536441803 133 92 86
0.0803157165646553 0.008653639815747738 0.13500000536441803 126 85 79
0.08253778517246246 0.008653639815747738 0.13500000536441803 126 92 80
0.082855224609375 0.008653639815747738 0.13500000536441803 127 93 81
0.08317266404628754 0.008653639815747738 0.13500000536441803 131 95 83
0.08349010348320007 0.008653639815747738 0.13500000536441803 128 92 80
0.0844283327460289 0.008717740885913372 0.13600000739097595 129 91 80
0.08474812656641006 0.008717740885913372 0.13600000739097595 125 87 76
0.09020338952541351 0.008781841956079006 0.13699999451637268 137 96 90
0.09052553027868271 0.008781841956079006 0.13699999451637268 132 91 85
0.0908476710319519 0.008781841956079006 0.13699999451637268 124 87 82
0.0911698117852211 0.008781841956079006 0.13699999451637268 122 85 80
0.0914919525384903 0.008781841956079006 0.13699999451637268 118 82 72
0.09181409329175949 0.008781841956079006 0.13699999451637268 115 79 69
0.09213623404502869 0.008781841956079006 0.13699999451637268 110 67 62
0.09245837479829788 0.008781841956079006 0.13699999451637268 108 65 60
0.06501545757055283 0.00956914946436882 0.14399999380111694 209 161 165
0.06535405665636063 0.00956914946436882 0.14399999380111694 190 142 146
0.06913498044013977 0.009303339757025242 0.14000000059604645 207 159 163
0.06946417689323425 0.009303339757025242 0.14000000059604645 206 158 162
0.06929484754800797 0.009236887097358704 0.13899999856948853 199 156 160
0.06962169706821442 0.009236887097358704 0.13899999856948853 190 147 151
0.06944531202316284 0.00917043536901474 0.1379999965429306 189 145 145
0.06976979970932007 0.00917043536901474 0.1379999965429306 177 133 133
0.07269023358821869 0.00917043536901474 0.1379999965429306 188 144 142
0.07301472872495651 0.00917043536901474 0.1379999965429306 184 140 138
0.07333921641111374 0.00917043536901474 0.1379999965429306 170 128 127
0.07366371154785156 0.00917043536901474 0.1379999965429306 169 127 126
0.07345205545425415 0.009103982709348202 0.13699999451637268 160 122 115
0.07377419620752335 0.009103982709348202 0.13699999451637268 156 118 111
0.07409633696079254 0.009103982709348202 0.13699999451637268 154 116 107
0.07441847771406174 0.009103982709348202 0.13699999451637268 152 114 105
0.0786721259355545 0.009037530049681664 0.13600000739097595 132 94 85
0.07899191230535507 0.009037530049681664 0.13600000739097595 130 92 83
0.07872852683067322 0.008971077390015125 0.13500000536441803 130 92 85
0.07904596626758575 0.008971077390015125 0.13500000536441803 129 91 84
0.07936340570449829 0.008971077390015125 0.13500000536441803 130 89 83
0.07968084514141083 0.008971077390015125 0.13500000536441803 125 84 78
0.07999828457832336 0.008971077390015125 0.13500000536441803 121 78 73
0.0803157165646553 0.008971077390015125 0.13500000536441803 122 79 74
0.08253778517246246 0.008971077390015125 0.13500000536441803 125 91 79
0.082855224609375 0.008971077390015125 0.13500000536441803 126 92 80
0.08317266404628754 0.008971077390015125 0.13500000536441803 123 89 79
0.08349010348320007 0.008971077390015125 0.13500000536441803 122 88 78
0.08380754292011261 0.008971077390015125 0.13500000536441803 122 84 75
0.08412497490644455 0.008971077390015125 0.13500000536441803 123 85 76
0.0908476710319519 0.009103982709348202 0.13699999451637268 124 83 75
0.0911698117852211 0.009103982709348202 0.13699999451637268 123 82 74
0.06929484754800797 0.009563731029629707 0.13899999856948853 179 131 135
0.06962169706821442 0.009563731029629707 0.13899999856948853 180 132 136
0.07269023358821869 0.00949492771178484 0.1379999965429306 185 141 139
0.07301472872495651 0.00949492771178484 0.1379999965429306 181 137 135
0.07333921641111374 0.00949492771178484 0.1379999965429306 171 127 125
0.07366371154785156 0.00949492771178484 0.1379999965429306 163 119 117
0.07345205545425415 0.009426123462617397 0.13699999451637268 159 116 111
0.07377419620752335 0.009426123462617397 0.13699999451637268 157 114 109
0.0786721259355545 0.00935732014477253 0.13600000739097595 129 91 84
0.07899191230535507 0.00935732014477253 0.13600000739097595 126 88 81
0.07872852683067322 0.009288515895605087 0.13500000536441803 127 86 80
0.07904596626758575 0.009288515895605087 0.13500000536441803 127 86 80
0.07936340570449829 0.009288515895605087 0.13500000536441803 128 85 80
0.07968084514141083 0.009288515895605087 0.13500000536441803 125 82 77
0.08253778517246246 0.009288515895605087 0.13500000536441803 126 88 77
0.082855224609375 0.009288515895605087 0.13500000536441803 128 90 79
0.08317266404628754 0.009288515895605087 0.13500000536441803 128 90 81
0.08349010348320007 0.009288515895605087 0.13500000536441803 128 90 81
0.08380754292011261 0.009288515895605087 0.13500000536441803 128 87 79
0.08412497490644455 0.009288515895605087 0.13500000536441803 123 82 74
0.06896571069955826 0.01003288570791483 0.14100000262260437 198 150 154
0.06929726153612137 0.01003288570791483 0.14100000262260437 199 151 155
