0.045828938484191895 0.02506442740559578 0.17399999499320984 232 255 255
0.04541979357600212 0.02506442740559578 0.17399999499320984 200 227 238
0.045010652393102646 0.025473570451140404 0.17399999499320984 193 222 232
0.04460150748491287 0.025473570451140404 0.17399999499320984 149 176 185
0.0441923663020134 0.025473570451140404 0.17399999499320984 105 132 141
0.04378322511911392 0.025473570451140404 0.17399999499320984 210 247 250
0.04337408021092415 0.02506442740559578 0.17399999499320984 228 255 255
0.04296493902802467 0.02506442740559578 0.17399999499320984 222 255 255
0.04231122136116028 0.024920377880334854 0.17299999296665192 219 255 255
0.04190443083643913 0.024920377880334854 0.17299999296665192 218 255 255
0.04149764031171799 0.024920377880334854 0.17299999296665192 218 255 255
0.04109084978699684 0.024920377880334854 0.17299999296665192 220 255 255
0.03964000940322876 0.025180770084261894 0.1720000058412552 228 255 255
0.039235569536685944 0.025180770084261894 0.1720000058412552 206 236 255
0.03883112967014313 0.02558520995080471 0.1720000058412552 166 196 215
0.03842668980360031 0.02558520995080471 0.1720000058412552 132 166 188
0.037801191210746765 0.025838546454906464 0.17100000381469727 222 255 255
0.03739910200238228 0.025838546454906464 0.17100000381469727 216 255 255
0.03699701651930809 0.025838546454906464 0.17100000381469727 216 255 255
0.036594927310943604 0.025838546454906464 0.17100000381469727 212 255 255
0.035981185734272 0.02568744495511055 0.17000000178813934 207 255 255
0.035581447184085846 0.02568744495511055 0.17000000178813934 202 250 255
0.03518170863389969 0.02568744495511055 0.17000000178813934 195 243 253
0.03478197380900383 0.02568744495511055 0.17000000178813934 198 230 250
0.03438223525881767 0.026087181642651558 0.17000000178813934 205 242 255
0.03418239578604698 0.02624063566327095 0.17100000381469727 203 235 255
0.033780306577682495 0.02624063566327095 0.17100000381469727 160 192 222
0.03337822109460831 0.02624063566327095 0.17100000381469727 101 141 168
0.03297613188624382 0.02624063566327095 0.17100000381469727 209 249 255
0.03297613188624382 0.02624063566327095 0.17100000381469727 209 249 255
0.03337822109460831 0.02624063566327095 0.17100000381469727 101 141 168
0.033780306577682495 0.02624063566327095 0.17100000381469727 160 192 222
0.03418239578604698 0.02624063566327095 0.17100000381469727 203 235 255
0.03438223525881767 0.026087181642651558 0.17000000178813934 205 242 255
0.03478197380900383 0.02568744495511055 0.17000000178813934 198 230 250
0.03518170863389969 0.02568744495511055 0.17000000178813934 195 243 253
0.035581447184085846 0.02568744495511055 0.17000000178813934 202 250 255
0.035981185734272 0.02568744495511055 0.17000000178813934 207 255 255
0.036594927310943604 0.025838546454906464 0.17100000381469727 212 255 255
0.03699701651930809 0.025838546454906464 0.17100000381469727 216 255 255
0.03739910200238228 0.025838546454906464 0.17100000381469727 216 255 255
0.037801191210746765 0.025838546454906464 0.17100000381469727 222 255 255
0.03842668980360031 0.02558520995080471 0.1720000058412552 132 166 188
0.03883112967014313 0.02558520995080471 0.1720000058412552 166 196 215
0.039235569536685944 0.02558520995080471 0.1720000058412552 185 215 234
0.03964000940322876 0.025180770084261894 0.1720000058412552 228 255 255
0.04109084978699684 0.024920377880334854 0.17299999296665192 220 255 255
0.04149764031171799 0.024920377880334854 0.17299999296665192 218 255 255
0.04190443083643913 0.024920377880334854 0.17299999296665192 218 255 255
0.04231122136116028 0.024920377880334854 0.17299999296665192 219 255 255
0.04296493902802467 0.02506442740559578 0.17399999499320984 222 255 255
0.04337408021092415 0.025473570451140404 0.17399999499320984 219 255 255
0.04378322511911392 0.02588271163403988 0.17399999499320984 220 255 255
0.0441923663020134 0.025473570451140404 0.17399999499320984 105 132 141
0.04460150748491287 0.025473570451140404 0.17399999499320984 149 176 185
0.045010652393102646 0.025473570451140404 0.17399999499320984 193 222 232
0.04541979357600212 0.025473570451140404 0.17399999499320984 218 247 255
0.045828938484191895 0.02506442740559578 0.17399999499320984 232 255 255
0.04650381579995155 0.025208475068211555 0.17499999701976776 230 255 255
