0.05607031285762787 0.022952057421207428 0.210999995470047 255 203 189
0.05656645819544792 0.022952057421207428 0.210999995470047 255 202 206
0.057062603533267975 0.022952057421207428 0.210999995470047 255 201 205
0.0578315369784832 0.023060834035277367 0.21199999749660492 255 193 205
0.05086665228009224 0.023337071761488914 0.20999999344348907 255 186 190
0.051360443234443665 0.023337071761488914 0.20999999344348907 255 190 196
0.05185423791408539 0.023337071761488914 0.20999999344348907 255 192 198
0.055047400295734406 0.023225942626595497 0.20900000631809235 255 194 191
0.0555388443171978 0.023225942626595497 0.20900000631809235 255 200 197
0.05629837140440941 0.023337071761488914 0.20999999344348907 255 211 224
0.056792162358760834 0.023337071761488914 0.20999999344348907 255 205 218
0.05728595703840256 0.023337071761488914 0.20999999344348907 255 202 217
0.05805489048361778 0.023448200896382332 0.210999995470047 255 197 212
0.010770907625555992 0.024738706648349762 0.21799999475479126 255 214 186
0.012661885470151901 0.026554392650723457 0.23399999737739563 221 165 153
0.0132121117785573 0.026554392650723457 0.23399999737739563 192 127 125
0.013997592031955719 0.027008313685655594 0.23800000548362732 185 120 118
0.05087129771709442 0.023603904992341995 0.20800000429153442 255 186 194
0.05652172490954399 0.023717384785413742 0.20900000631809235 255 187 202
0.05701316520571709 0.023717384785413742 0.20900000631809235 255 200 217
0.05777974799275398 0.02383086457848549 0.20999999344348907 255 190 207
0.006919096224009991 0.024324657395482063 0.20999999344348907 255 228 186
0.007831379771232605 0.02409299463033676 0.20800000429153442 255 223 193
0.008809559978544712 0.02409299463033676 0.20800000429153442 247 210 180
0.00934335496276617 0.024208825081586838 0.20900000631809235 255 226 196
0.009928909130394459 0.02444048970937729 0.210999995470047 255 230 205
0.010770907625555992 0.02525131218135357 0.21799999475479126 255 236 211
0.013437960296869278 0.027567945420742035 0.23800000548362732 255 249 241
0.013997592031955719 0.027567945420742035 0.23800000548362732 255 249 241
0.01480188313871622 0.028031272813677788 0.24199999868869781 255 232 218
0.01543443650007248 0.028147103264927864 0.24300000071525574 221 170 156
0.047261763364076614 0.023513834923505783 0.2029999941587448 255 194 199
0.047739095985889435 0.023513834923505783 0.2029999941587448 255 196 203
0.048216428607702255 0.023513834923505783 0.2029999941587448 255 201 208
0.049173504114151 0.023745499551296234 0.20499999821186066 253 191 192
0.04965554177761078 0.023745499551296234 0.20499999821186066 253 191 192
0.056740377098321915 0.02409299463033676 0.20800000429153442 255 195 217
0.05750460922718048 0.024208825081586838 0.20900000631809235 255 193 215
0.006149933207780123 0.023754803463816643 0.20100000500679016 255 250 194
0.00662256358191371 0.023754803463816643 0.20100000500679016 255 253 212
0.007605474907904863 0.023872986435890198 0.20200000703334808 255 231 210
0.008080456405878067 0.023872986435890198 0.20200000703334808 240 211 190
0.008809559978544712 0.024582084268331528 0.20800000429153442 241 212 191
0.00934335496276617 0.024700267240405083 0.20900000631809235 255 229 208
0.009928909130394459 0.024936633184552193 0.210999995470047 255 242 224
0.013925536535680294 0.021863872185349464 0.1850000023841858 255 228 230
0.014282919466495514 0.02174568921327591 0.18400000035762787 255 228 230
0.01471557654440403 0.02174568921327591 0.18400000035762787 255 236 236
0.015148232690989971 0.02174568921327591 0.18400000035762787 255 236 236
0.04493841528892517 0.023282069712877274 0.19699999690055847 255 210 213
0.04563210532069206 0.02340025268495083 0.1979999989271164 255 227 229
0.04633049666881561 0.023518435657024384 0.19900000095367432 255 220 222
0.046798426657915115 0.023518435657024384 0.19900000095367432 255 207 216
0.04750387370586395 0.02363661862909794 0.20000000298023224 254 197 206
0.04821402207016945 0.023754803463816643 0.20100000500679016 255 202 205
0.0489288754761219 0.023872986435890198 0.20200000703334808 255 207 210
0.049648430198431015 0.023991169407963753 0.2029999941587448 255 190 192
0.050125762820243835 0.023991169407963753 0.2029999941587448 219 154 156
0.054475899785757065 0.024227535352110863 0.20499999821186066 255 199 210
0.05522602051496506 0.024345718324184418 0.20600000023841858 255 201 217
0.006088739726692438 0.023986363783478737 0.19900000095367432 255 252 193
0.006556667387485504 0.023986363783478737 0.19900000095367432 255 254 219
0.007024594582617283 0.023986363783478737 0.19900000095367432 255 255 220
0.007492522243410349 0.023986363783478737 0.19900000095367432 238 219 204
0.007880444638431072 0.02374529466032982 0.19699999690055847 243 224 209
0.008216608315706253 0.023383691906929016 0.1940000057220459 254 233 220
0.008583368733525276 0.023142622783780098 0.19200000166893005 255 242 229
0.009034836664795876 0.023142622783780098 0.19200000166893005 255 251 242
0.013490528799593449 0.02229888178408146 0.1850000023841858 255 242 235
0.013925536535680294 0.02229888178408146 0.1850000023841858 255 248 243
0.014282919466495514 0.022178346291184425 0.18400000035762787 255 248 243
0.01471557654440403 0.022178346291184425 0.18400000035762787 255 252 245
0.015148232690989971 0.022178346291184425 0.18400000035762787 255 252 245
0.015580888837575912 0.022178346291184425 0.18400000035762787 255 250 242
0.01592651568353176 0.02205781266093254 0.18299999833106995 255 251 243
0.0163568202406168 0.02205781266093254 0.18299999833106995 255 247 239
0.029106050729751587 0.021937277168035507 0.18199999630451202 255 209 192
0.029534004628658295 0.021937277168035507 0.18199999630451202 255 224 207
0.029961958527565002 0.021937277168035507 0.18199999630451202 255 235 218
0.03038991242647171 0.021937277168035507 0.18199999630451202 255 237 220
0.030817866325378418 0.021937277168035507 0.18199999630451202 255 246 225
0.031245820224285126 0.021937277168035507 0.18199999630451202 255 247 226
0.031673774123191833 0.021937277168035507 0.18199999630451202 255 245 228
0.03210172802209854 0.021937277168035507 0.18199999630451202 255 239 222
0.03252968192100525 0.021937277168035507 0.18199999630451202 255 215 203
0.035755764693021774 0.021816743537783623 0.1809999942779541 255 219 208
0.03638126328587532 0.021937277168035507 0.18199999630451202 255 240 229
0.03680921718478203 0.021937277168035507 0.18199999630451202 255 248 243
0.037237171083688736 0.021937277168035507 0.18199999630451202 255 248 243
0.044475190341472626 0.02374529466032982 0.19699999690055847 255 214 201
0.04448218643665314 0.0235042255371809 0.19499999284744263 255 230 217
0.04494071006774902 0.0235042255371809 0.19499999284744263 255 217 217
0.045632049441337585 0.023624761030077934 0.19599999487400055 255 216 216
0.0460929200053215 0.023624761030077934 0.19599999487400055 255 213 229
0.047028832137584686 0.023865830153226852 0.1979999989271164 252 194 210
0.04749440774321556 0.023865830153226852 0.1979999989271164 245 188 197
0.04844443127512932 0.02410689741373062 0.20000000298023224 248 191 200
0.04891470819711685 0.02410689741373062 0.20000000298023224 253 197 199
0.049384988844394684 0.02410689741373062 0.20000000298023224 239 183 185
0.050104543566703796 0.024227432906627655 0.20100000500679016 210 150 148
0.05082879960536957 0.02434796653687954 0.20200000703334808 211 151 149
0.05130378156900406 0.02434796653687954 0.20200000703334808 245 186 179
0.05177876353263855 0.02434796653687954 0.20200000703334808 255 209 202
0.05225374549627304 0.02434796653687954 0.20200000703334808 255 212 213
0.05298975855112076 0.024468502029776573 0.2029999941587448 245 191 192
0.05346709117293358 0.024468502029776573 0.2029999941587448 235 166 181
0.05421016365289688 0.024589035660028458 0.20399999618530273 240 171 186
0.054957933723926544 0.02470957115292549 0.20499999821186066 255 200 221
0.055710408836603165 0.024830104783177376 0.20600000023841858 255 194 215
0.005536076612770557 0.024085633456707 0.19599999487400055 255 252 194
0.006027546711266041 0.024208519607782364 0.19699999690055847 255 254 196
0.006490771193057299 0.024208519607782364 0.19699999690055847 255 255 226
0.006918696220964193 0.024085633456707 0.19599999487400055 255 255 226
0.007379569578915834 0.024085633456707 0.19599999487400055 255 249 240
0.007800440303981304 0.023962747305631638 0.19499999284744263 235 226 217
0.008131901733577251 0.023594090715050697 0.19200000166893005 232 225 215
0.008493958972394466 0.02334831841289997 0.1899999976158142 255 251 241
0.008940723724663258 0.02334831841289997 0.1899999976158142 255 255 245
0.011814013123512268 0.02285677380859852 0.1860000044107437 254 255 249
0.012251372449100018 0.02285677380859852 0.1860000044107437 255 255 249
0.012688731774687767 0.02285677380859852 0.1860000044107437 255 255 249
0.013126091100275517 0.02285677380859852 0.1860000044107437 255 253 249
0.013490528799593449 0.022733889520168304 0.1850000023841858 255 253 249
0.013925536535680294 0.022733889520168304 0.1850000023841858 255 254 249
0.01436054427176714 0.022733889520168304 0.1850000023841858 255 254 249
0.01471557654440403 0.02261100336909294 0.18400000035762787 255 254 249
0.015148232690989971 0.02261100336909294 0.18400000035762787 255 254 249
0.015580888837575912 0.02261100336909294 0.18400000035762787 255 254 249
0.01592651568353176 0.022488117218017578 0.18299999833106995 255 254 249
0.0163568202406168 0.022488117218017578 0.18299999833106995 255 254 247
0.016787126660346985 0.022488117218017578 0.18299999833106995 255 254 247
0.017217431217432022 0.022488117218017578 0.18299999833106995 255 248 238
0.017979254946112633 0.022365231066942215 0.18199999630451202 255 236 222
0.01840720698237419 0.022365231066942215 0.18199999630451202 255 243 229
0.018731672316789627 0.022242344915866852 0.1809999942779541 255 248 225
0.019157273694872856 0.022242344915866852 0.1809999942779541 255 249 226
0.020434081554412842 0.022242344915866852 0.1809999942779541 255 249 218
0.02085968293249607 0.022242344915866852 0.1809999942779541 255 248 217
0.02128528617322445 0.022242344915866852 0.1809999942779541 255 243 218
0.02469010464847088 0.022242344915866852 0.1809999942779541 164 103 108
0.025115706026554108 0.022242344915866852 0.1809999942779541 168 107 112
0.025541309267282486 0.022242344915866852 0.1809999942779541 170 105 121
0.025966910645365715 0.022242344915866852 0.1809999942779541 169 104 120
0.02867809683084488 0.022365231066942215 0.18199999630451202 255 240 220
0.029106050729751587 0.022365231066942215 0.18199999630451202 255 252 231
0.029534004628658295 0.022365231066942215 0.18199999630451202 255 252 231
0.029961958527565002 0.022365231066942215 0.18199999630451202 255 253 241
0.03038991242647171 0.022365231066942215 0.18199999630451202 255 252 240
0.030817866325378418 0.022365231066942215 0.18199999630451202 255 254 241
0.031245820224285126 0.022365231066942215 0.18199999630451202 255 254 241
0.031673774123191833 0.022365231066942215 0.18199999630451202 255 253 240
0.03210172802209854 0.022365231066942215 0.18199999630451202 255 254 241
0.03252968192100525 0.022365231066942215 0.18199999630451202 255 250 235
0.03295763581991196 0.022365231066942215 0.18199999630451202 255 245 230
0.035330161452293396 0.022242344915866852 0.1809999942779541 255 240 231
0.035755764693021774 0.022242344915866852 0.1809999942779541 255 252 243
0.03638126328587532 0.022365231066942215 0.18199999630451202 255 252 243
0.03680921718478203 0.022365231066942215 0.18199999630451202 255 254 247
0.037237171083688736 0.022365231066942215 0.18199999630451202 255 254 247
0.037665124982595444 0.022365231066942215 0.18199999630451202 255 252 249
0.038302380591630936 0.022488117218017578 0.18299999833106995 255 251 248
0.04267150163650513 0.023471204563975334 0.19099999964237213 255 209 187
0.0431206151843071 0.023471204563975334 0.19099999964237213 255 245 227
0.04356973245739937 0.023471204563975334 0.19099999964237213 255 246 228
0.044249314814805984 0.023594090715050697 0.19200000166893005 246 218 215
0.045632049441337585 0.024085633456707 0.19599999487400055 229 201 198
0.0458577536046505 0.023962747305631638 0.19499999284744263 237 188 201
0.046316273510456085 0.023962747305631638 0.19499999284744263 236 187 200
0.04677479714155197 0.023962747305631638 0.19499999284744263 240 191 204
0.04844443127512932 0.024577176198363304 0.20000000298023224 251 202 215
0.04842556267976761 0.024331405758857727 0.1979999989271164 255 222 224
0.04889113828539848 0.024331405758857727 0.1979999989271164 255 231 233
0.04960598796606064 0.02445429190993309 0.19900000095367432 255 234 233
0.05032554641366005 0.024577176198363304 0.20000000298023224 255 240 239
0.05079582333564758 0.024577176198363304 0.20000000298023224 255 244 241
0.051266103982925415 0.024577176198363304 0.20000000298023224 255 245 242
0.051995061337947845 0.024700062349438667 0.20100000500679016 255 248 247
0.05246769264340401 0.024700062349438667 0.20100000500679016 255 246 245
0.05320370942354202 0.02482294850051403 0.20200000703334808 255 225 239
0.0539444275200367 0.024945834651589394 0.2029999941587448 231 178 192
0.05468984693288803 0.025068720802664757 0.20399999618530273 241 172 195
0.05543997138738632 0.02519160695374012 0.20499999821186066 255 198 221
0.0559220053255558 0.02519160695374012 0.20499999821186066 255 189 212
0.005507831461727619 0.024421269074082375 0.19499999284744263 255 255 195
0.005966353230178356 0.024421269074082375 0.19499999284744263 255 255 196
0.006424874998629093 0.024421269074082375 0.19499999284744263 255 255 231
0.006848097313195467 0.024296032264828682 0.1940000057220459 255 255 231
0.00726661691442132 0.02417079545557499 0.19300000369548798 255 255 245
0.007720435969531536 0.02417079545557499 0.19300000369548798 250 248 238
0.008089547976851463 0.023920319974422455 0.19099999964237213 240 241 232
0.008493958972394466 0.023795083165168762 0.1899999976158142 253 254 245
0.008893667720258236 0.02366984635591507 0.1889999955892563 254 255 247
0.009288673289120197 0.023544607684016228 0.18799999356269836 254 255 247
0.00973073486238718 0.023544607684016228 0.18799999356269836 254 255 249
0.010118686594069004 0.023419370874762535 0.18700000643730164 254 255 249
0.01050193514674902 0.023294134065508842 0.1860000044107437 254 255 249
0.010939294472336769 0.023294134065508842 0.1860000044107437 254 255 249
0.011376653797924519 0.023294134065508842 0.1860000044107437 254 255 251
0.011814013123512268 0.023294134065508842 0.1860000044107437 254 255 251
0.012251372449100018 0.023294134065508842 0.1860000044107437 254 255 251
0.012688731774687767 0.023294134065508842 0.1860000044107437 254 255 251
0.013055521063506603 0.02316889725625515 0.1850000023841858 254 255 251
0.013490528799593449 0.02316889725625515 0.1850000023841858 254 255 251
0.013925536535680294 0.02316889725625515 0.1850000023841858 254 255 251
0.01436054427176714 0.02316889725625515 0.1850000023841858 254 255 251
0.01471557654440403 0.023043658584356308 0.18400000035762787 254 255 251
0.015148232690989971 0.023043658584356308 0.18400000035762787 254 255 251
0.015580888837575912 0.023043658584356308 0.18400000035762787 254 255 251
0.01592651568353176 0.022918421775102615 0.18299999833106995 254 255 251
0.0163568202406168 0.022918421775102615 0.18299999833106995 254 255 251
0.016787126660346985 0.022918421775102615 0.18299999833106995 254 255 251
0.017123347148299217 0.022793184965848923 0.18199999630451202 255 255 247
0.017551301047205925 0.022793184965848923 0.18199999630451202 255 255 247
0.017979254946112633 0.022793184965848923 0.18199999630451202 255 254 245
0.01840720698237419 0.022793184965848923 0.18199999630451202 255 254 245
0.018731672316789627 0.02266794815659523 0.1809999942779541 255 254 243
0.019157273694872856 0.02266794815659523 0.1809999942779541 255 254 243
0.019582876935601234 0.02266794815659523 0.1809999942779541 255 254 243
0.020008478313684464 0.02266794815659523 0.1809999942779541 255 254 243
0.020434081554412842 0.02266794815659523 0.1809999942779541 255 255 241
0.02085968293249607 0.02266794815659523 0.1809999942779541 255 255 241
0.02128528617322445 0.02266794815659523 0.1809999942779541 255 254 239
0.021710887551307678 0.02266794815659523 0.1809999942779541 255 254 239
0.022136490792036057 0.02266794815659523 0.1809999942779541 255 241 227
0.022562092170119286 0.02266794815659523 0.1809999942779541 212 170 156
0.02469010464847088 0.02266794815659523 0.1809999942779541 255 251 245
0.025115706026554108 0.02266794815659523 0.1809999942779541 255 251 245
0.025541309267282486 0.02266794815659523 0.1809999942779541 255 251 249
0.025966910645365715 0.02266794815659523 0.1809999942779541 255 251 249
0.026392513886094093 0.02266794815659523 0.1809999942779541 255 250 247
0.026818115264177322 0.02266794815659523 0.1809999942779541 255 250 247
0.0272437185049057 0.02266794815659523 0.1809999942779541 255 234 223
0.027822189033031464 0.022793184965848923 0.18199999630451202 241 215 204
0.02825014293193817 0.022793184965848923 0.18199999630451202 255 251 229
0.02867809683084488 0.022793184965848923 0.18199999630451202 255 253 231
0.029106050729751587 0.022793184965848923 0.18199999630451202 255 255 241
0.029534004628658295 0.022793184965848923 0.18199999630451202 255 255 241
0.029961958527565002 0.022793184965848923 0.18199999630451202 255 255 247
0.03038991242647171 0.022793184965848923 0.18199999630451202 255 255 247
0.030817866325378418 0.022793184965848923 0.18199999630451202 255 255 247
0.031245820224285126 0.022793184965848923 0.18199999630451202 255 255 247
0.031673774123191833 0.022793184965848923 0.18199999630451202 255 254 249
0.03210172802209854 0.022793184965848923 0.18199999630451202 255 254 249
0.03252968192100525 0.022793184965848923 0.18199999630451202 255 253 243
0.03295763581991196 0.022793184965848923 0.18199999630451202 255 253 243
0.033385589718818665 0.022793184965848923 0.18199999630451202 240 199 189
0.033813539892435074 0.022793184965848923 0.18199999630451202 144 103 93
0.035330161452293396 0.02266794815659523 0.1809999942779541 255 251 243
0.035755764693021774 0.02266794815659523 0.1809999942779541 255 255 247
0.03638126328587532 0.022793184965848923 0.18199999630451202 255 255 247
0.03680921718478203 0.022793184965848923 0.18199999630451202 255 255 249
0.037237171083688736 0.022793184965848923 0.18199999630451202 255 255 249
0.037665124982595444 0.022793184965848923 0.18199999630451202 255 254 249
0.038302380591630936 0.022918421775102615 0.18299999833106995 255 254 249
0.0417802631855011 0.02366984635591507 0.1889999955892563 255 221 199
0.04222467914223671 0.02366984635591507 0.1889999955892563 255 243 221
0.04266909137368202 0.02366984635591507 0.1889999955892563 255 253 239
0.04334161803126335 0.023795083165168762 0.1899999976158142 255 253 239
0.04378838464617729 0.023795083165168762 0.1899999976158142 255 252 247
0.04446796700358391 0.023920319974422455 0.19099999964237213 255 250 245
0.04491708055138588 0.023920319974422455 0.19099999964237213 247 219 228
0.04560371860861778 0.024045556783676147 0.19200000166893005 227 199 208
0.046295054256916046 0.02417079545557499 0.19300000369548798 255 231 242
0.04699109494686127 0.024296032264828682 0.1940000057220459 255 232 243
0.047691840678453445 0.024421269074082375 0.19499999284744263 255 237 241
0.04839728772640228 0.024546505883336067 0.19599999487400055 255 240 244
0.04910743609070778 0.02467174455523491 0.19699999690055847 254 232 234
0.04982228949666023 0.0247969813644886 0.1979999989271164 255 242 244
0.05028786510229111 0.0247969813644886 0.1979999989271164 255 249 247
0.05100977048277855 0.024922218173742294 0.19900000095367432 255 249 247
0.05173638090491295 0.025047456845641136 0.20000000298023224 255 251 249
0.05220666155219078 0.025047456845641136 0.20000000298023224 255 249 247
0.05294032394886017 0.02517269365489483 0.20100000500679016 255 238 250
0.053678691387176514 0.02529793046414852 0.20200000703334808 245 210 222
0.05442176014184952 0.025423167273402214 0.2029999941587448 228 164 185
0.05516953021287918 0.025548405945301056 0.20399999618530273 246 182 203
0.005507831461727619 0.02487979084253311 0.19499999284744263 255 248 188
0.005935756489634514 0.02475220337510109 0.1940000057220459 255 255 196
0.006391926668584347 0.02475220337510109 0.1940000057220459 255 255 233
0.006812797859311104 0.024624614045023918 0.19300000369548798 255 255 233
0.007228965871036053 0.024497024714946747 0.19200000166893005 254 255 245
0.007680433802306652 0.024497024714946747 0.19200000166893005 254 255 245
0.008089547976851463 0.024369437247514725 0.19099999964237213 253 255 246
0.008493958972394466 0.024241847917437553 0.1899999976158142 254 255 247
0.008893667720258236 0.024114258587360382 0.1889999955892563 254 255 249
0.009288673289120197 0.02398667111992836 0.18799999356269836 254 255 249
0.00967897567898035 0.02385908178985119 0.18700000643730164 254 255 249
0.010118686594069004 0.02385908178985119 0.18700000643730164 254 255 249
0.01050193514674902 0.023731492459774017 0.1860000044107437 254 255 249
0.010939294472336769 0.023731492459774017 0.1860000044107437 254 255 249
0.011376653797924519 0.023731492459774017 0.1860000044107437 254 255 249
0.011814013123512268 0.023731492459774017 0.1860000044107437 254 255 249
0.012251372449100018 0.023731492459774017 0.1860000044107437 254 255 249
0.012688731774687767 0.023731492459774017 0.1860000044107437 254 255 249
0.013055521063506603 0.023603904992341995 0.1850000023841858 254 255 249
0.013490528799593449 0.023603904992341995 0.1850000023841858 254 255 249
0.013925536535680294 0.023603904992341995 0.1850000023841858 254 255 249
0.01436054427176714 0.023603904992341995 0.1850000023841858 254 255 249
0.01471557654440403 0.023476315662264824 0.18400000035762787 254 255 249
0.015148232690989971 0.023476315662264824 0.18400000035762787 254 255 249
0.015580888837575912 0.023476315662264824 0.18400000035762787 254 255 249
0.01592651568353176 0.023348728194832802 0.18299999833106995 254 255 249
0.0163568202406168 0.023348728194832802 0.18299999833106995 254 255 249
0.016787126660346985 0.023348728194832802 0.18299999833106995 254 255 249
0.017123347148299217 0.02322113886475563 0.18199999630451202 254 255 249
0.017551301047205925 0.02322113886475563 0.18199999630451202 254 255 249
0.017979254946112633 0.02322113886475563 0.18199999630451202 254 255 249
0.01840720698237419 0.02322113886475563 0.18199999630451202 254 255 249
0.018731672316789627 0.02309354953467846 0.1809999942779541 254 255 249
0.019157273694872856 0.02309354953467846 0.1809999942779541 254 255 249
0.019582876935601234 0.02309354953467846 0.1809999942779541 254 255 249
0.020008478313684464 0.02309354953467846 0.1809999942779541 254 255 249
0.020434081554412842 0.02309354953467846 0.1809999942779541 254 255 249
0.02085968293249607 0.02309354953467846 0.1809999942779541 254 255 249
0.02128528617322445 0.02309354953467846 0.1809999942779541 254 255 247
0.021710887551307678 0.02309354953467846 0.1809999942779541 254 255 247
0.022136490792036057 0.02309354953467846 0.1809999942779541 255 252 237
0.022562092170119286 0.02309354953467846 0.1809999942779541 228 214 199
0.022987695410847664 0.02309354953467846 0.1809999942779541 255 243 226
0.023413296788930893 0.02309354953467846 0.1809999942779541 255 250 233
0.02383890002965927 0.02309354953467846 0.1809999942779541 255 252 237
0.0242645014077425 0.02309354953467846 0.1809999942779541 255 253 238
0.02469010464847088 0.02309354953467846 0.1809999942779541 255 255 247
0.025115706026554108 0.02309354953467846 0.1809999942779541 255 255 247
0.025541309267282486 0.02309354953467846 0.1809999942779541 255 254 249
0.025966910645365715 0.02309354953467846 0.1809999942779541 255 254 249
0.026392513886094093 0.02309354953467846 0.1809999942779541 255 254 249
0.026818115264177322 0.02309354953467846 0.1809999942779541 255 254 249
0.0272437185049057 0.02309354953467846 0.1809999942779541 255 254 245
0.02766931988298893 0.02309354953467846 0.1809999942779541 255 254 245
0.02825014293193817 0.02322113886475563 0.18199999630451202 254 255 244
0.02867809683084488 0.02322113886475563 0.18199999630451202 255 255 245
0.029106050729751587 0.02322113886475563 0.18199999630451202 254 255 247
0.029534004628658295 0.02322113886475563 0.18199999630451202 254 255 247
0.029961958527565002 0.02322113886475563 0.18199999630451202 254 255 249
0.03038991242647171 0.02322113886475563 0.18199999630451202 254 255 249
0.030817866325378418 0.02322113886475563 0.18199999630451202 254 255 249
0.031245820224285126 0.02322113886475563 0.18199999630451202 254 255 249
0.031673774123191833 0.02322113886475563 0.18199999630451202 254 255 251
0.03210172802209854 0.02322113886475563 0.18199999630451202 254 255 251
0.03252968192100525 0.02322113886475563 0.18199999630451202 255 255 249
0.03295763581991196 0.02322113886475563 0.18199999630451202 255 255 249
0.033385589718818665 0.02322113886475563 0.18199999630451202 254 244 230
0.03362775221467018 0.02309354953467846 0.1809999942779541 201 191 177
0.03405335545539856 0.02309354953467846 0.1809999942779541 255 243 231
0.03490455821156502 0.02309354953467846 0.1809999942779541 255 255 247
0.035330161452293396 0.02309354953467846 0.1809999942779541 255 255 247
0.035755764693021774 0.02309354953467846 0.1809999942779541 254 255 249
0.03638126328587532 0.02322113886475563 0.18199999630451202 254 255 249
0.03680921718478203 0.02322113886475563 0.18199999630451202 254 255 251
0.037237171083688736 0.02322113886475563 0.18199999630451202 254 255 251
0.037665124982595444 0.02322113886475563 0.18199999630451202 254 255 251
0.038302380591630936 0.023348728194832802 0.18299999833106995 254 255 251
0.041117142885923386 0.02398667111992836 0.18799999356269836 254 235 220
0.04155920445919037 0.02398667111992836 0.18799999356269836 255 245 227
0.04222467914223671 0.024114258587360382 0.1889999955892563 255 253 235
0.04266909137368202 0.024114258587360382 0.1889999955892563 255 255 243
0.04334161803126335 0.024241847917437553 0.1899999976158142 255 255 243
0.04378838464617729 0.024241847917437553 0.1899999976158142 255 254 249
0.04446796700358391 0.024369437247514725 0.19099999964237213 255 254 249
0.04491708055138588 0.024369437247514725 0.19099999964237213 255 245 251
0.04560371860861778 0.024497024714946747 0.19200000166893005 244 226 232
0.046295054256916046 0.024624614045023918 0.19300000369548798 255 247 253
0.04699109494686127 0.02475220337510109 0.1940000057220459 255 248 254
0.047691840678453445 0.02487979084253311 0.19499999284744263 255 251 251
0.04815036430954933 0.02487979084253311 0.19499999284744263 255 249 249
0.04860888421535492 0.02487979084253311 0.19499999284744263 251 236 235
0.049319032579660416 0.025007380172610283 0.19599999487400055 244 229 228
0.05003388598561287 0.025134969502687454 0.19699999690055847 255 244 240
0.05075344070792198 0.025262556970119476 0.1979999989271164 255 251 247
0.05147770047187805 0.025390146300196648 0.19900000095367432 255 254 247
0.051945626735687256 0.025390146300196648 0.19900000095367432 255 254 247
0.052676938474178314 0.02551773563027382 0.20000000298023224 255 247 251
0.05341295525431633 0.02564532309770584 0.20100000500679016 255 236 240
0.054153669625520706 0.025772912427783012 0.20200000703334808 228 167 184
0.05489909276366234 0.025900499895215034 0.2029999941587448 237 176 193
0.005479585845023394 0.025208372622728348 0.1940000057220459 255 255 198
0.005935756489634514 0.025208372622728348 0.1940000057220459 255 255 197
0.006391926668584347 0.025208372622728348 0.1940000057220459 255 255 231
0.006812797859311104 0.025078432634472847 0.19300000369548798 255 255 231
0.007228965871036053 0.024948492646217346 0.19200000166893005 254 255 245
0.007640431635081768 0.024818552657961845 0.19099999964237213 254 255 245
0.008047194220125675 0.024688612669706345 0.1899999976158142 254 255 249
0.008493958972394466 0.024688612669706345 0.1899999976158142 254 255 249
0.008893667720258236 0.024558672681450844 0.1889999955892563 254 255 249
0.009288673289120197 0.024428732693195343 0.18799999356269836 254 255 249
0.00967897567898035 0.024298792704939842 0.18700000643730164 254 255 251
0.010118686594069004 0.024298792704939842 0.18700000643730164 254 255 251
0.010558397509157658 0.024298792704939842 0.18700000643730164 254 255 251
0.010939294472336769 0.02416885271668434 0.1860000044107437 254 255 251
0.011376653797924519 0.02416885271668434 0.1860000044107437 254 255 251
0.011814013123512268 0.02416885271668434 0.1860000044107437 254 255 251
0.012251372449100018 0.02416885271668434 0.1860000044107437 254 255 251
0.012688731774687767 0.02416885271668434 0.1860000044107437 254 255 251
0.013055521063506603 0.02403891272842884 0.1850000023841858 254 255 251
0.013490528799593449 0.02403891272842884 0.1850000023841858 254 255 251
0.013925536535680294 0.02403891272842884 0.1850000023841858 254 255 251
0.01436054427176714 0.02403891272842884 0.1850000023841858 254 255 251
0.014795552007853985 0.02403891272842884 0.1850000023841858 254 255 251
0.015148232690989971 0.02390897274017334 0.18400000035762787 254 255 251
0.015580888837575912 0.02390897274017334 0.18400000035762787 254 255 251
0.01592651568353176 0.02377903275191784 0.18299999833106995 254 255 251
0.0163568202406168 0.02377903275191784 0.18299999833106995 254 255 251
0.016787126660346985 0.02377903275191784 0.18299999833106995 254 255 251
0.017217431217432022 0.02377903275191784 0.18299999833106995 254 255 251
0.017551301047205925 0.023649092763662338 0.18199999630451202 254 255 251
0.017979254946112633 0.023649092763662338 0.18199999630451202 254 255 251
0.01840720698237419 0.023649092763662338 0.18199999630451202 254 255 251
0.018731672316789627 0.023519152775406837 0.1809999942779541 254 255 251
0.019157273694872856 0.023519152775406837 0.1809999942779541 254 255 251
0.019582876935601234 0.023519152775406837 0.1809999942779541 254 255 251
0.020008478313684464 0.023519152775406837 0.1809999942779541 254 255 251
0.020434081554412842 0.023519152775406837 0.1809999942779541 254 255 251
0.02085968293249607 0.023519152775406837 0.1809999942779541 254 255 251
0.02128528617322445 0.023519152775406837 0.1809999942779541 254 255 251
0.021710887551307678 0.023519152775406837 0.1809999942779541 254 255 251
0.022136490792036057 0.023519152775406837 0.1809999942779541 253 255 246
0.022562092170119286 0.023519152775406837 0.1809999942779541 250 252 243
0.022987695410847664 0.023519152775406837 0.1809999942779541 255 254 244
0.023413296788930893 0.023519152775406837 0.1809999942779541 255 255 245
0.02383890002965927 0.023519152775406837 0.1809999942779541 255 255 247
0.0242645014077425 0.023519152775406837 0.1809999942779541 255 255 247
0.02469010464847088 0.023519152775406837 0.1809999942779541 255 255 249
0.025115706026554108 0.023519152775406837 0.1809999942779541 255 255 249
0.025541309267282486 0.023519152775406837 0.1809999942779541 255 255 249
0.025966910645365715 0.023519152775406837 0.1809999942779541 255 255 249
0.026392513886094093 0.023519152775406837 0.1809999942779541 255 255 251
0.026818115264177322 0.023519152775406837 0.1809999942779541 255 255 251
0.0272437185049057 0.023519152775406837 0.1809999942779541 254 255 251
0.02766931988298893 0.023519152775406837 0.1809999942779541 254 255 251
0.02825014293193817 0.023649092763662338 0.18199999630451202 254 255 251
0.02867809683084488 0.023649092763662338 0.18199999630451202 254 255 251
0.029106050729751587 0.023649092763662338 0.18199999630451202 254 255 251
0.029534004628658295 0.023649092763662338 0.18199999630451202 254 255 251
0.029961958527565002 0.023649092763662338 0.18199999630451202 254 255 251
0.03038991242647171 0.023649092763662338 0.18199999630451202 254 255 251
0.030817866325378418 0.023649092763662338 0.18199999630451202 254 255 251
0.031245820224285126 0.023649092763662338 0.18199999630451202 254 255 251
0.031673774123191833 0.023649092763662338 0.18199999630451202 254 255 251
0.03210172802209854 0.023649092763662338 0.18199999630451202 254 255 251
0.03252968192100525 0.023649092763662338 0.18199999630451202 254 255 249
0.03295763581991196 0.023649092763662338 0.18199999630451202 254 255 249
0.033385589718818665 0.023649092763662338 0.18199999630451202 255 255 247
0.03362775221467018 0.023519152775406837 0.1809999942779541 255 255 247
0.03405335545539856 0.023519152775406837 0.1809999942779541 254 255 244
0.03447895869612694 0.023519152775406837 0.1809999942779541 255 255 245
0.03490455821156502 0.023519152775406837 0.1809999942779541 254 255 249
0.035330161452293396 0.023519152775406837 0.1809999942779541 254 255 249
0.03595330938696861 0.023649092763662338 0.18199999630451202 254 255 249
0.03638126328587532 0.023649092763662338 0.18199999630451202 254 255 249
0.03680921718478203 0.023649092763662338 0.18199999630451202 254 255 251
0.037237171083688736 0.023649092763662338 0.18199999630451202 254 255 251
0.037665124982595444 0.023649092763662338 0.18199999630451202 254 255 251
0.038302380591630936 0.02377903275191784 0.18299999833106995 254 255 251
0.03873268514871597 0.02377903275191784 0.18299999833106995 255 255 249
0.03937699645757675 0.02390897274017334 0.18400000035762787 255 255 249
0.04024236649274826 0.02416885271668434 0.1860000044107437 255 254 245
0.040679726749658585 0.02416885271668434 0.1860000044107437 254 250 241
0.04111708700656891 0.02416885271668434 0.1860000044107437 255 253 241
0.04177785664796829 0.024298792704939842 0.18700000643730164 255 255 243
0.042217567563056946 0.024298792704939842 0.18700000643730164 254 255 247
0.042885392904281616 0.024428732693195343 0.18799999356269836 254 255 247
0.0433274544775486 0.024428732693195343 0.18799999356269836 254 255 249
0.04400233179330826 0.024558672681450844 0.1889999955892563 254 255 249
0.04444674402475357 0.024558672681450844 0.1889999955892563 255 251 251
0.045128677040338516 0.024688612669706345 0.1899999976158142 242 232 232
0.04581531509757042 0.024818552657961845 0.19099999964237213 255 242 246
0.04650665074586868 0.024948492646217346 0.19200000166893005 255 250 254
0.0472026951611042 0.025078432634472847 0.19300000369548798 255 253 251
0.04790343716740608 0.025208372622728348 0.1940000057220459 255 252 250
0.04860888421535492 0.02533831261098385 0.19499999284744263 255 250 248
0.049319032579660416 0.02546825259923935 0.19599999487400055 246 236 234
0.05003388598561287 0.02559819258749485 0.19699999690055847 238 229 224
0.05075344070792198 0.02572813257575035 0.1979999989271164 255 251 246
0.05147770047187805 0.025858072564005852 0.19900000095367432 255 253 247
0.051945626735687256 0.025858072564005852 0.19900000095367432 255 253 247
0.052676938474178314 0.025988014414906502 0.20000000298023224 255 249 250
0.05341295525431633 0.026117954403162003 0.20100000500679016 255 249 250
0.054153669625520706 0.026247894391417503 0.20200000703334808 241 190 203
0.05489909276366234 0.026377834379673004 0.2029999941587448 220 169 182
0.005479585845023394 0.025664543733000755 0.1940000057220459 255 255 192
0.005935756489634514 0.025664543733000755 0.1940000057220459 255 255 195
0.006358978804200888 0.025532251223921776 0.19300000369548798 255 255 225
0.006812797859311104 0.025532251223921776 0.19300000369548798 255 255 225
0.007228965871036053 0.025399960577487946 0.19200000166893005 254 255 243
0.007640431635081768 0.025267669931054115 0.19099999964237213 254 255 243
0.008047194220125675 0.025135377421975136 0.1899999976158142 254 255 247
0.008449253626167774 0.025003086775541306 0.1889999955892563 254 255 247
0.008893667720258236 0.025003086775541306 0.1889999955892563 254 255 249
0.009288673289120197 0.024870794266462326 0.18799999356269836 254 255 249
0.00967897567898035 0.024738503620028496 0.18700000643730164 254 255 251
0.010118686594069004 0.024738503620028496 0.18700000643730164 254 255 251
0.01050193514674902 0.024606211110949516 0.1860000044107437 254 255 251
0.010939294472336769 0.024606211110949516 0.1860000044107437 254 255 251
0.011376653797924519 0.024606211110949516 0.1860000044107437 254 255 251
0.011814013123512268 0.024606211110949516 0.1860000044107437 254 255 251
0.012251372449100018 0.024606211110949516 0.1860000044107437 254 255 251
0.012688731774687767 0.024606211110949516 0.1860000044107437 254 255 251
0.013055521063506603 0.024473920464515686 0.1850000023841858 254 255 251
0.013490528799593449 0.024473920464515686 0.1850000023841858 254 255 251
0.013925536535680294 0.024473920464515686 0.1850000023841858 254 255 251
0.01436054427176714 0.024473920464515686 0.1850000023841858 254 255 251
0.014795552007853985 0.024473920464515686 0.1850000023841858 254 255 251
0.015148232690989971 0.024341629818081856 0.18400000035762787 254 255 251
0.015580888837575912 0.024341629818081856 0.18400000035762787 254 255 251
0.01592651568353176 0.024209337309002876 0.18299999833106995 254 255 251
0.0163568202406168 0.024209337309002876 0.18299999833106995 254 255 251
0.016787126660346985 0.024209337309002876 0.18299999833106995 254 255 251
0.017217431217432022 0.024209337309002876 0.18299999833106995 254 255 251
0.017551301047205925 0.024077046662569046 0.18199999630451202 254 255 251
0.017979254946112633 0.024077046662569046 0.18199999630451202 254 255 251
0.01840720698237419 0.024077046662569046 0.18199999630451202 254 255 251
0.018731672316789627 0.023944754153490067 0.1809999942779541 254 255 251
0.019157273694872856 0.023944754153490067 0.1809999942779541 254 255 251
0.019582876935601234 0.023944754153490067 0.1809999942779541 254 255 251
0.020008478313684464 0.023944754153490067 0.1809999942779541 254 255 251
0.020434081554412842 0.023944754153490067 0.1809999942779541 254 255 251
0.02085968293249607 0.023944754153490067 0.1809999942779541 254 255 251
0.02128528617322445 0.023944754153490067 0.1809999942779541 254 255 251
0.021710887551307678 0.023944754153490067 0.1809999942779541 254 255 251
0.022136490792036057 0.023944754153490067 0.1809999942779541 254 255 249
0.022562092170119286 0.023944754153490067 0.1809999942779541 254 255 249
0.022987695410847664 0.023944754153490067 0.1809999942779541 254 255 249
0.023413296788930893 0.023944754153490067 0.1809999942779541 254 255 249
0.02383890002965927 0.023944754153490067 0.1809999942779541 254 255 249
0.0242645014077425 0.023944754153490067 0.1809999942779541 254 255 249
0.02469010464847088 0.023944754153490067 0.1809999942779541 254 255 249
0.025115706026554108 0.023944754153490067 0.1809999942779541 254 255 249
0.025541309267282486 0.023944754153490067 0.1809999942779541 254 255 249
0.025966910645365715 0.023944754153490067 0.1809999942779541 254 255 249
0.026392513886094093 0.023944754153490067 0.1809999942779541 254 255 249
0.026818115264177322 0.023944754153490067 0.1809999942779541 254 255 249
0.0272437185049057 0.023944754153490067 0.1809999942779541 254 255 249
0.02766931988298893 0.023944754153490067 0.1809999942779541 254 255 249
0.028094923123717308 0.023944754153490067 0.1809999942779541 254 255 249
0.02867809683084488 0.024077046662569046 0.18199999630451202 254 255 249
0.029106050729751587 0.024077046662569046 0.18199999630451202 254 255 249
0.029534004628658295 0.024077046662569046 0.18199999630451202 254 255 249
0.029961958527565002 0.024077046662569046 0.18199999630451202 254 255 249
0.03038991242647171 0.024077046662569046 0.18199999630451202 254 255 249
0.030817866325378418 0.024077046662569046 0.18199999630451202 254 255 249
0.031245820224285126 0.024077046662569046 0.18199999630451202 254 255 249
0.031673774123191833 0.024077046662569046 0.18199999630451202 254 255 249
0.03210172802209854 0.024077046662569046 0.18199999630451202 254 255 249
0.03252968192100525 0.024077046662569046 0.18199999630451202 254 255 249
0.03295763581991196 0.024077046662569046 0.18199999630451202 254 255 249
0.033385589718818665 0.024077046662569046 0.18199999630451202 254 255 249
0.03362775221467018 0.023944754153490067 0.1809999942779541 254 255 249
0.03405335545539856 0.023944754153490067 0.1809999942779541 254 255 249
0.03447895869612694 0.023944754153490067 0.1809999942779541 254 255 249
0.03490455821156502 0.023944754153490067 0.1809999942779541 254 255 249
0.035330161452293396 0.023944754153490067 0.1809999942779541 254 255 249
0.03595330938696861 0.024077046662569046 0.18199999630451202 254 255 249
0.03638126328587532 0.024077046662569046 0.18199999630451202 254 255 249
0.03680921718478203 0.024077046662569046 0.18199999630451202 254 255 249
0.037237171083688736 0.024077046662569046 0.18199999630451202 254 255 249
0.037665124982595444 0.024077046662569046 0.18199999630451202 254 255 249
0.038302380591630936 0.024209337309002876 0.18299999833106995 254 255 249
0.03873268514871597 0.024209337309002876 0.18299999833106995 254 255 251
0.03937699645757675 0.024341629818081856 0.18400000035762787 252 253 249
0.03980965539813042 0.024341629818081856 0.18400000035762787 250 251 247
0.040461018681526184 0.024473920464515686 0.1850000023841858 253 254 250
0.04089602455496788 0.024473920464515686 0.1850000023841858 254 255 249
0.041554443538188934 0.024606211110949516 0.1860000044107437 254 255 249
0.04199180379509926 0.024606211110949516 0.1860000044107437 254 255 249
0.04242916405200958 0.024606211110949516 0.1860000044107437 254 255 249
0.04309698939323425 0.024738503620028496 0.18700000643730164 254 255 249
0.043536700308322906 0.024738503620028496 0.18700000643730164 254 255 249
0.04397641122341156 0.024738503620028496 0.18700000643730164 255 255 251
0.04465363919734955 0.024870794266462326 0.18799999356269836 237 237 233
0.045335572212934494 0.025003086775541306 0.1889999955892563 236 228 227
0.0460222065448761 0.025135377421975136 0.1899999976158142 255 252 251
0.04671354591846466 0.025267669931054115 0.19099999964237213 255 254 251
0.04740958660840988 0.025399960577487946 0.19200000166893005 255 254 251
0.04811033234000206 0.025532251223921776 0.19300000369548798 255 252 249
0.049067407846450806 0.025796834379434586 0.19499999284744263 251 243 240
0.04977990686893463 0.025929126888513565 0.19599999487400055 232 222 220
0.050497110933065414 0.026061417534947395 0.19699999690055847 251 241 239
0.051219016313552856 0.026193710044026375 0.1979999989271164 255 252 247
0.051945626735687256 0.026326000690460205 0.19900000095367432 255 252 247
0.05241355299949646 0.026326000690460205 0.19900000095367432 255 236 243
0.053147219121456146 0.026458293199539185 0.20000000298023224 255 239 246
0.05388558283448219 0.026590583845973015 0.20100000500679016 255 226 239
0.0546286515891552 0.026722874492406845 0.20200000703334808 248 199 212
0.005479585845023394 0.026120714843273163 0.1940000057220459 255 255 190
0.0059051597490906715 0.025986071676015854 0.19300000369548798 255 255 192
0.006358978804200888 0.025986071676015854 0.19300000369548798 255 255 217
0.006777498405426741 0.025851428508758545 0.19200000166893005 255 255 218
0.007191315293312073 0.025716785341501236 0.19099999964237213 254 255 236
0.007640431635081768 0.025716785341501236 0.19099999964237213 255 255 237
0.008047194220125675 0.025582142174243927 0.1899999976158142 254 255 245
0.008449253626167774 0.025447499006986618 0.1889999955892563 254 255 245
0.00884661078453064 0.02531285770237446 0.18799999356269836 254 255 249
0.009288673289120197 0.02531285770237446 0.18799999356269836 254 255 249
0.00967897567898035 0.02517821453511715 0.18700000643730164 254 255 249
0.010118686594069004 0.02517821453511715 0.18700000643730164 254 255 249
0.01050193514674902 0.02504357136785984 0.1860000044107437 254 255 251
0.010939294472336769 0.02504357136785984 0.1860000044107437 254 255 251
0.011376653797924519 0.02504357136785984 0.1860000044107437 254 255 251
0.011814013123512268 0.02504357136785984 0.1860000044107437 254 255 251
0.012251372449100018 0.02504357136785984 0.1860000044107437 254 255 251
0.012688731774687767 0.02504357136785984 0.1860000044107437 254 255 251
0.013055521063506603 0.02490892820060253 0.1850000023841858 254 255 251
0.013490528799593449 0.02490892820060253 0.1850000023841858 254 255 251
0.013925536535680294 0.02490892820060253 0.1850000023841858 254 255 251
0.01436054427176714 0.02490892820060253 0.1850000023841858 254 255 251
0.014795552007853985 0.02490892820060253 0.1850000023841858 254 255 251
0.015148232690989971 0.024774285033345222 0.18400000035762787 254 255 251
0.015580888837575912 0.024774285033345222 0.18400000035762787 254 255 251
0.01601354591548443 0.024774285033345222 0.18400000035762787 254 255 251
0.0163568202406168 0.024639641866087914 0.18299999833106995 254 255 251
0.016787126660346985 0.024639641866087914 0.18299999833106995 254 255 251
0.017217431217432022 0.024639641866087914 0.18299999833106995 254 255 251
0.017551301047205925 0.024505000561475754 0.18199999630451202 254 255 251
0.017979254946112633 0.024505000561475754 0.18199999630451202 254 255 251
0.01840720698237419 0.024505000561475754 0.18199999630451202 254 255 251
0.018731672316789627 0.024370357394218445 0.1809999942779541 254 255 251
0.019157273694872856 0.024370357394218445 0.1809999942779541 254 255 251
0.019582876935601234 0.024370357394218445 0.1809999942779541 254 255 251
0.020008478313684464 0.024370357394218445 0.1809999942779541 254 255 251
0.020434081554412842 0.024370357394218445 0.1809999942779541 254 255 251
0.02085968293249607 0.024370357394218445 0.1809999942779541 254 255 251
0.02128528617322445 0.024370357394218445 0.1809999942779541 254 255 251
0.021710887551307678 0.024370357394218445 0.1809999942779541 254 255 251
0.022136490792036057 0.024370357394218445 0.1809999942779541 252 255 249
0.022562092170119286 0.024370357394218445 0.1809999942779541 252 255 249
0.022987695410847664 0.024370357394218445 0.1809999942779541 252 255 249
0.023413296788930893 0.024370357394218445 0.1809999942779541 252 255 249
0.02383890002965927 0.024370357394218445 0.1809999942779541 252 255 249
0.0242645014077425 0.024370357394218445 0.1809999942779541 252 255 249
0.02469010464847088 0.024370357394218445 0.1809999942779541 252 255 249
0.025115706026554108 0.024370357394218445 0.1809999942779541 252 255 249
0.025541309267282486 0.024370357394218445 0.1809999942779541 252 255 249
0.025966910645365715 0.024370357394218445 0.1809999942779541 252 255 249
0.026392513886094093 0.024370357394218445 0.1809999942779541 252 255 249
0.026818115264177322 0.024370357394218445 0.1809999942779541 252 255 249
0.0272437185049057 0.024370357394218445 0.1809999942779541 252 255 249
0.02766931988298893 0.024370357394218445 0.1809999942779541 252 255 249
0.028094923123717308 0.024370357394218445 0.1809999942779541 252 255 249
0.02867809683084488 0.024505000561475754 0.18199999630451202 252 255 249
0.029106050729751587 0.024505000561475754 0.18199999630451202 252 255 249
0.029534004628658295 0.024505000561475754 0.18199999630451202 252 255 249
0.029961958527565002 0.024505000561475754 0.18199999630451202 252 255 249
0.03038991242647171 0.024505000561475754 0.18199999630451202 252 255 249
0.030817866325378418 0.024505000561475754 0.18199999630451202 252 255 249
0.031245820224285126 0.024505000561475754 0.18199999630451202 252 255 249
0.031673774123191833 0.024505000561475754 0.18199999630451202 252 255 249
0.03210172802209854 0.024505000561475754 0.18199999630451202 252 255 249
0.03252968192100525 0.024505000561475754 0.18199999630451202 252 255 249
0.03295763581991196 0.024505000561475754 0.18199999630451202 252 255 249
0.033385589718818665 0.024505000561475754 0.18199999630451202 252 255 249
0.03362775221467018 0.024370357394218445 0.1809999942779541 252 255 249
0.03405335545539856 0.024370357394218445 0.1809999942779541 252 255 249
0.03447895869612694 0.024370357394218445 0.1809999942779541 252 255 249
0.03490455821156502 0.024370357394218445 0.1809999942779541 252 255 249
0.035330161452293396 0.024370357394218445 0.1809999942779541 252 255 249
0.03595330938696861 0.024505000561475754 0.18199999630451202 252 255 249
0.03638126328587532 0.024505000561475754 0.18199999630451202 252 255 249
0.03680921718478203 0.024505000561475754 0.18199999630451202 252 255 249
0.037237171083688736 0.024505000561475754 0.18199999630451202 252 255 249
0.037665124982595444 0.024505000561475754 0.18199999630451202 252 255 249
0.038302380591630936 0.024639641866087914 0.18299999833106995 252 255 249
0.03873268514871597 0.024639641866087914 0.18299999833106995 254 255 251
0.03937699645757675 0.024774285033345222 0.18400000035762787 252 253 249
0.03980965539813042 0.024774285033345222 0.18400000035762787 251 252 248
0.040242310613393784 0.024774285033345222 0.18400000035762787 253 254 250
0.04089602455496788 0.02490892820060253 0.1850000023841858 254 255 251
0.041331034153699875 0.02490892820060253 0.1850000023841858 254 255 251
0.04199180379509926 0.02504357136785984 0.1860000044107437 254 255 251
0.04242916405200958 0.02504357136785984 0.1860000044107437 254 255 251
0.04309698939323425 0.02517821453511715 0.18700000643730164 254 255 251
0.043536700308322906 0.02517821453511715 0.18700000643730164 254 255 251
0.04397641122341156 0.02517821453511715 0.18700000643730164 254 254 250
0.04465363919734955 0.02531285770237446 0.18799999356269836 248 248 244
0.04509570077061653 0.02531285770237446 0.18799999356269836 232 227 225
0.045779984444379807 0.025447499006986618 0.1889999955892563 250 245 243
0.04646897315979004 0.025582142174243927 0.1899999976158142 255 253 251
0.04716266319155693 0.025716785341501236 0.19099999964237213 255 253 251
0.04786105453968048 0.025851428508758545 0.19200000166893005 255 253 249
0.0488157793879509 0.026120714843273163 0.1940000057220459 253 248 244
0.04952592775225639 0.026255356147885323 0.19499999284744263 231 216 215
0.05024078115820885 0.02638999931514263 0.19599999487400055 241 226 225
0.05096033588051796 0.02652464248239994 0.19699999690055847 255 244 247
0.05168459191918373 0.02665928564965725 0.1979999989271164 255 245 248
0.05241355299949646 0.02679392881691456 0.19900000095367432 255 242 250
0.053147219121456146 0.026928571984171867 0.20000000298023224 255 234 242
0.05388558283448219 0.027063213288784027 0.20100000500679016 255 217 228
0.054358214139938354 0.027063213288784027 0.20100000500679016 236 192 203
0.0059051597490906715 0.026439890265464783 0.19300000369548798 255 255 188
0.006358978804200888 0.026439890265464783 0.19300000369548798 255 255 208
0.006777498405426741 0.026302896440029144 0.19200000166893005 255 255 209
0.007191315293312073 0.026165902614593506 0.19099999964237213 255 255 225
0.007600429002195597 0.026028906926512718 0.1899999976158142 255 255 227
0.008047194220125675 0.026028906926512718 0.1899999976158142 254 255 241
0.008449253626167774 0.02589191310107708 0.1889999955892563 254 255 241
0.00884661078453064 0.02575491927564144 0.18799999356269836 254 255 249
0.009288673289120197 0.02575491927564144 0.18799999356269836 254 255 249
0.00967897567898035 0.025617925450205803 0.18700000643730164 254 255 249
0.010118686594069004 0.025617925450205803 0.18700000643730164 254 255 249
0.010558397509157658 0.025617925450205803 0.18700000643730164 254 255 249
0.010939294472336769 0.025480929762125015 0.1860000044107437 254 255 249
0.011376653797924519 0.025480929762125015 0.1860000044107437 254 255 249
0.011814013123512268 0.025480929762125015 0.1860000044107437 254 255 249
0.012251372449100018 0.025480929762125015 0.1860000044107437 254 255 249
0.012688731774687767 0.025480929762125015 0.1860000044107437 254 255 249
0.013126091100275517 0.025480929762125015 0.1860000044107437 254 255 249
0.013563450425863266 0.025480929762125015 0.1860000044107437 254 255 249
0.013925536535680294 0.025343935936689377 0.1850000023841858 254 255 249
0.01436054427176714 0.025343935936689377 0.1850000023841858 254 255 249
0.014795552007853985 0.025343935936689377 0.1850000023841858 254 255 249
0.015148232690989971 0.02520694211125374 0.18400000035762787 254 255 249
0.015580888837575912 0.02520694211125374 0.18400000035762787 254 255 249
0.01592651568353176 0.0250699482858181 0.18299999833106995 254 255 249
0.0163568202406168 0.0250699482858181 0.18299999833106995 254 255 249
0.016787126660346985 0.0250699482858181 0.18299999833106995 254 255 249
0.017217431217432022 0.0250699482858181 0.18299999833106995 254 255 249
0.017551301047205925 0.024932952597737312 0.18199999630451202 254 255 249
0.017979254946112633 0.024932952597737312 0.18199999630451202 254 255 249
0.01840720698237419 0.024932952597737312 0.18199999630451202 254 255 249
0.018731672316789627 0.024795958772301674 0.1809999942779541 254 255 249
0.019157273694872856 0.024795958772301674 0.1809999942779541 254 255 249
0.019582876935601234 0.024795958772301674 0.1809999942779541 254 255 249
0.020008478313684464 0.024795958772301674 0.1809999942779541 254 255 249
0.020434081554412842 0.024795958772301674 0.1809999942779541 254 255 249
0.02085968293249607 0.024795958772301674 0.1809999942779541 254 255 249
0.02128528617322445 0.024795958772301674 0.1809999942779541 254 255 249
0.021710887551307678 0.024795958772301674 0.1809999942779541 254 255 249
0.022136490792036057 0.024795958772301674 0.1809999942779541 253 254 250
0.022562092170119286 0.024795958772301674 0.1809999942779541 243 244 240
0.022987695410847664 0.024795958772301674 0.1809999942779541 250 254 247
0.023413296788930893 0.024795958772301674 0.1809999942779541 252 255 249
0.02383890002965927 0.024795958772301674 0.1809999942779541 252 255 249
0.0242645014077425 0.024795958772301674 0.1809999942779541 252 255 249
0.02469010464847088 0.024795958772301674 0.1809999942779541 252 255 249
0.025115706026554108 0.024795958772301674 0.1809999942779541 252 255 249
0.025541309267282486 0.024795958772301674 0.1809999942779541 252 255 251
0.025966910645365715 0.024795958772301674 0.1809999942779541 252 255 251
0.026392513886094093 0.024795958772301674 0.1809999942779541 252 255 251
0.026818115264177322 0.024795958772301674 0.1809999942779541 252 255 251
0.0272437185049057 0.024795958772301674 0.1809999942779541 252 255 249
0.02766931988298893 0.024795958772301674 0.1809999942779541 252 255 249
0.028094923123717308 0.024795958772301674 0.1809999942779541 249 253 246
0.028520524501800537 0.024795958772301674 0.1809999942779541 252 255 249
0.029106050729751587 0.024932952597737312 0.18199999630451202 252 255 249
0.029534004628658295 0.024932952597737312 0.18199999630451202 252 255 249
0.029961958527565002 0.024932952597737312 0.18199999630451202 252 255 249
0.03038991242647171 0.024932952597737312 0.18199999630451202 252 255 249
0.030817866325378418 0.024932952597737312 0.18199999630451202 252 255 249
0.031245820224285126 0.024932952597737312 0.18199999630451202 252 255 249
0.031673774123191833 0.024932952597737312 0.18199999630451202 252 255 249
0.03210172802209854 0.024932952597737312 0.18199999630451202 252 255 249
0.03252968192100525 0.024932952597737312 0.18199999630451202 252 255 249
0.03295763581991196 0.024932952597737312 0.18199999630451202 252 255 249
0.033385589718818665 0.024932952597737312 0.18199999630451202 252 255 249
0.03362775221467018 0.024795958772301674 0.1809999942779541 252 255 249
0.03405335545539856 0.024795958772301674 0.1809999942779541 252 255 249
0.03447895869612694 0.024795958772301674 0.1809999942779541 252 255 249
0.03490455821156502 0.024795958772301674 0.1809999942779541 252 255 249
0.035330161452293396 0.024795958772301674 0.1809999942779541 252 255 249
0.03595330938696861 0.024932952597737312 0.18199999630451202 252 255 249
0.03638126328587532 0.024932952597737312 0.18199999630451202 252 255 249
0.03680921718478203 0.024932952597737312 0.18199999630451202 252 255 249
0.037237171083688736 0.024932952597737312 0.18199999630451202 252 255 249
0.037665124982595444 0.024932952597737312 0.18199999630451202 252 255 249
0.038302380591630936 0.0250699482858181 0.18299999833106995 252 255 249
0.03873268514871597 0.0250699482858181 0.18299999833106995 252 255 251
0.03937699645757675 0.02520694211125374 0.18400000035762787 251 255 250
0.03980965539813042 0.02520694211125374 0.18400000035762787 250 254 249
0.040242310613393784 0.02520694211125374 0.18400000035762787 252 255 251
0.04089602455496788 0.025343935936689377 0.1850000023841858 252 255 251
0.041331034153699875 0.025343935936689377 0.1850000023841858 252 255 251
0.04199180379509926 0.025480929762125015 0.1860000044107437 252 255 251
0.04242916405200958 0.025480929762125015 0.1860000044107437 252 255 251
0.04286652430891991 0.025480929762125015 0.1860000044107437 252 255 251
0.043536700308322906 0.025617925450205803 0.18700000643730164 252 255 251
0.04397641122341156 0.025617925450205803 0.18700000643730164 254 255 251
0.04465363919734955 0.02575491927564144 0.18799999356269836 254 255 251
0.04509570077061653 0.02575491927564144 0.18799999356269836 238 235 232
0.045779984444379807 0.02589191310107708 0.1889999955892563 246 243 240
0.04646897315979004 0.026028906926512718 0.1899999976158142 255 247 250
0.04716266319155693 0.026165902614593506 0.19099999964237213 255 249 252
0.04786105453968048 0.026302896440029144 0.19200000166893005 255 252 249
0.04856415092945099 0.026439890265464783 0.19300000369548798 253 245 242
0.049271948635578156 0.02657688409090042 0.1940000057220459 229 213 210
0.05024078115820885 0.026850873604416847 0.19599999487400055 225 209 206
0.05096033588051796 0.026987867429852486 0.19699999690055847 239 207 214
0.05168459191918373 0.027124861255288124 0.1979999989271164 253 221 228
0.05241355299949646 0.027261855080723763 0.19900000095367432 252 219 232
0.05288148298859596 0.027261855080723763 0.19900000095367432 255 224 237
0.05361749604344368 0.02739885076880455 0.20000000298023224 255 228 240
0.054358214139938354 0.02753584459424019 0.20100000500679016 252 206 218
0.006326030939817429 0.026754364371299744 0.19200000166893005 255 255 197
0.006777498405426741 0.026754364371299744 0.19200000166893005 255 255 197
0.007191315293312073 0.026615018025040627 0.19099999964237213 255 255 216
0.007600429002195597 0.02647567167878151 0.1899999976158142 254 255 213
0.008047194220125675 0.02647567167878151 0.1899999976158142 253 255 236
0.008449253626167774 0.02633632719516754 0.1889999955892563 254 255 237
0.00884661078453064 0.026196980848908424 0.18799999356269836 254 255 247
0.009288673289120197 0.026196980848908424 0.18799999356269836 254 255 247
0.00967897567898035 0.026057634502649307 0.18700000643730164 254 255 249
0.010118686594069004 0.026057634502649307 0.18700000643730164 254 255 249
0.010558397509157658 0.026057634502649307 0.18700000643730164 254 255 251
0.010939294472336769 0.02591829001903534 0.1860000044107437 254 255 251
0.011376653797924519 0.02591829001903534 0.1860000044107437 254 255 251
0.011814013123512268 0.02591829001903534 0.1860000044107437 254 255 251
0.012251372449100018 0.02591829001903534 0.1860000044107437 254 255 251
0.012688731774687767 0.02591829001903534 0.1860000044107437 254 255 251
0.013126091100275517 0.02591829001903534 0.1860000044107437 254 255 251
0.013563450425863266 0.02591829001903534 0.1860000044107437 254 255 251
0.013925536535680294 0.025778943672776222 0.1850000023841858 254 255 251
0.01436054427176714 0.025778943672776222 0.1850000023841858 254 255 251
0.014795552007853985 0.025778943672776222 0.1850000023841858 254 255 251
0.015148232690989971 0.025639599189162254 0.18400000035762787 254 255 251
0.015580888837575912 0.025639599189162254 0.18400000035762787 254 255 251
0.01592651568353176 0.025500252842903137 0.18299999833106995 254 255 251
0.0163568202406168 0.025500252842903137 0.18299999833106995 254 255 251
0.016787126660346985 0.025500252842903137 0.18299999833106995 254 255 251
0.017217431217432022 0.025500252842903137 0.18299999833106995 254 255 249
0.017551301047205925 0.02536090649664402 0.18199999630451202 254 255 249
0.017979254946112633 0.02536090649664402 0.18199999630451202 254 255 249
0.01840720698237419 0.02536090649664402 0.18199999630451202 254 255 249
0.0188351608812809 0.02536090649664402 0.18199999630451202 254 255 249
0.019157273694872856 0.025221562013030052 0.1809999942779541 254 255 249
0.019582876935601234 0.025221562013030052 0.1809999942779541 254 255 249
0.020008478313684464 0.025221562013030052 0.1809999942779541 254 255 249
0.020434081554412842 0.025221562013030052 0.1809999942779541 254 255 249
0.02085968293249607 0.025221562013030052 0.1809999942779541 254 255 249
0.02128528617322445 0.025221562013030052 0.1809999942779541 254 255 249
0.021710887551307678 0.025221562013030052 0.1809999942779541 254 255 249
0.022136490792036057 0.025221562013030052 0.1809999942779541 253 254 248
0.022562092170119286 0.025221562013030052 0.1809999942779541 222 223 217
0.022987695410847664 0.025221562013030052 0.1809999942779541 247 248 242
0.023413296788930893 0.025221562013030052 0.1809999942779541 254 255 249
0.02383890002965927 0.025221562013030052 0.1809999942779541 252 255 249
0.0242645014077425 0.025221562013030052 0.1809999942779541 252 255 249
0.02469010464847088 0.025221562013030052 0.1809999942779541 252 255 251
0.025115706026554108 0.025221562013030052 0.1809999942779541 252 255 251
0.025541309267282486 0.025221562013030052 0.1809999942779541 252 255 251
0.025966910645365715 0.025221562013030052 0.1809999942779541 252 255 251
0.026392513886094093 0.025221562013030052 0.1809999942779541 252 255 251
0.026818115264177322 0.025221562013030052 0.1809999942779541 252 255 251
0.0272437185049057 0.025221562013030052 0.1809999942779541 252 255 247
0.02766931988298893 0.025221562013030052 0.1809999942779541 252 255 247
0.028094923123717308 0.025221562013030052 0.1809999942779541 252 254 243
0.028520524501800537 0.025221562013030052 0.1809999942779541 254 255 245
0.028946127742528915 0.025221562013030052 0.1809999942779541 254 255 245
0.029534004628658295 0.02536090649664402 0.18199999630451202 254 255 245
0.029961958527565002 0.02536090649664402 0.18199999630451202 252 255 247
0.03038991242647171 0.02536090649664402 0.18199999630451202 252 255 247
0.030817866325378418 0.02536090649664402 0.18199999630451202 252 255 249
0.031245820224285126 0.02536090649664402 0.18199999630451202 252 255 249
0.031673774123191833 0.02536090649664402 0.18199999630451202 252 255 249
0.03210172802209854 0.02536090649664402 0.18199999630451202 252 255 249
0.03252968192100525 0.02536090649664402 0.18199999630451202 252 255 249
0.03295763581991196 0.02536090649664402 0.18199999630451202 252 255 249
0.033385589718818665 0.02536090649664402 0.18199999630451202 252 255 247
0.033813539892435074 0.02536090649664402 0.18199999630451202 252 255 247
0.03405335545539856 0.025221562013030052 0.1809999942779541 254 255 245
0.03447895869612694 0.025221562013030052 0.1809999942779541 254 255 245
0.03490455821156502 0.025221562013030052 0.1809999942779541 252 255 247
0.035330161452293396 0.025221562013030052 0.1809999942779541 252 255 247
0.03595330938696861 0.02536090649664402 0.18199999630451202 252 255 249
0.03638126328587532 0.02536090649664402 0.18199999630451202 252 255 249
0.03680921718478203 0.02536090649664402 0.18199999630451202 252 255 249
0.037237171083688736 0.02536090649664402 0.18199999630451202 252 255 249
0.0378720760345459 0.025500252842903137 0.18299999833106995 252 255 249
0.038302380591630936 0.025500252842903137 0.18299999833106995 252 255 249
0.03873268514871597 0.025500252842903137 0.18299999833106995 253 254 250
0.03937699645757675 0.025639599189162254 0.18400000035762787 243 244 240
0.03980965539813042 0.025639599189162254 0.18400000035762787 237 238 234
0.040242310613393784 0.025639599189162254 0.18400000035762787 253 254 250
0.04089602455496788 0.025778943672776222 0.1850000023841858 254 255 251
0.041331034153699875 0.025778943672776222 0.1850000023841858 254 255 251
0.04176604375243187 0.025778943672776222 0.1850000023841858 254 255 251
0.04242916405200958 0.02591829001903534 0.1860000044107437 254 255 251
0.04286652430891991 0.02591829001903534 0.1860000044107437 254 255 251
0.043536700308322906 0.026057634502649307 0.18700000643730164 254 255 251
0.04397641122341156 0.026057634502649307 0.18700000643730164 254 255 251
0.044416118413209915 0.026057634502649307 0.18700000643730164 254 255 251
0.04509570077061653 0.026196980848908424 0.18799999356269836 237 232 230
0.045779984444379807 0.02633632719516754 0.1889999955892563 246 241 239
0.04622440040111542 0.02633632719516754 0.1889999955892563 242 234 233
0.04691573604941368 0.02647567167878151 0.1899999976158142 255 249 248
0.0476117804646492 0.026615018025040627 0.19099999964237213 255 252 251
0.04856415092945099 0.02689370885491371 0.19300000369548798 255 250 249
0.049271948635578156 0.02703305520117283 0.1940000057220459 240 220 223
0.04998445138335228 0.027172399684786797 0.19499999284744263 222 202 205
0.05070165544748306 0.027311746031045914 0.19599999487400055 251 213 226
0.051423560827970505 0.02745109237730503 0.19699999690055847 255 224 237
0.052150171250104904 0.027590436860919 0.1979999989271164 255 214 230
0.05288148298859596 0.027729783207178116 0.19900000095367432 254 212 228
0.05361749604344368 0.027869129553437233 0.20000000298023224 255 220 232
0.054358214139938354 0.0280084740370512 0.20100000500679016 255 215 227
0.006326030939817429 0.027205830439925194 0.19200000166893005 255 255 191
0.006777498405426741 0.027205830439925194 0.19200000166893005 255 255 192
0.007191315293312073 0.027064133435487747 0.19099999964237213 255 253 207
0.007600429002195597 0.0269224364310503 0.1899999976158142 230 221 175
0.008047194220125675 0.0269224364310503 0.1899999976158142 253 255 231
0.008449253626167774 0.026780739426612854 0.1889999955892563 255 255 233
0.00884661078453064 0.026639042422175407 0.18799999356269836 254 255 245
0.009288673289120197 0.026639042422175407 0.18799999356269836 254 255 245
0.00973073486238718 0.026639042422175407 0.18799999356269836 254 255 249
0.010118686594069004 0.02649734541773796 0.18700000643730164 254 255 249
0.010558397509157658 0.02649734541773796 0.18700000643730164 254 255 249
0.010939294472336769 0.026355648413300514 0.1860000044107437 254 255 249
0.011376653797924519 0.026355648413300514 0.1860000044107437 254 255 251
0.011814013123512268 0.026355648413300514 0.1860000044107437 254 255 251
0.012251372449100018 0.026355648413300514 0.1860000044107437 254 255 251
0.012688731774687767 0.026355648413300514 0.1860000044107437 254 255 251
0.013126091100275517 0.026355648413300514 0.1860000044107437 254 255 251
0.013563450425863266 0.026355648413300514 0.1860000044107437 254 255 251
0.013925536535680294 0.026213951408863068 0.1850000023841858 254 255 251
0.01436054427176714 0.026213951408863068 0.1850000023841858 254 255 251
0.014795552007853985 0.026213951408863068 0.1850000023841858 254 255 251
0.015148232690989971 0.02607225440442562 0.18400000035762787 254 255 251
0.015580888837575912 0.02607225440442562 0.18400000035762787 254 255 251
0.01592651568353176 0.025930557399988174 0.18299999833106995 254 255 251
0.0163568202406168 0.025930557399988174 0.18299999833106995 254 255 249
0.016787126660346985 0.025930557399988174 0.18299999833106995 254 255 249
0.017217431217432022 0.025930557399988174 0.18299999833106995 254 255 249
0.017551301047205925 0.025788860395550728 0.18199999630451202 252 253 247
0.017979254946112633 0.025788860395550728 0.18199999630451202 254 255 249
0.01840720698237419 0.025788860395550728 0.18199999630451202 254 255 249
0.0188351608812809 0.025788860395550728 0.18199999630451202 254 255 249
0.019157273694872856 0.02564716339111328 0.1809999942779541 254 255 249
0.019582876935601234 0.02564716339111328 0.1809999942779541 254 255 249
0.020008478313684464 0.02564716339111328 0.1809999942779541 254 255 249
0.020434081554412842 0.02564716339111328 0.1809999942779541 254 255 249
0.02085968293249607 0.02564716339111328 0.1809999942779541 254 255 249
0.02128528617322445 0.02564716339111328 0.1809999942779541 254 255 249
0.021710887551307678 0.02564716339111328 0.1809999942779541 254 255 249
0.022136490792036057 0.02564716339111328 0.1809999942779541 254 255 247
0.022562092170119286 0.02564716339111328 0.1809999942779541 223 225 216
0.022987695410847664 0.02564716339111328 0.1809999942779541 237 239 228
0.023413296788930893 0.02564716339111328 0.1809999942779541 253 255 244
0.02383890002965927 0.02564716339111328 0.1809999942779541 252 255 247
0.0242645014077425 0.02564716339111328 0.1809999942779541 252 255 247
0.02469010464847088 0.02564716339111328 0.1809999942779541 252 255 249
0.025115706026554108 0.02564716339111328 0.1809999942779541 252 255 249
0.025541309267282486 0.02564716339111328 0.1809999942779541 252 255 251
0.025966910645365715 0.02564716339111328 0.1809999942779541 252 255 251
0.026392513886094093 0.02564716339111328 0.1809999942779541 252 255 249
0.026818115264177322 0.02564716339111328 0.1809999942779541 252 255 249
0.0272437185049057 0.02564716339111328 0.1809999942779541 254 255 245
0.02766931988298893 0.02564716339111328 0.1809999942779541 252 254 243
0.028094923123717308 0.02564716339111328 0.1809999942779541 248 248 228
0.028520524501800537 0.02564716339111328 0.1809999942779541 254 254 234
0.028946127742528915 0.02564716339111328 0.1809999942779541 254 255 238
0.029534004628658295 0.025788860395550728 0.18199999630451202 255 255 239
0.029961958527565002 0.025788860395550728 0.18199999630451202 252 255 245
0.03038991242647171 0.025788860395550728 0.18199999630451202 252 255 245
0.030817866325378418 0.025788860395550728 0.18199999630451202 252 255 249
0.031245820224285126 0.025788860395550728 0.18199999630451202 252 255 249
0.031673774123191833 0.025788860395550728 0.18199999630451202 252 255 249
0.03210172802209854 0.025788860395550728 0.18199999630451202 252 255 249
0.03252968192100525 0.025788860395550728 0.18199999630451202 252 255 249
0.03295763581991196 0.025788860395550728 0.18199999630451202 252 255 249
0.033385589718818665 0.025788860395550728 0.18199999630451202 252 253 240
0.033813539892435074 0.025788860395550728 0.18199999630451202 248 249 236
0.03424149379134178 0.025788860395550728 0.18199999630451202 253 255 235
0.03466944769024849 0.025788860395550728 0.18199999630451202 255 255 237
0.0350974015891552 0.025788860395550728 0.18199999630451202 252 255 245
0.035525355488061905 0.025788860395550728 0.18199999630451202 252 255 245
0.03595330938696861 0.025788860395550728 0.18199999630451202 252 255 249
0.03638126328587532 0.025788860395550728 0.18199999630451202 252 255 249
0.03680921718478203 0.025788860395550728 0.18199999630451202 252 255 249
0.037237171083688736 0.025788860395550728 0.18199999630451202 252 255 249
0.0378720760345459 0.025930557399988174 0.18299999833106995 252 255 251
0.038302380591630936 0.025930557399988174 0.18299999833106995 252 255 251
0.03873268514871597 0.025930557399988174 0.18299999833106995 252 253 247
0.03937699645757675 0.02607225440442562 0.18400000035762787 246 247 241
0.03980965539813042 0.02607225440442562 0.18400000035762787 242 244 235
0.040242310613393784 0.02607225440442562 0.18400000035762787 250 252 243
0.04089602455496788 0.026213951408863068 0.1850000023841858 254 255 249
0.041331034153699875 0.026213951408863068 0.1850000023841858 254 255 249
0.04176604375243187 0.026213951408863068 0.1850000023841858 254 255 249
0.04242916405200958 0.026355648413300514 0.1860000044107437 254 255 249
0.04286652430891991 0.026355648413300514 0.1860000044107437 254 255 251
0.04330388084053993 0.026355648413300514 0.1860000044107437 254 255 251
0.04397641122341156 0.02649734541773796 0.18700000643730164 254 255 251
0.044416118413209915 0.02649734541773796 0.18700000643730164 253 254 250
0.04509570077061653 0.026639042422175407 0.18799999356269836 235 225 223
0.045537762343883514 0.026639042422175407 0.18799999356269836 236 226 224
0.04622440040111542 0.026780739426612854 0.1889999955892563 240 230 228
0.04691573604941368 0.0269224364310503 0.1899999976158142 255 251 249
0.0476117804646492 0.027064133435487747 0.19099999964237213 255 249 246
0.04831252247095108 0.027205830439925194 0.19200000166893005 255 250 247
0.04901796951889992 0.02734752744436264 0.19300000369548798 245 228 230
0.04998445138335228 0.027630923315882683 0.19499999284744263 216 199 201
0.05070165544748306 0.02777262032032013 0.19599999487400055 242 195 211
0.051423560827970505 0.027914317324757576 0.19699999690055847 255 208 224
0.052150171250104904 0.028056014329195023 0.1979999989271164 255 207 225
0.05288148298859596 0.02819771133363247 0.19900000095367432 255 205 223
0.05361749604344368 0.028339408338069916 0.20000000298023224 255 201 216
0.05408777669072151 0.028339408338069916 0.20000000298023224 255 196 211
0.054830845445394516 0.028481105342507362 0.20100000500679016 255 187 204
0.007191315293312073 0.027513250708580017 0.19099999964237213 255 236 190
0.008047194220125675 0.027369201183319092 0.1899999976158142 245 242 210
0.008449253626167774 0.027225153520703316 0.1889999955892563 255 255 225
0.008893667720258236 0.027225153520703316 0.1889999955892563 254 255 243
0.009288673289120197 0.02708110585808754 0.18799999356269836 254 255 243
0.00973073486238718 0.02708110585808754 0.18799999356269836 254 255 247
0.010118686594069004 0.026937056332826614 0.18700000643730164 254 255 247
0.010558397509157658 0.026937056332826614 0.18700000643730164 254 255 249
0.010998107492923737 0.026937056332826614 0.18700000643730164 254 255 249
0.011376653797924519 0.02679300867021084 0.1860000044107437 254 255 249
0.011814013123512268 0.02679300867021084 0.1860000044107437 254 255 249
0.012251372449100018 0.02679300867021084 0.1860000044107437 253 255 246
0.012688731774687767 0.02679300867021084 0.1860000044107437 252 254 245
0.013126091100275517 0.02679300867021084 0.1860000044107437 252 254 245
0.013490528799593449 0.026648959144949913 0.1850000023841858 254 255 247
0.013925536535680294 0.026648959144949913 0.1850000023841858 254 255 249
0.01436054427176714 0.026648959144949913 0.1850000023841858 254 255 249
0.01471557654440403 0.026504911482334137 0.18400000035762787 254 255 251
0.015148232690989971 0.026504911482334137 0.18400000035762787 254 255 251
0.015580888837575912 0.026504911482334137 0.18400000035762787 254 255 249
0.01592651568353176 0.02636086381971836 0.18299999833106995 254 255 249
0.0163568202406168 0.02636086381971836 0.18299999833106995 254 255 249
0.016787126660346985 0.02636086381971836 0.18299999833106995 254 255 249
0.017123347148299217 0.026216814294457436 0.18199999630451202 254 252 244
0.017551301047205925 0.026216814294457436 0.18199999630451202 223 221 213
0.017979254946112633 0.026216814294457436 0.18199999630451202 252 253 247
0.01840720698237419 0.026216814294457436 0.18199999630451202 254 255 249
0.0188351608812809 0.026216814294457436 0.18199999630451202 254 255 249
0.019157273694872856 0.02607276663184166 0.1809999942779541 254 255 249
0.019582876935601234 0.02607276663184166 0.1809999942779541 254 255 249
0.020008478313684464 0.02607276663184166 0.1809999942779541 254 255 249
0.020434081554412842 0.02607276663184166 0.1809999942779541 254 255 247
0.02085968293249607 0.02607276663184166 0.1809999942779541 254 255 247
0.02128528617322445 0.02607276663184166 0.1809999942779541 254 255 245
0.021710887551307678 0.02607276663184166 0.1809999942779541 254 255 245
0.022136490792036057 0.02607276663184166 0.1809999942779541 255 255 237
0.022562092170119286 0.02607276663184166 0.1809999942779541 211 211 191
0.022987695410847664 0.02607276663184166 0.1809999942779541 210 201 184
0.023413296788930893 0.02607276663184166 0.1809999942779541 255 254 237
0.02383890002965927 0.02607276663184166 0.1809999942779541 254 255 243
0.0242645014077425 0.02607276663184166 0.1809999942779541 254 255 243
0.02469010464847088 0.02607276663184166 0.1809999942779541 254 255 247
0.025115706026554108 0.02607276663184166 0.1809999942779541 254 255 247
0.025541309267282486 0.02607276663184166 0.1809999942779541 254 255 249
0.025966910645365715 0.02607276663184166 0.1809999942779541 254 255 249
0.026392513886094093 0.02607276663184166 0.1809999942779541 254 255 245
0.026818115264177322 0.02607276663184166 0.1809999942779541 254 255 245
0.0272437185049057 0.02607276663184166 0.1809999942779541 255 255 237
0.02766931988298893 0.02607276663184166 0.1809999942779541 228 226 207
0.028094923123717308 0.02607276663184166 0.1809999942779541 194 178 155
0.028520524501800537 0.02607276663184166 0.1809999942779541 239 223 200
0.028946127742528915 0.02607276663184166 0.1809999942779541 255 255 229
0.029534004628658295 0.026216814294457436 0.18199999630451202 255 255 228
0.029961958527565002 0.026216814294457436 0.18199999630451202 254 255 243
0.03038991242647171 0.026216814294457436 0.18199999630451202 254 255 243
0.030817866325378418 0.026216814294457436 0.18199999630451202 252 255 247
0.031245820224285126 0.026216814294457436 0.18199999630451202 252 255 247
0.031673774123191833 0.026216814294457436 0.18199999630451202 252 255 249
0.03210172802209854 0.026216814294457436 0.18199999630451202 252 255 249
0.03252968192100525 0.026216814294457436 0.18199999630451202 254 255 247
0.03295763581991196 0.026216814294457436 0.18199999630451202 253 255 246
0.033385589718818665 0.026216814294457436 0.18199999630451202 227 218 199
0.033813539892435074 0.026216814294457436 0.18199999630451202 215 206 187
0.03424149379134178 0.026216814294457436 0.18199999630451202 237 232 203
0.03466944769024849 0.026216814294457436 0.18199999630451202 255 255 226
0.0350974015891552 0.026216814294457436 0.18199999630451202 254 255 241
0.035525355488061905 0.026216814294457436 0.18199999630451202 254 255 241
0.03595330938696861 0.026216814294457436 0.18199999630451202 252 255 247
0.03638126328587532 0.026216814294457436 0.18199999630451202 252 255 247
0.03680921718478203 0.026216814294457436 0.18199999630451202 252 255 249
0.03744177147746086 0.02636086381971836 0.18299999833106995 252 255 249
0.0378720760345459 0.02636086381971836 0.18299999833106995 252 255 249
0.038302380591630936 0.02636086381971836 0.18299999833106995 251 255 248
0.03873268514871597 0.02636086381971836 0.18299999833106995 252 252 246
0.03937699645757675 0.026504911482334137 0.18400000035762787 248 248 242
0.03980965539813042 0.026504911482334137 0.18400000035762787 243 239 232
0.040242310613393784 0.026504911482334137 0.18400000035762787 250 246 239
0.04089602455496788 0.026648959144949913 0.1850000023841858 255 255 247
0.041331034153699875 0.026648959144949913 0.1850000023841858 255 255 247
0.04176604375243187 0.026648959144949913 0.1850000023841858 254 255 247
0.04242916405200958 0.02679300867021084 0.1860000044107437 254 255 247
0.04286652430891991 0.02679300867021084 0.1860000044107437 254 255 249
0.04330388084053993 0.02679300867021084 0.1860000044107437 254 255 249
0.04397641122341156 0.026937056332826614 0.18700000643730164 255 254 249
0.044416118413209915 0.026937056332826614 0.18700000643730164 246 243 238
0.04485582932829857 0.026937056332826614 0.18700000643730164 233 219 215
0.045537762343883514 0.02708110585808754 0.18799999356269836 241 227 223
0.04622440040111542 0.027225153520703316 0.1889999955892563 255 240 235
0.04691573604941368 0.027369201183319092 0.1899999976158142 255 248 243
0.0476117804646492 0.027513250708580017 0.19099999964237213 255 248 240
0.04831252247095108 0.027657298371195793 0.19200000166893005 255 249 241
0.04901796951889992 0.02780134789645672 0.19300000369548798 255 242 240
0.04998445138335228 0.02808944508433342 0.19499999284744263 219 193 191
0.05070165544748306 0.028233492746949196 0.19599999487400055 233 176 187
0.051423560827970505 0.028377540409564972 0.19699999690055847 241 184 195
0.052150171250104904 0.028521589934825897 0.1979999989271164 255 186 201
0.05288148298859596 0.028665637597441673 0.19900000095367432 255 191 206
0.008047194220125675 0.027815967798233032 0.1899999976158142 210 187 155
0.008449253626167774 0.027669567614793777 0.1889999955892563 255 241 209
0.008893667720258236 0.027669567614793777 0.1889999955892563 255 255 237
0.009288673289120197 0.027523167431354523 0.18799999356269836 255 255 237
0.00973073486238718 0.027523167431354523 0.18799999356269836 254 255 243
0.010118686594069004 0.027376767247915268 0.18700000643730164 254 255 243
0.010558397509157658 0.027376767247915268 0.18700000643730164 254 255 245
0.010998107492923737 0.027376767247915268 0.18700000643730164 254 255 245
0.011376653797924519 0.027230367064476013 0.1860000044107437 254 255 241
0.011814013123512268 0.027230367064476013 0.1860000044107437 253 255 240
0.012251372449100018 0.027230367064476013 0.1860000044107437 255 255 233
0.012688731774687767 0.027230367064476013 0.1860000044107437 249 247 224
0.013126091100275517 0.027230367064476013 0.1860000044107437 230 228 207
0.013490528799593449 0.027083968743681908 0.1850000023841858 253 251 230
0.013925536535680294 0.027083968743681908 0.1850000023841858 254 255 243
0.01436054427176714 0.027083968743681908 0.1850000023841858 254 255 243
0.01471557654440403 0.026937568560242653 0.18400000035762787 250 255 247
0.015148232690989971 0.026937568560242653 0.18400000035762787 250 255 247
0.01549621019512415 0.026791168376803398 0.18299999833106995 250 255 247
0.01592651568353176 0.026791168376803398 0.18299999833106995 250 255 247
0.0163568202406168 0.026791168376803398 0.18299999833106995 254 255 245
0.01669539324939251 0.026644768193364143 0.18199999630451202 254 255 245
0.017123347148299217 0.026644768193364143 0.18199999630451202 255 251 233
0.017551301047205925 0.026644768193364143 0.18199999630451202 230 225 207
0.017979254946112633 0.026644768193364143 0.18199999630451202 255 254 244
0.01840720698237419 0.026644768193364143 0.18199999630451202 255 255 245
0.0188351608812809 0.026644768193364143 0.18199999630451202 254 255 245
0.019263114780187607 0.026644768193364143 0.18199999630451202 254 255 245
0.019582876935601234 0.02649836800992489 0.1809999942779541 252 255 245
0.020008478313684464 0.02649836800992489 0.1809999942779541 252 255 245
0.020434081554412842 0.02649836800992489 0.1809999942779541 252 255 245
0.02085968293249607 0.02649836800992489 0.1809999942779541 252 255 245
0.02128528617322445 0.02649836800992489 0.1809999942779541 254 255 233
0.021710887551307678 0.02649836800992489 0.1809999942779541 254 255 233
0.022136490792036057 0.02649836800992489 0.1809999942779541 255 253 221
0.022562092170119286 0.02649836800992489 0.1809999942779541 206 196 164
0.022987695410847664 0.02649836800992489 0.1809999942779541 193 172 141
0.023413296788930893 0.02649836800992489 0.1809999942779541 255 252 221
0.02383890002965927 0.02649836800992489 0.1809999942779541 255 255 230
0.0242645014077425 0.02649836800992489 0.1809999942779541 255 255 231
0.02469010464847088 0.02649836800992489 0.1809999942779541 254 255 237
0.025115706026554108 0.02649836800992489 0.1809999942779541 254 255 237
0.025541309267282486 0.02649836800992489 0.1809999942779541 254 255 239
0.025966910645365715 0.02649836800992489 0.1809999942779541 254 255 239
0.026392513886094093 0.02649836800992489 0.1809999942779541 254 255 234
0.026818115264177322 0.02649836800992489 0.1809999942779541 254 255 234
0.0272437185049057 0.02649836800992489 0.1809999942779541 255 253 225
0.02766931988298893 0.02649836800992489 0.1809999942779541 220 210 182
0.028094923123717308 0.02649836800992489 0.1809999942779541 202 175 142
0.028520524501800537 0.02649836800992489 0.1809999942779541 226 199 166
0.028946127742528915 0.02649836800992489 0.1809999942779541 255 254 215
0.029534004628658295 0.026644768193364143 0.18199999630451202 255 255 217
0.029961958527565002 0.026644768193364143 0.18199999630451202 255 255 231
0.03038991242647171 0.026644768193364143 0.18199999630451202 255 255 231
0.030817866325378418 0.026644768193364143 0.18199999630451202 254 255 243
0.031245820224285126 0.026644768193364143 0.18199999630451202 254 255 243
0.031673774123191833 0.026644768193364143 0.18199999630451202 254 255 243
0.03210172802209854 0.026644768193364143 0.18199999630451202 254 255 243
0.03252968192100525 0.026644768193364143 0.18199999630451202 255 255 239
0.03295763581991196 0.026644768193364143 0.18199999630451202 253 252 235
0.033385589718818665 0.026644768193364143 0.18199999630451202 214 195 170
0.033813539892435074 0.026644768193364143 0.18199999630451202 220 201 176
0.03424149379134178 0.026644768193364143 0.18199999630451202 251 230 197
0.03466944769024849 0.026644768193364143 0.18199999630451202 255 252 219
0.0350974015891552 0.026644768193364143 0.18199999630451202 255 255 231
0.035525355488061905 0.026644768193364143 0.18199999630451202 255 255 231
0.03595330938696861 0.026644768193364143 0.18199999630451202 254 255 241
0.03638126328587532 0.026644768193364143 0.18199999630451202 254 255 241
0.03680921718478203 0.026644768193364143 0.18199999630451202 254 255 245
0.03744177147746086 0.026791168376803398 0.18299999833106995 254 255 245
0.0378720760345459 0.026791168376803398 0.18299999833106995 255 255 247
0.038302380591630936 0.026791168376803398 0.18299999833106995 254 255 246
0.03873268514871597 0.026791168376803398 0.18299999833106995 255 251 246
0.03937699645757675 0.026937568560242653 0.18400000035762787 247 236 231
0.03980965539813042 0.026937568560242653 0.18400000035762787 235 216 212
0.040242310613393784 0.026937568560242653 0.18400000035762787 249 230 226
0.04089602455496788 0.027083968743681908 0.1850000023841858 255 251 245
0.041331034153699875 0.027083968743681908 0.1850000023841858 255 251 245
0.04176604375243187 0.027083968743681908 0.1850000023841858 255 253 244
0.04242916405200958 0.027230367064476013 0.1860000044107437 255 254 245
0.04286652430891991 0.027230367064476013 0.1860000044107437 255 254 245
0.04330388084053993 0.027230367064476013 0.1860000044107437 254 250 241
0.043741241097450256 0.027230367064476013 0.1860000044107437 255 251 247
0.044416118413209915 0.027376767247915268 0.18700000643730164 255 246 242
0.04485582932829857 0.027376767247915268 0.18700000643730164 246 213 212
0.045537762343883514 0.027523167431354523 0.18799999356269836 233 200 199
0.04622440040111542 0.027669567614793777 0.1889999955892563 255 227 222
0.04666881263256073 0.027669567614793777 0.1889999955892563 255 232 227
0.0476117804646492 0.027962366119027138 0.19099999964237213 255 236 229
0.04831252247095108 0.028108766302466393 0.19200000166893005 255 241 234
0.04901796951889992 0.028255166485905647 0.19300000369548798 255 234 232
0.049728117883205414 0.028401566669344902 0.1940000057220459 255 211 209
0.008449253626167774 0.02811397984623909 0.1889999955892563 255 240 201
0.008893667720258236 0.02811397984623909 0.1889999955892563 255 251 223
0.009338080883026123 0.02811397984623909 0.1889999955892563 255 250 222
0.00973073486238718 0.027965229004621506 0.18799999356269836 255 254 230
0.010172797366976738 0.027965229004621506 0.18799999356269836 255 255 231
0.010558397509157658 0.02781647816300392 0.18700000643730164 255 254 231
0.010998107492923737 0.02781647816300392 0.18700000643730164 255 253 230
0.011376653797924519 0.027667727321386337 0.1860000044107437 255 252 223
0.011814013123512268 0.027667727321386337 0.1860000044107437 255 245 216
0.012251372449100018 0.027667727321386337 0.1860000044107437 255 242 207
0.012688731774687767 0.027667727321386337 0.1860000044107437 255 233 198
0.013055521063506603 0.027518976479768753 0.1850000023841858 249 229 191
0.013490528799593449 0.027518976479768753 0.1850000023841858 255 253 215
0.013925536535680294 0.027518976479768753 0.1850000023841858 255 254 225
0.01436054427176714 0.027518976479768753 0.1850000023841858 255 254 225
0.01471557654440403 0.02737022377550602 0.18400000035762787 255 255 233
0.015148232690989971 0.02737022377550602 0.18400000035762787 255 255 233
0.01549621019512415 0.027221472933888435 0.18299999833106995 255 255 233
0.01592651568353176 0.027221472933888435 0.18299999833106995 255 255 233
0.0163568202406168 0.027221472933888435 0.18299999833106995 255 252 229
0.01669539324939251 0.02707272209227085 0.18199999630451202 255 252 229
0.017123347148299217 0.02707272209227085 0.18199999630451202 255 231 204
0.017551301047205925 0.02707272209227085 0.18199999630451202 216 183 156
0.017979254946112633 0.02707272209227085 0.18199999630451202 235 211 186
0.01840720698237419 0.02707272209227085 0.18199999630451202 255 245 220
0.0188351608812809 0.02707272209227085 0.18199999630451202 255 253 233
0.019157273694872856 0.026923971250653267 0.1809999942779541 255 253 233
0.019582876935601234 0.026923971250653267 0.1809999942779541 255 255 231
0.020008478313684464 0.026923971250653267 0.1809999942779541 255 255 231
0.020434081554412842 0.026923971250653267 0.1809999942779541 255 255 227
0.02085968293249607 0.026923971250653267 0.1809999942779541 255 255 227
0.02128528617322445 0.026923971250653267 0.1809999942779541 255 253 219
0.021710887551307678 0.026923971250653267 0.1809999942779541 255 252 218
0.022136490792036057 0.026923971250653267 0.1809999942779541 255 236 201
0.023413296788930893 0.026923971250653267 0.1809999942779541 255 239 200
0.02383890002965927 0.026923971250653267 0.1809999942779541 255 253 217
0.0242645014077425 0.026923971250653267 0.1809999942779541 255 253 217
0.02469010464847088 0.026923971250653267 0.1809999942779541 255 255 223
0.025115706026554108 0.026923971250653267 0.1809999942779541 255 255 223
0.025541309267282486 0.026923971250653267 0.1809999942779541 255 255 225
0.025966910645365715 0.026923971250653267 0.1809999942779541 255 255 225
0.026392513886094093 0.026923971250653267 0.1809999942779541 255 253 220
0.026818115264177322 0.026923971250653267 0.1809999942779541 255 254 221
0.0272437185049057 0.026923971250653267 0.1809999942779541 255 245 214
0.028946127742528915 0.026923971250653267 0.1809999942779541 255 238 203
0.029534004628658295 0.02707272209227085 0.18199999630451202 255 246 211
0.029961958527565002 0.02707272209227085 0.18199999630451202 255 254 217
0.03038991242647171 0.02707272209227085 0.18199999630451202 255 254 217
0.030817866325378418 0.02707272209227085 0.18199999630451202 255 254 231
0.031245820224285126 0.02707272209227085 0.18199999630451202 255 254 231
0.031673774123191833 0.02707272209227085 0.18199999630451202 255 253 233
0.03210172802209854 0.02707272209227085 0.18199999630451202 255 253 233
0.03252968192100525 0.02707272209227085 0.18199999630451202 255 247 229
0.03295763581991196 0.02707272209227085 0.18199999630451202 255 239 221
0.033385589718818665 0.02707272209227085 0.18199999630451202 223 176 154
0.033813539892435074 0.02707272209227085 0.18199999630451202 214 167 145
0.03466944769024849 0.02707272209227085 0.18199999630451202 255 240 214
0.0350974015891552 0.02707272209227085 0.18199999630451202 255 249 221
0.035525355488061905 0.02707272209227085 0.18199999630451202 255 249 221
0.03615085408091545 0.027221472933888435 0.18299999833106995 255 252 231
0.03658116236329079 0.027221472933888435 0.18299999833106995 255 252 231
0.037011466920375824 0.027221472933888435 0.18299999833106995 255 252 233
0.03744177147746086 0.027221472933888435 0.18299999833106995 255 251 232
0.0378720760345459 0.027221472933888435 0.18299999833106995 255 250 237
0.038302380591630936 0.027221472933888435 0.18299999833106995 255 250 237
0.03873268514871597 0.027221472933888435 0.18299999833106995 255 234 231
0.03937699645757675 0.02737022377550602 0.18400000035762787 255 216 213
0.03980965539813042 0.02737022377550602 0.18400000035762787 255 215 214
0.040242310613393784 0.02737022377550602 0.18400000035762787 255 231 230
0.04089602455496788 0.027518976479768753 0.1850000023841858 255 236 232
0.041331034153699875 0.027518976479768753 0.1850000023841858 255 241 237
0.04176604375243187 0.027518976479768753 0.1850000023841858 255 244 239
0.04242916405200958 0.027667727321386337 0.1860000044107437 255 244 239
0.04286652430891991 0.027667727321386337 0.1860000044107437 255 243 239
0.04330388084053993 0.027667727321386337 0.1860000044107437 255 243 239
0.043741241097450256 0.027667727321386337 0.1860000044107437 255 236 242
0.044416118413209915 0.02781647816300392 0.18700000643730164 255 229 235
0.04485582932829857 0.02781647816300392 0.18700000643730164 255 202 205
0.045979827642440796 0.027965229004621506 0.18799999356269836 255 189 191
0.04666881263256073 0.02811397984623909 0.1889999955892563 255 197 199
0.04736250266432762 0.028262732550501823 0.1899999976158142 255 207 210
0.04806089401245117 0.028411483392119408 0.19099999964237213 255 200 203
