0.04368440806865692 0.024776330217719078 0.1720000058412552 229 255 255
0.043279968202114105 0.025180770084261894 0.1720000058412552 226 255 255
0.04287552833557129 0.02558520995080471 0.1720000058412552 228 255 255
0.04222416505217552 0.025838546454906464 0.17100000381469727 218 246 255
0.041822075843811035 0.025838546454906464 0.17100000381469727 196 224 239
0.04141998663544655 0.02624063566327095 0.17100000381469727 178 209 223
0.04101789742708206 0.02624063566327095 0.17100000381469727 120 151 165
0.040615811944007874 0.02624063566327095 0.17100000381469727 189 233 236
0.04021372273564339 0.025838546454906464 0.17100000381469727 226 255 255
0.0398116335272789 0.025436459109187126 0.17100000381469727 224 255 255
0.03940954431891441 0.025436459109187126 0.17100000381469727 231 255 255
0.03900745511054993 0.025436459109187126 0.17100000381469727 227 255 255
0.03837960585951805 0.025287708267569542 0.17000000178813934 226 255 255
0.03797987103462219 0.025287708267569542 0.17000000178813934 212 255 255
0.037580132484436035 0.02568744495511055 0.17000000178813934 210 255 255
0.03718039393424988 0.02568744495511055 0.17000000178813934 216 255 255
0.03678065910935402 0.02568744495511055 0.17000000178813934 215 255 255
0.03638092055916786 0.02568744495511055 0.17000000178813934 213 252 255
0.035981185734272 0.026087181642651558 0.17000000178813934 190 233 245
0.035581447184085846 0.026486918330192566 0.17000000178813934 157 197 210
0.03518170863389969 0.026486918330192566 0.17000000178813934 165 205 218
0.03478197380900383 0.026486918330192566 0.17000000178813934 180 227 240
0.03438223525881767 0.026486918330192566 0.17000000178813934 173 220 233
0.03378260135650635 0.026728497818112373 0.16899999976158142 215 255 255
0.03338521718978882 0.026728497818112373 0.16899999976158142 215 255 255
0.03298782929778099 0.026728497818112373 0.16899999976158142 215 255 255
0.03259044513106346 0.026728497818112373 0.16899999976158142 210 255 255
0.03219306096434593 0.026728497818112373 0.16899999976158142 204 246 255
0.031795673072338104 0.026728497818112373 0.16899999976158142 194 236 253
0.031398288905620575 0.026728497818112373 0.16899999976158142 180 222 239
0.031000902876257896 0.027125883847475052 0.16899999976158142 202 241 255
0.03078460320830345 0.027286391705274582 0.17000000178813934 183 227 234
0.030384866520762444 0.027286391705274582 0.17000000178813934 119 163 170
0.029985129833221436 0.027286391705274582 0.17000000178813934 172 218 224
0.029585393145680428 0.027286391705274582 0.17000000178813934 219 255 255
0.029985129833221436 0.027286391705274582 0.17000000178813934 172 218 224
0.030384866520762444 0.027286391705274582 0.17000000178813934 119 163 170
0.03078460320830345 0.027286391705274582 0.17000000178813934 183 227 234
0.031000902876257896 0.027125883847475052 0.16899999976158142 202 241 255
0.031398288905620575 0.026728497818112373 0.16899999976158142 180 222 239
0.031795673072338104 0.026728497818112373 0.16899999976158142 194 236 253
0.03219306096434593 0.026728497818112373 0.16899999976158142 204 246 255
0.03259044513106346 0.026728497818112373 0.16899999976158142 210 255 255
0.03298782929778099 0.026728497818112373 0.16899999976158142 215 255 255
0.03338521718978882 0.026728497818112373 0.16899999976158142 215 255 255
0.03378260135650635 0.026728497818112373 0.16899999976158142 215 255 255
0.03438223525881767 0.026486918330192566 0.17000000178813934 173 220 233
0.03478197380900383 0.026486918330192566 0.17000000178813934 180 227 240
0.03518170863389969 0.026486918330192566 0.17000000178813934 165 205 218
0.035581447184085846 0.026486918330192566 0.17000000178813934 157 197 210
0.035981185734272 0.026486918330192566 0.17000000178813934 166 206 217
0.03638092055916786 0.026087181642651558 0.17000000178813934 213 255 255
0.03678065910935402 0.02568744495511055 0.17000000178813934 215 255 255
0.03718039393424988 0.02568744495511055 0.17000000178813934 216 255 255
0.037580132484436035 0.02568744495511055 0.17000000178813934 210 255 255
0.03797987103462219 0.025287708267569542 0.17000000178813934 212 255 255
0.03837960585951805 0.025287708267569542 0.17000000178813934 226 255 255
0.03900745511054993 0.025436459109187126 0.17100000381469727 227 255 255
0.03940954431891441 0.025436459109187126 0.17100000381469727 231 255 255
0.0398116335272789 0.025838546454906464 0.17100000381469727 218 255 255
0.04021372273564339 0.02624063566327095 0.17100000381469727 220 255 255
0.040615811944007874 0.02624063566327095 0.17100000381469727 189 233 236
0.04101789742708206 0.02624063566327095 0.17100000381469727 120 151 165
0.04141998663544655 0.02624063566327095 0.17100000381469727 178 209 223
0.041822075843811035 0.02624063566327095 0.17100000381469727 183 211 226
0.04222416505217552 0.025838546454906464 0.17100000381469727 218 246 255
0.04287552833557129 0.025989649817347527 0.1720000058412552 229 255 255
0.043279968202114105 0.02558520995080471 0.1720000058412552 227 255 255
0.04368440806865692 0.025180770084261894 0.1720000058412552 232 255 255
0.044345177710056305 0.024920377880334854 0.17299999296665192 231 255 255
0.04475196823477745 0.024920377880334854 0.17299999296665192 235 255 255
0.044345177710056305 0.024920377880334854 0.17299999296665192 231 255 255
