0.11243917047977448 0.004554341547191143 0.1720000058412552 148 105 100
0.11218754202127457 0.004527862649410963 0.17100000381469727 143 100 95
0.111931212246418 0.004501383751630783 0.17000000178813934 129 90 86
0.11233095079660416 0.004501383751630783 0.17000000178813934 123 84 80
0.1120675653219223 0.00447490531951189 0.16899999976158142 113 69 67
0.11246494948863983 0.00447490531951189 0.16899999976158142 98 54 52
0.0844283327460289 0.003920896910130978 0.13600000739097595 142 101 93
0.08474812656641006 0.003920896910130978 0.13600000739097595 140 99 91
0.08506791293621063 0.003920896910130978 0.13600000739097595 127 80 79
0.11175743490457535 0.005131762009114027 0.17800000309944153 128 81 80
0.11146572232246399 0.004987611435353756 0.17299999296665192 104 57 56
0.11122585088014603 0.004958781413733959 0.1720000058412552 109 62 61
0.11163029074668884 0.004958781413733959 0.1720000058412552 155 113 110
0.11203473061323166 0.004958781413733959 0.1720000058412552 156 114 111
0.11178545653820038 0.004929950926452875 0.17100000381469727 147 108 104
0.11218754202127457 0.004929950926452875 0.17100000381469727 149 110 106
0.111931212246418 0.004901120904833078 0.17000000178813934 141 106 103
0.11233095079660416 0.004901120904833078 0.17000000178813934 137 102 99
0.1120675653219223 0.004872290883213282 0.16899999976158142 136 99 96
0.11246494948863983 0.004872290883213282 0.16899999976158142 103 66 63
0.11286233365535736 0.004872290883213282 0.16899999976158142 103 61 58
0.08282938599586487 0.004240686539560556 0.13600000739097595 159 111 117
0.08314917981624603 0.004240686539560556 0.13600000739097595 151 116 113
0.0834689661860466 0.004240686539560556 0.13600000739097595 153 118 115
0.08378876000642776 0.004240686539560556 0.13600000739097595 149 122 116
0.08410854637622833 0.004240686539560556 0.13600000739097595 142 115 109
0.0844283327460289 0.004240686539560556 0.13600000739097595 136 109 103
0.08474812656641006 0.004240686539560556 0.13600000739097595 137 110 104
0.08506791293621063 0.004240686539560556 0.13600000739097595 143 107 107
0.0853877067565918 0.004240686539560556 0.13600000739097595 134 98 98
0.08570749312639236 0.004240686539560556 0.13600000739097595 125 81 81
0.11146572232246399 0.005394402425736189 0.17299999296665192 107 65 62
0.11122585088014603 0.005363220814615488 0.1720000058412552 144 102 99
0.11163029074668884 0.005363220814615488 0.1720000058412552 150 115 112
0.11203473061323166 0.005363220814615488 0.1720000058412552 146 111 108
0.11178545653820038 0.0053320396691560745 0.17100000381469727 146 111 108
0.11218754202127457 0.0053320396691560745 0.17100000381469727 142 107 104
0.09052553027868271 0.00427186768501997 0.13699999451637268 138 106 102
0.0908476710319519 0.00427186768501997 0.13699999451637268 139 103 103
0.09183528274297714 0.004303049296140671 0.1379999965429306 129 93 93
0.09215977787971497 0.004303049296140671 0.1379999965429306 125 86 84
0.09248427301645279 0.004303049296140671 0.1379999965429306 125 86 84
0.06546695530414581 0.004862272180616856 0.14499999582767487 211 163 167
0.06580790132284164 0.004862272180616856 0.14499999582767487 201 153 157
0.06569265574216843 0.004828739445656538 0.14399999380111694 179 141 145
0.06603125482797623 0.004828739445656538 0.14399999380111694 159 121 125
0.06830261647701263 0.0047281403094530106 0.14100000262260437 203 162 170
0.06863416731357574 0.0047281403094530106 0.14100000262260437 211 170 178
0.06896571069955826 0.0047281403094530106 0.14100000262260437 208 168 185
0.06929726153612137 0.0047281403094530106 0.14100000262260437 205 165 182
0.06962880492210388 0.0047281403094530106 0.14100000262260437 197 162 174
0.0699603483080864 0.0047281403094530106 0.14100000262260437 194 159 171
0.0702918991446495 0.0047281403094530106 0.14100000262260437 188 154 162
0.07062344253063202 0.0047281403094530106 0.14100000262260437 174 140 148
0.0704517662525177 0.004694607574492693 0.14000000059604645 156 117 124
0.07078096270561218 0.004694607574492693 0.14000000059604645 146 107 114
0.08218980580568314 0.004560476168990135 0.13600000739097595 184 136 140
0.0825095996260643 0.004560476168990135 0.13600000739097595 173 140 143
0.08282938599586487 0.004560476168990135 0.13600000739097595 156 123 126
0.08314917981624603 0.004560476168990135 0.13600000739097595 143 120 119
0.0834689661860466 0.004560476168990135 0.13600000739097595 141 118 117
0.08378876000642776 0.004560476168990135 0.13600000739097595 140 120 112
0.08410854637622833 0.004560476168990135 0.13600000739097595 132 112 104
0.0844283327460289 0.004560476168990135 0.13600000739097595 129 109 99
0.08474812656641006 0.004560476168990135 0.13600000739097595 132 112 102
0.08506791293621063 0.004560476168990135 0.13600000739097595 134 111 106
0.0853877067565918 0.004560476168990135 0.13600000739097595 127 104 99
0.08570749312639236 0.004560476168990135 0.13600000739097595 133 100 99
0.08602728694677353 0.004560476168990135 0.13600000739097595 126 93 92
0.08891482651233673 0.004594008903950453 0.13699999451637268 142 115 109
0.08923696726560593 0.004594008903950453 0.13699999451637268 141 114 108
0.08955910801887512 0.004594008903950453 0.13699999451637268 141 113 110
0.08988124877214432 0.004594008903950453 0.13699999451637268 137 109 106
0.09020338952541351 0.004594008903950453 0.13699999451637268 134 107 101
0.09052553027868271 0.004594008903950453 0.13699999451637268 134 107 101
0.0908476710319519 0.004594008903950453 0.13699999451637268 135 102 101
0.09183528274297714 0.00462754163891077 0.1379999965429306 128 95 94
0.09215977787971497 0.00462754163891077 0.1379999965429306 124 87 84
0.09248427301645279 0.00462754163891077 0.1379999965429306 125 88 85
0.09280876070261002 0.00462754163891077 0.1379999965429306 147 108 104
0.09313325583934784 0.00462754163891077 0.1379999965429306 137 98 94
0.09413497895002365 0.004661074839532375 0.13899999856948853 130 95 90
0.0944618210196495 0.004661074839532375 0.13899999856948853 129 94 89
0.12057273089885712 0.005868259351700544 0.17499999701976776 114 70 68
0.06546695530414581 0.005203224252909422 0.14499999582767487 208 165 171
0.06580790132284164 0.005203224252909422 0.14499999582767487 202 159 165
0.06569265574216843 0.0051673399284482 0.14399999380111694 180 149 151
0.06603125482797623 0.0051673399284482 0.14399999380111694 166 135 137
0.06590895354747772 0.0051314556039869785 0.14300000667572021 169 136 137
0.06624520570039749 0.0051314556039869785 0.14300000667572021 153 120 121
0.06811923533678055 0.005095571279525757 0.1420000046491623 240 208 204
0.06845313310623169 0.005095571279525757 0.1420000046491623 254 222 218
0.06830261647701263 0.005059686955064535 0.14100000262260437 255 216 229
0.06863416731357574 0.005059686955064535 0.14100000262260437 248 208 221
0.06896571069955826 0.005059686955064535 0.14100000262260437 243 203 220
0.06929726153612137 0.005059686955064535 0.14100000262260437 238 198 215
0.06962880492210388 0.005059686955064535 0.14100000262260437 209 179 191
0.0699603483080864 0.005059686955064535 0.14100000262260437 202 172 184
0.0702918991446495 0.005059686955064535 0.14100000262260437 206 182 186
0.07062344253063202 0.005059686955064535 0.14100000262260437 206 182 186
0.0704517662525177 0.0050238026306033134 0.14000000059604645 205 178 181
0.07078096270561218 0.0050238026306033134 0.14000000059604645 201 174 177
0.07074327766895294 0.00495203398168087 0.1379999965429306 169 124 127
0.07106777280569077 0.00495203398168087 0.1379999965429306 99 54 57
0.07216349244117737 0.004916149657219648 0.13699999451637268 145 102 106
0.07248563319444656 0.004916149657219648 0.13699999451637268 146 103 107
0.07280777394771576 0.004916149657219648 0.13699999451637268 143 107 111
0.07312991470098495 0.004916149657219648 0.13699999451637268 144 108 112
0.07451485842466354 0.004880265332758427 0.13600000739097595 149 116 117
0.07483465224504471 0.004880265332758427 0.13600000739097595 149 116 115
0.07515443861484528 0.004880265332758427 0.13600000739097595 141 108 107
0.07579401880502701 0.004880265332758427 0.13600000739097595 103 62 54
0.0805908590555191 0.004880265332758427 0.13600000739097595 119 76 71
0.08091065287590027 0.004880265332758427 0.13600000739097595 117 74 69
0.08123043924570084 0.004880265332758427 0.13600000739097595 104 65 61
0.081550233066082 0.004880265332758427 0.13600000739097595 177 138 134
0.08187001943588257 0.004880265332758427 0.13600000739097595 185 150 147
0.08218980580568314 0.004880265332758427 0.13600000739097595 183 148 145
0.0825095996260643 0.004880265332758427 0.13600000739097595 168 145 144
0.08282938599586487 0.004880265332758427 0.13600000739097595 145 122 121
0.08314917981624603 0.004880265332758427 0.13600000739097595 141 120 119
0.0834689661860466 0.004880265332758427 0.13600000739097595 140 119 118
0.08378876000642776 0.004880265332758427 0.13600000739097595 134 114 106
0.08410854637622833 0.004880265332758427 0.13600000739097595 134 114 106
0.0844283327460289 0.004880265332758427 0.13600000739097595 129 109 99
0.08474812656641006 0.004880265332758427 0.13600000739097595 126 106 96
0.08506791293621063 0.004880265332758427 0.13600000739097595 117 97 89
0.0853877067565918 0.004880265332758427 0.13600000739097595 118 98 90
0.08570749312639236 0.004880265332758427 0.13600000739097595 122 97 90
0.08602728694677353 0.004880265332758427 0.13600000739097595 115 90 83
0.0863470733165741 0.004880265332758427 0.13600000739097595 117 78 74
0.08859268575906754 0.004916149657219648 0.13699999451637268 147 117 110
0.08891482651233673 0.004916149657219648 0.13699999451637268 138 117 112
0.08923696726560593 0.004916149657219648 0.13699999451637268 134 113 108
0.08955910801887512 0.004916149657219648 0.13699999451637268 130 109 106
0.08988124877214432 0.004916149657219648 0.13699999451637268 130 109 106
0.09020338952541351 0.004916149657219648 0.13699999451637268 132 110 102
0.09052553027868271 0.004916149657219648 0.13699999451637268 131 109 101
0.0908476710319519 0.004916149657219648 0.13699999451637268 132 102 97
0.0911698117852211 0.004916149657219648 0.13699999451637268 126 96 91
0.09215977787971497 0.00495203398168087 0.1379999965429306 125 88 85
0.09248427301645279 0.00495203398168087 0.1379999965429306 123 86 83
0.09280876070261002 0.00495203398168087 0.1379999965429306 145 106 102
0.09313325583934784 0.00495203398168087 0.1379999965429306 138 99 95
0.09413497895002365 0.004987918306142092 0.13899999856948853 135 98 93
0.0944618210196495 0.004987918306142092 0.13899999856948853 131 94 89
0.09478866308927536 0.004987918306142092 0.13899999856948853 130 93 90
0.09511550515890121 0.004987918306142092 0.13899999856948853 128 91 88
0.06429601460695267 0.0056206476874649525 0.1469999998807907 255 208 210
0.06546695530414581 0.005544176325201988 0.14499999582767487 207 166 174
0.06580790132284164 0.005544176325201988 0.14499999582767487 196 155 163
0.06569265574216843 0.00550594087690115 0.14399999380111694 184 152 157
0.06603125482797623 0.00550594087690115 0.14399999380111694 177 145 150
0.06590895354747772 0.005467704962939024 0.14300000667572021 179 148 148
0.06624520570039749 0.005467704962939024 0.14300000667572021 184 153 153
0.06658145785331726 0.005467704962939024 0.14300000667572021 179 139 142
0.06644974648952484 0.0054294695146381855 0.1420000046491623 161 121 124
0.06811923533678055 0.0054294695146381855 0.1420000046491623 255 246 243
0.06845313310623169 0.0054294695146381855 0.1420000046491623 255 246 243
0.06830261647701263 0.00539123360067606 0.14100000262260437 252 217 233
0.06863416731357574 0.00539123360067606 0.14100000262260437 229 194 210
0.06896571069955826 0.00539123360067606 0.14100000262260437 233 197 216
0.06929726153612137 0.00539123360067606 0.14100000262260437 229 193 212
0.06962880492210388 0.00539123360067606 0.14100000262260437 196 173 181
0.0699603483080864 0.00539123360067606 0.14100000262260437 204 181 189
0.0702918991446495 0.00539123360067606 0.14100000262260437 198 181 183
0.07062344253063202 0.00539123360067606 0.14100000262260437 195 178 180
0.0704517662525177 0.005352998152375221 0.14000000059604645 203 183 186
0.07078096270561218 0.005352998152375221 0.14000000059604645 207 187 190
0.07060222327709198 0.0053147622384130955 0.13899999856948853 198 171 174
0.07092906534671783 0.0053147622384130955 0.13899999856948853 190 163 166
0.07074327766895294 0.00527652632445097 0.1379999965429306 186 146 147
0.07106777280569077 0.00527652632445097 0.1379999965429306 145 105 106
0.07139226794242859 0.00527652632445097 0.1379999965429306 88 49 45
0.07171675562858582 0.00527652632445097 0.1379999965429306 153 114 110
0.07151921093463898 0.005238290876150131 0.13699999451637268 204 168 168
0.07184135168790817 0.005238290876150131 0.13699999451637268 205 169 169
0.07216349244117737 0.005238290876150131 0.13699999451637268 198 169 173
0.07248563319444656 0.005238290876150131 0.13699999451637268 192 163 167
0.07280777394771576 0.005238290876150131 0.13699999451637268 187 156 158
0.07312991470098495 0.005238290876150131 0.13699999451637268 184 153 155
0.07451485842466354 0.0052000549621880054 0.13600000739097595 166 140 140
0.07483465224504471 0.0052000549621880054 0.13600000739097595 160 139 134
0.07515443861484528 0.0052000549621880054 0.13600000739097595 158 137 132
0.07579401880502701 0.0052000549621880054 0.13600000739097595 153 124 112
0.0786721259355545 0.0052000549621880054 0.13600000739097595 170 136 126
0.07899191230535507 0.0052000549621880054 0.13600000739097595 169 135 125
0.07931170612573624 0.0052000549621880054 0.13600000739097595 167 133 125
0.0796314924955368 0.0052000549621880054 0.13600000739097595 164 130 122
0.07995127886533737 0.0052000549621880054 0.13600000739097595 160 128 122
0.08027107268571854 0.0052000549621880054 0.13600000739097595 156 124 118
0.0805908590555191 0.0052000549621880054 0.13600000739097595 152 120 114
0.08091065287590027 0.0052000549621880054 0.13600000739097595 149 117 111
0.08123043924570084 0.0052000549621880054 0.13600000739097595 128 97 88
0.081550233066082 0.0052000549621880054 0.13600000739097595 158 127 118
0.08187001943588257 0.0052000549621880054 0.13600000739097595 185 158 150
0.08218980580568314 0.0052000549621880054 0.13600000739097595 178 151 143
0.0825095996260643 0.0052000549621880054 0.13600000739097595 162 141 138
0.08282938599586487 0.0052000549621880054 0.13600000739097595 140 119 116
0.08314917981624603 0.0052000549621880054 0.13600000739097595 138 117 114
0.0834689661860466 0.0052000549621880054 0.13600000739097595 136 115 112
0.08378876000642776 0.0052000549621880054 0.13600000739097595 129 109 99
0.08410854637622833 0.0052000549621880054 0.13600000739097595 130 110 100
0.0844283327460289 0.0052000549621880054 0.13600000739097595 128 107 94
0.08474812656641006 0.0052000549621880054 0.13600000739097595 128 107 94
0.08506791293621063 0.0052000549621880054 0.13600000739097595 121 99 89
0.0853877067565918 0.0052000549621880054 0.13600000739097595 119 97 87
0.08570749312639236 0.0052000549621880054 0.13600000739097595 121 96 87
0.08602728694677353 0.0052000549621880054 0.13600000739097595 121 96 87
0.0863470733165741 0.0052000549621880054 0.13600000739097595 122 87 82
0.08666686713695526 0.0052000549621880054 0.13600000739097595 135 100 95
0.08698665350675583 0.0052000549621880054 0.13600000739097595 151 110 104
0.08827054500579834 0.005238290876150131 0.13699999451637268 148 118 111
0.08859268575906754 0.005238290876150131 0.13699999451637268 147 117 110
0.08891482651233673 0.005238290876150131 0.13699999451637268 137 119 110
0.08923696726560593 0.005238290876150131 0.13699999451637268 133 115 106
0.08955910801887512 0.005238290876150131 0.13699999451637268 127 111 106
0.08988124877214432 0.005238290876150131 0.13699999451637268 124 108 103
0.09020338952541351 0.005238290876150131 0.13699999451637268 130 109 104
0.09052553027868271 0.005238290876150131 0.13699999451637268 127 106 101
0.0908476710319519 0.005238290876150131 0.13699999451637268 133 101 97
0.0911698117852211 0.005238290876150131 0.13699999451637268 124 92 88
0.09215977787971497 0.00527652632445097 0.1379999965429306 124 85 81
0.09248427301645279 0.00527652632445097 0.1379999965429306 111 72 68
0.09280876070261002 0.00527652632445097 0.1379999965429306 133 95 88
0.09313325583934784 0.00527652632445097 0.1379999965429306 139 101 94
0.09345774352550507 0.00527652632445097 0.1379999965429306 135 99 91
0.0944618210196495 0.0053147622384130955 0.13899999856948853 132 96 88
0.09478866308927536 0.0053147622384130955 0.13899999856948853 128 93 90
0.09511550515890121 0.0053147622384130955 0.13899999856948853 121 86 83
0.09544235467910767 0.0053147622384130955 0.13899999856948853 122 84 84
0.06403739005327225 0.0060068899765610695 0.14800000190734863 255 213 211
0.06395035982131958 0.005966302938759327 0.1469999998807907 255 213 211
0.06429601460695267 0.005966302938759327 0.1469999998807907 255 216 222
0.06420192867517471 0.005925715435296297 0.1459999978542328 255 214 220
0.06454523652791977 0.005925715435296297 0.1459999978542328 255 208 216
0.06546695530414581 0.0058851283974945545 0.14499999582767487 200 160 163
0.06580790132284164 0.0058851283974945545 0.14499999582767487 202 162 165
0.06590895354747772 0.005803954321891069 0.14300000667572021 200 169 171
0.06624520570039749 0.005803954321891069 0.14300000667572021 189 158 160
0.0661158487200737 0.005763367284089327 0.1420000046491623 177 139 143
0.06644974648952484 0.005763367284089327 0.1420000046491623 180 142 146
0.06678364425897598 0.005763367284089327 0.1420000046491623 177 128 129
0.06711754202842712 0.005763367284089327 0.1420000046491623 121 72 73
0.06745143979787827 0.005763367284089327 0.1420000046491623 189 150 148
0.0677853375673294 0.005763367284089327 0.1420000046491623 255 238 236
0.06811923533678055 0.005763367284089327 0.1420000046491623 255 247 249
0.06845313310623169 0.005763367284089327 0.1420000046491623 255 245 247
0.06830261647701263 0.005722780246287584 0.14100000262260437 240 210 224
0.06863416731357574 0.005722780246287584 0.14100000262260437 230 200 214
0.06896571069955826 0.005722780246287584 0.14100000262260437 235 202 215
0.06929726153612137 0.005722780246287584 0.14100000262260437 228 195 208
0.06962880492210388 0.005722780246287584 0.14100000262260437 210 188 192
0.0699603483080864 0.005722780246287584 0.14100000262260437 210 188 192
0.0702918991446495 0.005722780246287584 0.14100000262260437 199 182 184
0.07012256979942322 0.005682193208485842 0.14000000059604645 199 182 184
0.0704517662525177 0.005682193208485842 0.14000000059604645 197 180 182
0.07078096270561218 0.005682193208485842 0.14000000059604645 200 183 185
0.07060222327709198 0.005641606170684099 0.13899999856948853 198 174 176
0.07092906534671783 0.005641606170684099 0.13899999856948853 188 164 166
0.07074327766895294 0.005601019132882357 0.1379999965429306 174 141 140
0.07106777280569077 0.005601019132882357 0.1379999965429306 158 125 124
0.07139226794242859 0.005601019132882357 0.1379999965429306 144 107 102
0.07119707018136978 0.005560431629419327 0.13699999451637268 199 162 157
0.07151921093463898 0.005560431629419327 0.13699999451637268 208 182 180
0.07184135168790817 0.005560431629419327 0.13699999451637268 199 173 171
0.07216349244117737 0.005560431629419327 0.13699999451637268 202 174 175
0.07248563319444656 0.005560431629419327 0.13699999451637268 192 164 165
0.07280777394771576 0.005560431629419327 0.13699999451637268 183 152 154
0.07345205545425415 0.005560431629419327 0.13699999451637268 177 146 148
0.07377419620752335 0.005560431629419327 0.13699999451637268 175 144 146
0.07441847771406174 0.005560431629419327 0.13699999451637268 166 138 139
0.07474061846733093 0.005560431629419327 0.13699999451637268 159 136 133
0.07451485842466354 0.005519844591617584 0.13600000739097595 163 140 137
0.07483465224504471 0.005519844591617584 0.13600000739097595 153 133 125
0.07515443861484528 0.005519844591617584 0.13600000739097595 153 133 125
0.07579401880502701 0.005519844591617584 0.13600000739097595 155 126 114
0.07739296555519104 0.005519844591617584 0.13600000739097595 177 143 133
0.07771275192499161 0.005519844591617584 0.13600000739097595 172 138 128
0.07803254574537277 0.005519844591617584 0.13600000739097595 167 137 130
0.07835233211517334 0.005519844591617584 0.13600000739097595 168 138 131
0.0786721259355545 0.005519844591617584 0.13600000739097595 172 140 134
0.07899191230535507 0.005519844591617584 0.13600000739097595 165 133 127
0.07931170612573624 0.005519844591617584 0.13600000739097595 159 127 121
0.0796314924955368 0.005519844591617584 0.13600000739097595 152 120 114
0.07995127886533737 0.005519844591617584 0.13600000739097595 149 117 111
0.08027107268571854 0.005519844591617584 0.13600000739097595 145 113 107
0.0805908590555191 0.005519844591617584 0.13600000739097595 142 111 102
0.08091065287590027 0.005519844591617584 0.13600000739097595 142 111 102
0.08123043924570084 0.005519844591617584 0.13600000739097595 133 104 94
0.081550233066082 0.005519844591617584 0.13600000739097595 120 91 81
0.08187001943588257 0.005519844591617584 0.13600000739097595 136 106 99
0.08218980580568314 0.005519844591617584 0.13600000739097595 161 131 124
0.0825095996260643 0.005519844591617584 0.13600000739097595 143 118 111
0.08282938599586487 0.005519844591617584 0.13600000739097595 140 115 108
0.08314917981624603 0.005519844591617584 0.13600000739097595 135 109 105
0.0834689661860466 0.005519844591617584 0.13600000739097595 134 108 104
0.08378876000642776 0.005519844591617584 0.13600000739097595 133 108 99
0.08410854637622833 0.005519844591617584 0.13600000739097595 131 106 97
0.0844283327460289 0.005519844591617584 0.13600000739097595 130 106 94
0.08474812656641006 0.005519844591617584 0.13600000739097595 127 103 91
0.08506791293621063 0.005519844591617584 0.13600000739097595 124 100 88
0.0853877067565918 0.005519844591617584 0.13600000739097595 124 100 88
0.08570749312639236 0.005519844591617584 0.13600000739097595 121 95 84
0.08602728694677353 0.005519844591617584 0.13600000739097595 116 90 79
0.0863470733165741 0.005519844591617584 0.13600000739097595 116 85 76
0.08666686713695526 0.005519844591617584 0.13600000739097595 126 95 86
0.08698665350675583 0.005519844591617584 0.13600000739097595 135 99 89
0.08794840425252914 0.005560431629419327 0.13699999451637268 144 108 98
0.08827054500579834 0.005560431629419327 0.13699999451637268 149 118 109
0.08859268575906754 0.005560431629419327 0.13699999451637268 149 118 109
0.08891482651233673 0.005560431629419327 0.13699999451637268 140 118 110
0.08923696726560593 0.005560431629419327 0.13699999451637268 136 114 106
0.08955910801887512 0.005560431629419327 0.13699999451637268 128 109 107
0.08988124877214432 0.005560431629419327 0.13699999451637268 124 105 103
0.09020338952541351 0.005560431629419327 0.13699999451637268 124 103 98
0.09052553027868271 0.005560431629419327 0.13699999451637268 120 99 94
0.0908476710319519 0.005560431629419327 0.13699999451637268 127 97 92
0.0911698117852211 0.005560431629419327 0.13699999451637268 120 90 85
0.09215977787971497 0.005601019132882357 0.1379999965429306 117 80 75
0.09248427301645279 0.005601019132882357 0.1379999965429306 116 79 74
0.09280876070261002 0.005601019132882357 0.1379999965429306 118 80 73
0.09313325583934784 0.005601019132882357 0.1379999965429306 133 95 88
0.09345774352550507 0.005601019132882357 0.1379999965429306 132 98 90
0.0944618210196495 0.005641606170684099 0.13899999856948853 132 98 90
0.09478866308927536 0.005641606170684099 0.13899999856948853 125 93 89
0.09511550515890121 0.005641606170684099 0.13899999856948853 118 86 82
0.09544235467910767 0.005641606170684099 0.13899999856948853 118 80 80
0.09576919674873352 0.005641606170684099 0.13899999856948853 114 76 76
0.09609603881835938 0.005641606170684099 0.13899999856948853 115 66 67
0.06403739005327225 0.006354896351695061 0.14800000190734863 255 217 218
0.06395035982131958 0.006311957724392414 0.1469999998807907 255 223 224
0.06429601460695267 0.006311957724392414 0.1469999998807907 255 223 232
0.06420192867517471 0.0062690190970897675 0.1459999978542328 255 223 232
0.06454523652791977 0.0062690190970897675 0.1459999978542328 255 215 224
0.06546695530414581 0.006226080935448408 0.14499999582767487 196 158 158
0.06580790132284164 0.006226080935448408 0.14499999582767487 199 161 161
0.06569265574216843 0.0061831423081457615 0.14399999380111694 199 166 165
0.06603125482797623 0.0061831423081457615 0.14399999380111694 199 166 165
0.06590895354747772 0.006140203680843115 0.14300000667572021 203 172 170
0.06624520570039749 0.006140203680843115 0.14300000667572021 198 167 165
0.0661158487200737 0.006097265053540468 0.1420000046491623 193 155 157
0.06644974648952484 0.006097265053540468 0.1420000046491623 186 148 150
0.06678364425897598 0.006097265053540468 0.1420000046491623 180 133 132
0.06711754202842712 0.006097265053540468 0.1420000046491623 147 100 99
0.06745143979787827 0.006097265053540468 0.1420000046491623 250 213 210
0.0677853375673294 0.006097265053540468 0.1420000046491623 255 244 241
0.06811923533678055 0.006097265053540468 0.1420000046491623 255 247 251
0.06845313310623169 0.006097265053540468 0.1420000046491623 255 247 251
0.06830261647701263 0.006054326891899109 0.14100000262260437 249 220 236
0.06863416731357574 0.006054326891899109 0.14100000262260437 255 226 242
0.06896571069955826 0.006054326891899109 0.14100000262260437 250 217 230
0.06929726153612137 0.006054326891899109 0.14100000262260437 226 193 206
0.06962880492210388 0.006054326891899109 0.14100000262260437 218 194 198
0.0699603483080864 0.006054326891899109 0.14100000262260437 217 193 197
0.0702918991446495 0.006054326891899109 0.14100000262260437 213 193 196
0.07012256979942322 0.006011388264596462 0.14000000059604645 214 194 197
0.0704517662525177 0.006011388264596462 0.14000000059604645 205 182 190
0.07078096270561218 0.006011388264596462 0.14000000059604645 203 180 188
0.07060222327709198 0.005968449637293816 0.13899999856948853 193 169 173
0.07092906534671783 0.005968449637293816 0.13899999856948853 170 146 150
0.07074327766895294 0.005925511475652456 0.1379999965429306 156 123 122
0.07106777280569077 0.005925511475652456 0.1379999965429306 149 116 115
0.07139226794242859 0.005925511475652456 0.1379999965429306 151 116 111
0.07119707018136978 0.00588257284834981 0.13699999451637268 194 159 154
0.07151921093463898 0.00588257284834981 0.13699999451637268 207 181 177
0.07184135168790817 0.00588257284834981 0.13699999451637268 195 169 165
0.07216349244117737 0.00588257284834981 0.13699999451637268 188 160 161
0.07248563319444656 0.00588257284834981 0.13699999451637268 192 164 165
0.07280777394771576 0.00588257284834981 0.13699999451637268 177 146 148
0.07345205545425415 0.00588257284834981 0.13699999451637268 164 133 135
0.07377419620752335 0.00588257284834981 0.13699999451637268 166 135 137
0.07441847771406174 0.00588257284834981 0.13699999451637268 162 134 135
0.07474061846733093 0.00588257284834981 0.13699999451637268 158 132 130
0.07579401880502701 0.005839634221047163 0.13600000739097595 144 113 104
0.07611380517482758 0.005839634221047163 0.13600000739097595 146 108 97
0.07643359899520874 0.005839634221047163 0.13600000739097595 129 91 80
0.07739296555519104 0.005839634221047163 0.13600000739097595 175 141 133
0.07771275192499161 0.005839634221047163 0.13600000739097595 172 138 130
0.07803254574537277 0.005839634221047163 0.13600000739097595 162 132 127
0.07835233211517334 0.005839634221047163 0.13600000739097595 158 128 123
0.0786721259355545 0.005839634221047163 0.13600000739097595 159 129 124
0.07899191230535507 0.005839634221047163 0.13600000739097595 150 120 115
0.07931170612573624 0.005839634221047163 0.13600000739097595 145 116 106
0.0796314924955368 0.005839634221047163 0.13600000739097595 144 115 105
0.07995127886533737 0.005839634221047163 0.13600000739097595 145 116 106
0.08027107268571854 0.005839634221047163 0.13600000739097595 141 112 102
0.0805908590555191 0.005839634221047163 0.13600000739097595 137 106 95
0.08091065287590027 0.005839634221047163 0.13600000739097595 134 103 92
0.08123043924570084 0.005839634221047163 0.13600000739097595 130 99 88
0.081550233066082 0.005839634221047163 0.13600000739097595 128 97 86
0.08187001943588257 0.005839634221047163 0.13600000739097595 126 94 88
0.08218980580568314 0.005839634221047163 0.13600000739097595 140 108 102
0.0825095996260643 0.005839634221047163 0.13600000739097595 130 100 95
0.08282938599586487 0.005839634221047163 0.13600000739097595 138 108 103
0.08314917981624603 0.005839634221047163 0.13600000739097595 131 106 99
0.0834689661860466 0.005839634221047163 0.13600000739097595 134 109 102
0.08378876000642776 0.005839634221047163 0.13600000739097595 130 105 96
0.08410854637622833 0.005839634221047163 0.13600000739097595 128 103 94
0.0844283327460289 0.005839634221047163 0.13600000739097595 127 103 91
0.08474812656641006 0.005839634221047163 0.13600000739097595 123 99 87
0.08506791293621063 0.005839634221047163 0.13600000739097595 119 95 81
0.0853877067565918 0.005839634221047163 0.13600000739097595 123 99 85
0.08570749312639236 0.005839634221047163 0.13600000739097595 120 94 83
0.08602728694677353 0.005839634221047163 0.13600000739097595 115 89 78
0.0863470733165741 0.005839634221047163 0.13600000739097595 118 87 78
0.08666686713695526 0.005839634221047163 0.13600000739097595 125 94 85
0.08698665350675583 0.005839634221047163 0.13600000739097595 129 93 83
0.08794840425252914 0.00588257284834981 0.13699999451637268 130 94 84
0.08827054500579834 0.00588257284834981 0.13699999451637268 137 106 95
0.08859268575906754 0.00588257284834981 0.13699999451637268 147 116 105
0.08891482651233673 0.00588257284834981 0.13699999451637268 142 117 108
0.08923696726560593 0.00588257284834981 0.13699999451637268 143 118 109
0.08955910801887512 0.00588257284834981 0.13699999451637268 129 106 103
0.08988124877214432 0.00588257284834981 0.13699999451637268 125 102 99
0.09020338952541351 0.00588257284834981 0.13699999451637268 125 102 97
0.09052553027868271 0.00588257284834981 0.13699999451637268 125 102 97
0.0908476710319519 0.00588257284834981 0.13699999451637268 124 97 91
0.0911698117852211 0.00588257284834981 0.13699999451637268 117 90 84
0.09215977787971497 0.005925511475652456 0.1379999965429306 119 84 79
0.09248427301645279 0.005925511475652456 0.1379999965429306 118 83 78
0.09280876070261002 0.005925511475652456 0.1379999965429306 115 76 72
0.09313325583934784 0.005925511475652456 0.1379999965429306 121 82 78
0.09345774352550507 0.005925511475652456 0.1379999965429306 127 95 89
0.09378223866224289 0.005925511475652456 0.1379999965429306 127 95 89
0.09478866308927536 0.005968449637293816 0.13899999856948853 122 92 87
0.09511550515890121 0.005968449637293816 0.13899999856948853 116 86 81
0.09544235467910767 0.005968449637293816 0.13899999856948853 119 83 83
0.09576919674873352 0.005968449637293816 0.13899999856948853 113 77 77
0.0632590502500534 0.006657612510025501 0.1469999998807907 255 211 207
0.06360470503568649 0.006657612510025501 0.1469999998807907 255 214 215
0.06395035982131958 0.006657612510025501 0.1469999998807907 255 232 233
0.06385862827301025 0.006612322758883238 0.1459999978542328 255 233 246
0.06420192867517471 0.006612322758883238 0.1459999978542328 255 225 238
0.06454523652791977 0.006612322758883238 0.1459999978542328 254 205 216
0.06488853693008423 0.006612322758883238 0.1459999978542328 243 194 205
0.06523183733224869 0.006612322758883238 0.1459999978542328 232 187 190
0.06557514518499374 0.006612322758883238 0.1459999978542328 224 179 182
0.06546695530414581 0.006567033007740974 0.14499999582767487 193 158 155
0.06580790132284164 0.006567033007740974 0.14499999582767487 197 162 159
0.06569265574216843 0.006521742790937424 0.14399999380111694 201 171 166
0.06603125482797623 0.006521742790937424 0.14399999380111694 200 170 165
0.06590895354747772 0.00647645303979516 0.14300000667572021 201 170 168
0.06624520570039749 0.00647645303979516 0.14300000667572021 198 167 165
0.0661158487200737 0.006431163288652897 0.1420000046491623 186 148 148
0.06644974648952484 0.006431163288652897 0.1420000046491623 179 141 141
0.06678364425897598 0.006431163288652897 0.1420000046491623 172 131 125
0.06711754202842712 0.006431163288652897 0.1420000046491623 162 121 115
0.06745143979787827 0.006431163288652897 0.1420000046491623 255 218 219
0.0677853375673294 0.006431163288652897 0.1420000046491623 255 238 239
0.06811923533678055 0.006431163288652897 0.1420000046491623 255 237 247
0.06845313310623169 0.006431163288652897 0.1420000046491623 255 241 251
0.06830261647701263 0.0063858735375106335 0.14100000262260437 255 236 253
0.06863416731357574 0.0063858735375106335 0.14100000262260437 252 221 238
0.06896571069955826 0.0063858735375106335 0.14100000262260437 227 197 209
0.06929726153612137 0.0063858735375106335 0.14100000262260437 209 179 191
0.06962880492210388 0.0063858735375106335 0.14100000262260437 207 178 184
0.0699603483080864 0.0063858735375106335 0.14100000262260437 209 180 186
0.06979337334632874 0.006340583320707083 0.14000000059604645 208 181 186
0.07012256979942322 0.006340583320707083 0.14000000059604645 204 177 182
0.0704517662525177 0.006340583320707083 0.14000000059604645 199 171 180
0.07027538120746613 0.006295293569564819 0.13899999856948853 194 166 175
0.07060222327709198 0.006295293569564819 0.13899999856948853 188 160 169
0.07092906534671783 0.006295293569564819 0.13899999856948853 173 145 154
0.07074327766895294 0.006250003818422556 0.1379999965429306 162 129 128
0.07106777280569077 0.006250003818422556 0.1379999965429306 152 119 118
0.07139226794242859 0.006250003818422556 0.1379999965429306 147 112 107
0.07171675562858582 0.006250003818422556 0.1379999965429306 183 148 143
0.07204125076532364 0.006250003818422556 0.1379999965429306 206 181 174
0.07236573845148087 0.006250003818422556 0.1379999965429306 197 172 165
0.07269023358821869 0.006250003818422556 0.1379999965429306 175 147 146
0.07248563319444656 0.006204713601619005 0.13699999451637268 179 151 150
0.07280777394771576 0.006204713601619005 0.13699999451637268 173 142 144
0.07312991470098495 0.006204713601619005 0.13699999451637268 162 131 133
0.07345205545425415 0.006204713601619005 0.13699999451637268 162 131 133
0.07377419620752335 0.006204713601619005 0.13699999451637268 161 130 132
0.07409633696079254 0.006204713601619005 0.13699999451637268 159 128 130
0.07441847771406174 0.006204713601619005 0.13699999451637268 158 127 129
0.07474061846733093 0.006204713601619005 0.13699999451637268 154 123 121
0.07506275922060013 0.006204713601619005 0.13699999451637268 152 121 119
0.07538489997386932 0.006204713601619005 0.13699999451637268 152 122 117
0.07570704072713852 0.006204713601619005 0.13699999451637268 147 117 112
0.07547422498464584 0.006159423850476742 0.13600000739097595 146 116 109
0.07579401880502701 0.006159423850476742 0.13600000739097595 141 111 104
0.07611380517482758 0.006159423850476742 0.13600000739097595 139 103 93
0.07643359899520874 0.006159423850476742 0.13600000739097595 138 102 92
0.07675338536500931 0.006159423850476742 0.13600000739097595 170 132 125
0.07707317918539047 0.006159423850476742 0.13600000739097595 180 142 135
0.07739296555519104 0.006159423850476742 0.13600000739097595 170 135 130
0.07771275192499161 0.006159423850476742 0.13600000739097595 164 129 124
0.07803254574537277 0.006159423850476742 0.13600000739097595 159 127 123
0.07835233211517334 0.006159423850476742 0.13600000739097595 154 122 118
0.0786721259355545 0.006159423850476742 0.13600000739097595 153 121 115
0.07899191230535507 0.006159423850476742 0.13600000739097595 146 114 108
0.07931170612573624 0.006159423850476742 0.13600000739097595 144 113 104
0.0796314924955368 0.006159423850476742 0.13600000739097595 142 111 102
0.07995127886533737 0.006159423850476742 0.13600000739097595 139 108 99
0.08027107268571854 0.006159423850476742 0.13600000739097595 138 107 98
0.0805908590555191 0.006159423850476742 0.13600000739097595 137 106 97
0.08091065287590027 0.006159423850476742 0.13600000739097595 132 101 92
0.08123043924570084 0.006159423850476742 0.13600000739097595 127 93 85
0.081550233066082 0.006159423850476742 0.13600000739097595 128 94 86
0.08187001943588257 0.006159423850476742 0.13600000739097595 120 86 78
0.08218980580568314 0.006159423850476742 0.13600000739097595 136 102 94
0.0825095996260643 0.006159423850476742 0.13600000739097595 131 100 91
0.08282938599586487 0.006159423850476742 0.13600000739097595 133 102 93
0.08314917981624603 0.006159423850476742 0.13600000739097595 131 101 94
0.0834689661860466 0.006159423850476742 0.13600000739097595 132 102 95
0.08378876000642776 0.006159423850476742 0.13600000739097595 130 101 91
0.08410854637622833 0.006159423850476742 0.13600000739097595 129 100 90
0.0844283327460289 0.006159423850476742 0.13600000739097595 127 98 88
0.08474812656641006 0.006159423850476742 0.13600000739097595 126 97 87
0.08506791293621063 0.006159423850476742 0.13600000739097595 125 96 84
0.0853877067565918 0.006159423850476742 0.13600000739097595 124 95 83
0.08570749312639236 0.006159423850476742 0.13600000739097595 121 90 79
0.08602728694677353 0.006159423850476742 0.13600000739097595 118 87 76
0.0863470733165741 0.006159423850476742 0.13600000739097595 118 87 76
0.08666686713695526 0.006159423850476742 0.13600000739097595 121 90 79
0.08762626349925995 0.006204713601619005 0.13699999451637268 126 92 82
0.08794840425252914 0.006204713601619005 0.13699999451637268 134 100 90
0.08827054500579834 0.006204713601619005 0.13699999451637268 141 112 100
0.08859268575906754 0.006204713601619005 0.13699999451637268 145 116 104
0.08891482651233673 0.006204713601619005 0.13699999451637268 144 114 107
0.08923696726560593 0.006204713601619005 0.13699999451637268 137 107 100
0.08955910801887512 0.006204713601619005 0.13699999451637268 132 101 101
0.08988124877214432 0.006204713601619005 0.13699999451637268 129 98 98
0.09020338952541351 0.006204713601619005 0.13699999451637268 126 100 96
0.09052553027868271 0.006204713601619005 0.13699999451637268 124 98 94
0.0908476710319519 0.006204713601619005 0.13699999451637268 124 97 91
0.0911698117852211 0.006204713601619005 0.13699999451637268 122 95 89
0.09215977787971497 0.006250003818422556 0.1379999965429306 122 87 82
0.09248427301645279 0.006250003818422556 0.1379999965429306 119 84 79
0.09280876070261002 0.006250003818422556 0.1379999965429306 118 76 75
0.09313325583934784 0.006250003818422556 0.1379999965429306 118 76 75
0.09345774352550507 0.006250003818422556 0.1379999965429306 121 85 85
0.09378223866224289 0.006250003818422556 0.1379999965429306 126 90 90
0.09478866308927536 0.006295293569564819 0.13899999856948853 119 86 87
0.09511550515890121 0.006295293569564819 0.13899999856948853 116 83 84
0.09544235467910767 0.006295293569564819 0.13899999856948853 118 82 82
0.09576919674873352 0.006295293569564819 0.13899999856948853 112 76 76
0.09609603881835938 0.006295293569564819 0.13899999856948853 116 67 68
0.09642288088798523 0.006295293569564819 0.13899999856948853 106 57 58
0.0632590502500534 0.007003267761319876 0.1469999998807907 255 212 208
0.06360470503568649 0.007003267761319876 0.1469999998807907 255 214 220
0.06395035982131958 0.007003267761319876 0.1469999998807907 255 236 242
0.06385862827301025 0.006955626420676708 0.1459999978542328 255 235 246
0.06420192867517471 0.006955626420676708 0.1459999978542328 255 234 245
0.06454523652791977 0.006955626420676708 0.1459999978542328 243 202 212
0.06488853693008423 0.006955626420676708 0.1459999978542328 220 179 189
0.06523183733224869 0.006955626420676708 0.1459999978542328 218 178 181
0.06557514518499374 0.006955626420676708 0.1459999978542328 213 173 176
0.06546695530414581 0.006907985080033541 0.14499999582767487 190 155 152
0.06580790132284164 0.006907985080033541 0.14499999582767487 196 161 158
0.06603125482797623 0.006860343739390373 0.14399999380111694 201 171 164
0.06590895354747772 0.006812702398747206 0.14300000667572021 198 167 165
0.06624520570039749 0.006812702398747206 0.14300000667572021 200 169 167
0.0661158487200737 0.006765061058104038 0.1420000046491623 178 143 140
0.06644974648952484 0.006765061058104038 0.1420000046491623 176 141 138
0.06678364425897598 0.006765061058104038 0.1420000046491623 173 135 126
0.06711754202842712 0.006765061058104038 0.1420000046491623 167 129 120
0.06745143979787827 0.006765061058104038 0.1420000046491623 255 216 219
0.0677853375673294 0.006765061058104038 0.1420000046491623 255 225 228
0.06811923533678055 0.006765061058104038 0.1420000046491623 255 223 230
0.06845313310623169 0.006765061058104038 0.1420000046491623 255 227 234
0.06830261647701263 0.006717419717460871 0.14100000262260437 255 228 244
0.06863416731357574 0.006717419717460871 0.14100000262260437 223 188 204
0.06896571069955826 0.006717419717460871 0.14100000262260437 211 176 188
0.06929726153612137 0.006717419717460871 0.14100000262260437 215 180 192
0.06962880492210388 0.006717419717460871 0.14100000262260437 209 175 181
0.0699603483080864 0.006717419717460871 0.14100000262260437 210 176 182
0.06979337334632874 0.006669778376817703 0.14000000059604645 208 174 180
0.07012256979942322 0.006669778376817703 0.14000000059604645 203 169 175
0.0704517662525177 0.006669778376817703 0.14000000059604645 201 166 178
0.07027538120746613 0.006622137501835823 0.13899999856948853 196 161 173
0.07060222327709198 0.006622137501835823 0.13899999856948853 179 147 154
0.07092906534671783 0.006622137501835823 0.13899999856948853 169 137 144
0.07074327766895294 0.0065744961611926556 0.1379999965429306 154 119 116
0.07106777280569077 0.0065744961611926556 0.1379999965429306 154 119 116
0.07139226794242859 0.0065744961611926556 0.1379999965429306 141 109 103
0.07171675562858582 0.0065744961611926556 0.1379999965429306 184 152 146
0.07204125076532364 0.0065744961611926556 0.1379999965429306 206 179 173
0.07236573845148087 0.0065744961611926556 0.1379999965429306 195 168 162
0.07269023358821869 0.0065744961611926556 0.1379999965429306 175 144 144
0.07301472872495651 0.0065744961611926556 0.1379999965429306 180 149 149
0.07280777394771576 0.006526854820549488 0.13699999451637268 172 139 140
0.07312991470098495 0.006526854820549488 0.13699999451637268 163 130 131
0.07345205545425415 0.006526854820549488 0.13699999451637268 159 126 127
0.07377419620752335 0.006526854820549488 0.13699999451637268 156 123 124
0.07409633696079254 0.006526854820549488 0.13699999451637268 160 124 126
0.07441847771406174 0.006526854820549488 0.13699999451637268 162 126 128
0.07474061846733093 0.006526854820549488 0.13699999451637268 158 122 122
0.07506275922060013 0.006526854820549488 0.13699999451637268 157 121 121
0.07538489997386932 0.006526854820549488 0.13699999451637268 152 122 117
0.07570704072713852 0.006526854820549488 0.13699999451637268 146 116 111
0.07547422498464584 0.006479213479906321 0.13600000739097595 141 111 104
0.07579401880502701 0.006479213479906321 0.13600000739097595 141 111 104
0.07611380517482758 0.006479213479906321 0.13600000739097595 136 102 92
0.07643359899520874 0.006479213479906321 0.13600000739097595 136 102 92
0.07675338536500931 0.006479213479906321 0.13600000739097595 153 117 109
0.07707317918539047 0.006479213479906321 0.13600000739097595 172 136 128
0.07739296555519104 0.006479213479906321 0.13600000739097595 164 129 126
0.07771275192499161 0.006479213479906321 0.13600000739097595 154 119 116
0.07803254574537277 0.006479213479906321 0.13600000739097595 138 106 102
0.07835233211517334 0.006479213479906321 0.13600000739097595 141 109 105
0.0786721259355545 0.006479213479906321 0.13600000739097595 152 115 110
0.07899191230535507 0.006479213479906321 0.13600000739097595 145 108 103
0.07931170612573624 0.006479213479906321 0.13600000739097595 143 107 97
0.0796314924955368 0.006479213479906321 0.13600000739097595 143 107 97
0.07995127886533737 0.006479213479906321 0.13600000739097595 139 103 93
0.08027107268571854 0.006479213479906321 0.13600000739097595 137 101 91
0.0805908590555191 0.006479213479906321 0.13600000739097595 136 100 90
0.08091065287590027 0.006479213479906321 0.13600000739097595 131 95 85
0.08123043924570084 0.006479213479906321 0.13600000739097595 128 92 82
0.081550233066082 0.006479213479906321 0.13600000739097595 129 93 83
0.08187001943588257 0.006479213479906321 0.13600000739097595 123 87 77
0.08218980580568314 0.006479213479906321 0.13600000739097595 136 100 90
0.0825095996260643 0.006479213479906321 0.13600000739097595 132 98 90
0.08282938599586487 0.006479213479906321 0.13600000739097595 134 100 92
0.08314917981624603 0.006479213479906321 0.13600000739097595 130 99 90
0.0834689661860466 0.006479213479906321 0.13600000739097595 131 100 91
0.08378876000642776 0.006479213479906321 0.13600000739097595 129 100 88
0.08410854637622833 0.006479213479906321 0.13600000739097595 130 101 89
0.0844283327460289 0.006479213479906321 0.13600000739097595 131 100 89
0.08474812656641006 0.006479213479906321 0.13600000739097595 131 100 89
0.08506791293621063 0.006479213479906321 0.13600000739097595 129 95 83
0.0853877067565918 0.006479213479906321 0.13600000739097595 126 92 80
0.08570749312639236 0.006479213479906321 0.13600000739097595 121 87 75
0.08602728694677353 0.006479213479906321 0.13600000739097595 119 85 73
0.0863470733165741 0.006479213479906321 0.13600000739097595 121 87 75
0.08666686713695526 0.006479213479906321 0.13600000739097595 122 88 76
0.08762626349925995 0.006526854820549488 0.13699999451637268 138 107 96
0.08794840425252914 0.006526854820549488 0.13699999451637268 139 108 97
0.08827054500579834 0.006526854820549488 0.13699999451637268 139 110 98
0.08859268575906754 0.006526854820549488 0.13699999451637268 144 115 103
0.08891482651233673 0.006526854820549488 0.13699999451637268 135 109 98
0.08923696726560593 0.006526854820549488 0.13699999451637268 132 106 95
0.08955910801887512 0.006526854820549488 0.13699999451637268 131 100 98
0.08988124877214432 0.006526854820549488 0.13699999451637268 131 100 98
0.09020338952541351 0.006526854820549488 0.13699999451637268 126 95 93
0.09052553027868271 0.006526854820549488 0.13699999451637268 127 96 94
0.0908476710319519 0.006526854820549488 0.13699999451637268 125 98 92
0.0911698117852211 0.006526854820549488 0.13699999451637268 122 95 89
0.09215977787971497 0.0065744961611926556 0.1379999965429306 120 85 80
0.09248427301645279 0.0065744961611926556 0.1379999965429306 111 76 71
0.09280876070261002 0.0065744961611926556 0.1379999965429306 113 71 70
0.09313325583934784 0.0065744961611926556 0.1379999965429306 116 74 73
0.09345774352550507 0.0065744961611926556 0.1379999965429306 124 86 86
0.09378223866224289 0.0065744961611926556 0.1379999965429306 109 71 71
0.09410673379898071 0.0065744961611926556 0.1379999965429306 112 79 80
0.09511550515890121 0.006622137501835823 0.13899999856948853 114 81 82
0.09544235467910767 0.006622137501835823 0.13899999856948853 114 78 80
0.09576919674873352 0.006622137501835823 0.13899999856948853 112 76 78
0.09609603881835938 0.006622137501835823 0.13899999856948853 115 68 69
0.09642288088798523 0.006622137501835823 0.13899999856948853 105 58 59
0.06360470503568649 0.007348922546952963 0.1469999998807907 253 208 213
0.06395035982131958 0.007348922546952963 0.1469999998807907 255 235 240
0.06385862827301025 0.007298929616808891 0.1459999978542328 255 239 251
0.06420192867517471 0.007298929616808891 0.1459999978542328 255 240 252
0.06454523652791977 0.007298929616808891 0.1459999978542328 255 219 228
0.06488853693008423 0.007298929616808891 0.1459999978542328 223 184 193
0.06523183733224869 0.007298929616808891 0.1459999978542328 223 185 187
0.06557514518499374 0.007298929616808891 0.1459999978542328 226 188 190
0.06546695530414581 0.007248937152326107 0.14499999582767487 195 163 159
0.06580790132284164 0.007248937152326107 0.14499999582767487 194 162 158
0.06569265574216843 0.007198944687843323 0.14399999380111694 196 166 161
0.06557270884513855 0.007148951757699251 0.14300000667572021 195 165 160
0.06590895354747772 0.007148951757699251 0.14300000667572021 197 166 166
0.06624520570039749 0.007148951757699251 0.14300000667572021 191 160 160
0.0661158487200737 0.007098959293216467 0.1420000046491623 174 137 134
0.06644974648952484 0.007098959293216467 0.1420000046491623 176 139 136
0.06745143979787827 0.007098959293216467 0.1420000046491623 255 215 211
0.0677853375673294 0.007098959293216467 0.1420000046491623 255 215 211
0.06811923533678055 0.007098959293216467 0.1420000046491623 248 205 209
0.06845313310623169 0.007098959293216467 0.1420000046491623 255 212 216
0.06830261647701263 0.007048966363072395 0.14100000262260437 251 209 223
0.06863416731357574 0.007048966363072395 0.14100000262260437 231 189 203
0.06896571069955826 0.007048966363072395 0.14100000262260437 220 180 193
0.06929726153612137 0.007048966363072395 0.14100000262260437 219 179 192
0.06962880492210388 0.007048966363072395 0.14100000262260437 215 177 181
0.06946417689323425 0.006998973898589611 0.14000000059604645 213 175 179
0.06979337334632874 0.006998973898589611 0.14000000059604645 208 170 174
0.07012256979942322 0.006998973898589611 0.14000000059604645 205 167 171
0.06994853913784027 0.0069489809684455395 0.13899999856948853 201 162 171
0.07027538120746613 0.0069489809684455395 0.13899999856948853 200 161 170
0.07060222327709198 0.0069489809684455395 0.13899999856948853 192 153 160
0.07092906534671783 0.0069489809684455395 0.13899999856948853 171 132 139
0.07074327766895294 0.006898988503962755 0.1379999965429306 150 111 109
0.07106777280569077 0.006898988503962755 0.1379999965429306 147 108 106
0.07139226794242859 0.006898988503962755 0.1379999965429306 145 109 101
0.07171675562858582 0.006898988503962755 0.1379999965429306 188 152 144
0.07204125076532364 0.006898988503962755 0.1379999965429306 207 172 167
0.07236573845148087 0.006898988503962755 0.1379999965429306 197 162 157
0.07269023358821869 0.006898988503962755 0.1379999965429306 187 149 149
0.07301472872495651 0.006898988503962755 0.1379999965429306 179 141 141
0.07333921641111374 0.006898988503962755 0.1379999965429306 163 125 127
0.07366371154785156 0.006898988503962755 0.1379999965429306 164 126 128
0.07398820668458939 0.006898988503962755 0.1379999965429306 157 121 123
0.07431269437074661 0.006898988503962755 0.1379999965429306 158 122 124
0.07409633696079254 0.006848995573818684 0.13699999451637268 160 122 122
0.07441847771406174 0.006848995573818684 0.13699999451637268 162 124 124
0.07474061846733093 0.006848995573818684 0.13699999451637268 158 121 118
0.07506275922060013 0.006848995573818684 0.13699999451637268 159 122 119
0.07538489997386932 0.006848995573818684 0.13699999451637268 154 119 116
0.07570704072713852 0.006848995573818684 0.13699999451637268 148 113 110
0.07547422498464584 0.006799003109335899 0.13600000739097595 147 112 109
0.07579401880502701 0.006799003109335899 0.13600000739097595 136 101 98
0.07611380517482758 0.006799003109335899 0.13600000739097595 137 101 91
0.07643359899520874 0.006799003109335899 0.13600000739097595 135 99 89
0.07675338536500931 0.006799003109335899 0.13600000739097595 144 108 100
0.07707317918539047 0.006799003109335899 0.13600000739097595 162 126 118
0.07739296555519104 0.006799003109335899 0.13600000739097595 151 119 115
0.07771275192499161 0.006799003109335899 0.13600000739097595 151 119 115
0.07803254574537277 0.006799003109335899 0.13600000739097595 143 108 105
0.07835233211517334 0.006799003109335899 0.13600000739097595 139 104 101
0.0786721259355545 0.006799003109335899 0.13600000739097595 148 111 106
0.07899191230535507 0.006799003109335899 0.13600000739097595 141 104 99
0.07931170612573624 0.006799003109335899 0.13600000739097595 137 101 93
0.0796314924955368 0.006799003109335899 0.13600000739097595 136 100 92
0.07995127886533737 0.006799003109335899 0.13600000739097595 135 97 88
0.08027107268571854 0.006799003109335899 0.13600000739097595 133 95 86
0.0805908590555191 0.006799003109335899 0.13600000739097595 132 94 85
0.08091065287590027 0.006799003109335899 0.13600000739097595 130 92 83
0.08123043924570084 0.006799003109335899 0.13600000739097595 126 88 79
0.081550233066082 0.006799003109335899 0.13600000739097595 128 90 81
0.08187001943588257 0.006799003109335899 0.13600000739097595 121 85 73
0.08218980580568314 0.006799003109335899 0.13600000739097595 127 91 79
0.0825095996260643 0.006799003109335899 0.13600000739097595 129 93 81
0.08282938599586487 0.006799003109335899 0.13600000739097595 136 100 88
0.08314917981624603 0.006799003109335899 0.13600000739097595 134 100 90
0.0834689661860466 0.006799003109335899 0.13600000739097595 135 101 91
0.08378876000642776 0.006799003109335899 0.13600000739097595 133 99 89
0.08410854637622833 0.006799003109335899 0.13600000739097595 130 96 86
0.0844283327460289 0.006799003109335899 0.13600000739097595 132 96 86
0.08474812656641006 0.006799003109335899 0.13600000739097595 132 96 86
0.08506791293621063 0.006799003109335899 0.13600000739097595 130 92 83
0.0853877067565918 0.006799003109335899 0.13600000739097595 126 88 79
0.08570749312639236 0.006799003109335899 0.13600000739097595 122 84 75
0.08602728694677353 0.006799003109335899 0.13600000739097595 121 83 74
0.0863470733165741 0.006799003109335899 0.13600000739097595 121 83 74
0.08666686713695526 0.006799003109335899 0.13600000739097595 122 84 75
0.08762626349925995 0.006848995573818684 0.13699999451637268 121 87 77
0.08794840425252914 0.006848995573818684 0.13699999451637268 128 94 84
0.08827054500579834 0.006848995573818684 0.13699999451637268 134 103 92
0.08859268575906754 0.006848995573818684 0.13699999451637268 140 109 98
0.08891482651233673 0.006848995573818684 0.13699999451637268 138 109 97
0.08923696726560593 0.006848995573818684 0.13699999451637268 134 105 93
0.08955910801887512 0.006848995573818684 0.13699999451637268 133 103 98
0.08988124877214432 0.006848995573818684 0.13699999451637268 133 103 98
0.09020338952541351 0.006848995573818684 0.13699999451637268 129 99 94
0.09052553027868271 0.006848995573818684 0.13699999451637268 127 97 92
0.0908476710319519 0.006848995573818684 0.13699999451637268 129 99 92
0.0911698117852211 0.006848995573818684 0.13699999451637268 125 95 88
0.09215977787971497 0.006898988503962755 0.1379999965429306 121 84 79
0.09248427301645279 0.006898988503962755 0.1379999965429306 117 80 75
0.09280876070261002 0.006898988503962755 0.1379999965429306 112 70 67
0.09313325583934784 0.006898988503962755 0.1379999965429306 113 71 68
0.09345774352550507 0.006898988503962755 0.1379999965429306 114 74 75
0.09378223866224289 0.006898988503962755 0.1379999965429306 114 74 75
0.09410673379898071 0.006898988503962755 0.1379999965429306 115 79 81
0.09511550515890121 0.0069489809684455395 0.13899999856948853 114 78 80
0.09544235467910767 0.0069489809684455395 0.13899999856948853 113 77 77
0.09576919674873352 0.0069489809684455395 0.13899999856948853 112 76 76
0.09609603881835938 0.0069489809684455395 0.13899999856948853 113 69 69
0.09642288088798523 0.0069489809684455395 0.13899999856948853 104 60 60
0.06360470503568649 0.00769457733258605 0.1469999998807907 254 209 212
0.06395035982131958 0.00769457733258605 0.1469999998807907 255 235 238
0.06385862827301025 0.007642233278602362 0.1459999978542328 255 242 254
0.06420192867517471 0.007642233278602362 0.1459999978542328 255 242 254
0.06454523652791977 0.007642233278602362 0.1459999978542328 253 215 230
0.06488853693008423 0.007642233278602362 0.1459999978542328 229 191 206
0.06478504836559296 0.007589889224618673 0.14499999582767487 235 196 203
0.06512600183486938 0.007589889224618673 0.14499999582767487 224 185 192
0.06546695530414581 0.007589889224618673 0.14499999582767487 212 180 176
0.06580790132284164 0.007589889224618673 0.14499999582767487 203 171 167
0.06569265574216843 0.007537545170634985 0.14399999380111694 196 168 165
0.06557270884513855 0.007485201116651297 0.14300000667572021 192 164 161
0.06590895354747772 0.007485201116651297 0.14300000667572021 196 165 167
0.06578195095062256 0.007432857062667608 0.1420000046491623 169 138 140
0.0661158487200737 0.007432857062667608 0.1420000046491623 168 129 125
0.06644974648952484 0.007432857062667608 0.1420000046491623 166 127 123
0.06745143979787827 0.007432857062667608 0.1420000046491623 255 212 206
0.06811923533678055 0.007432857062667608 0.1420000046491623 250 202 206
0.06845313310623169 0.007432857062667608 0.1420000046491623 248 200 204
0.06830261647701263 0.00738051300868392 0.14100000262260437 225 179 191
0.06863416731357574 0.00738051300868392 0.14100000262260437 226 180 192
0.06896571069955826 0.00738051300868392 0.14100000262260437 224 183 193
0.06929726153612137 0.00738051300868392 0.14100000262260437 220 179 189
0.06913498044013977 0.0073281689547002316 0.14000000059604645 213 173 176
0.06946417689323425 0.0073281689547002316 0.14000000059604645 209 169 172
0.06979337334632874 0.0073281689547002316 0.14000000059604645 207 167 168
0.06962169706821442 0.007275824900716543 0.13899999856948853 203 163 164
0.06994853913784027 0.007275824900716543 0.13899999856948853 199 161 165
0.07027538120746613 0.007275824900716543 0.13899999856948853 191 153 157
0.07060222327709198 0.007275824900716543 0.13899999856948853 189 149 152
0.07041878998279572 0.007223480846732855 0.1379999965429306 180 140 143
0.07074327766895294 0.007223480846732855 0.1379999965429306 153 111 108
0.07106777280569077 0.007223480846732855 0.1379999965429306 140 98 95
0.07204125076532364 0.007223480846732855 0.1379999965429306 207 169 162
0.07236573845148087 0.007223480846732855 0.1379999965429306 199 161 154
0.07269023358821869 0.007223480846732855 0.1379999965429306 191 148 150
0.07301472872495651 0.007223480846732855 0.1379999965429306 184 141 143
0.07333921641111374 0.007223480846732855 0.1379999965429306 172 132 135
0.07366371154785156 0.007223480846732855 0.1379999965429306 168 128 131
0.07398820668458939 0.007223480846732855 0.1379999965429306 162 124 124
0.07431269437074661 0.007223480846732855 0.1379999965429306 159 121 121
0.07409633696079254 0.0071711367927491665 0.13699999451637268 158 121 118
0.07441847771406174 0.0071711367927491665 0.13699999451637268 160 123 120
0.07474061846733093 0.0071711367927491665 0.13699999451637268 156 119 116
0.07506275922060013 0.0071711367927491665 0.13699999451637268 156 119 116
0.07538489997386932 0.0071711367927491665 0.13699999451637268 156 119 116
0.07570704072713852 0.0071711367927491665 0.13699999451637268 153 116 113
0.07547422498464584 0.007118792738765478 0.13600000739097595 150 113 108
0.07579401880502701 0.007118792738765478 0.13600000739097595 132 95 90
0.07611380517482758 0.007118792738765478 0.13600000739097595 135 99 89
0.07643359899520874 0.007118792738765478 0.13600000739097595 130 94 84
0.07675338536500931 0.007118792738765478 0.13600000739097595 145 109 101
0.07707317918539047 0.007118792738765478 0.13600000739097595 153 117 109
0.07739296555519104 0.007118792738765478 0.13600000739097595 145 113 109
0.07771275192499161 0.007118792738765478 0.13600000739097595 144 112 108
0.07803254574537277 0.007118792738765478 0.13600000739097595 140 108 104
0.07835233211517334 0.007118792738765478 0.13600000739097595 135 103 99
0.0786721259355545 0.007118792738765478 0.13600000739097595 142 107 102
0.07899191230535507 0.007118792738765478 0.13600000739097595 139 104 99
0.07931170612573624 0.007118792738765478 0.13600000739097595 135 101 91
0.0796314924955368 0.007118792738765478 0.13600000739097595 133 99 89
0.07995127886533737 0.007118792738765478 0.13600000739097595 131 95 85
0.08027107268571854 0.007118792738765478 0.13600000739097595 129 93 83
0.0805908590555191 0.007118792738765478 0.13600000739097595 129 93 83
0.08091065287590027 0.007118792738765478 0.13600000739097595 129 93 83
0.08123043924570084 0.007118792738765478 0.13600000739097595 128 92 82
0.081550233066082 0.007118792738765478 0.13600000739097595 124 88 78
0.08187001943588257 0.007118792738765478 0.13600000739097595 124 88 76
0.08218980580568314 0.007118792738765478 0.13600000739097595 125 89 77
0.0825095996260643 0.007118792738765478 0.13600000739097595 125 89 77
0.08282938599586487 0.007118792738765478 0.13600000739097595 135 99 87
0.08314917981624603 0.007118792738765478 0.13600000739097595 137 101 89
0.0834689661860466 0.007118792738765478 0.13600000739097595 137 101 89
0.08378876000642776 0.007118792738765478 0.13600000739097595 138 102 92
0.08410854637622833 0.007118792738765478 0.13600000739097595 131 95 85
0.0844283327460289 0.007118792738765478 0.13600000739097595 131 93 84
0.08474812656641006 0.007118792738765478 0.13600000739097595 130 92 83
0.08506791293621063 0.007118792738765478 0.13600000739097595 131 90 82
0.0853877067565918 0.007118792738765478 0.13600000739097595 125 84 76
0.08570749312639236 0.007118792738765478 0.13600000739097595 121 80 72
0.08602728694677353 0.007118792738765478 0.13600000739097595 119 78 70
0.0863470733165741 0.007118792738765478 0.13600000739097595 120 79 71
0.08730412274599075 0.0071711367927491665 0.13699999451637268 124 83 75
0.08762626349925995 0.0071711367927491665 0.13699999451637268 125 87 76
0.08794840425252914 0.0071711367927491665 0.13699999451637268 126 88 77
0.08827054500579834 0.0071711367927491665 0.13699999451637268 130 96 84
0.08859268575906754 0.0071711367927491665 0.13699999451637268 142 108 96
0.08891482651233673 0.0071711367927491665 0.13699999451637268 141 107 95
0.08923696726560593 0.0071711367927491665 0.13699999451637268 136 102 90
0.08955910801887512 0.0071711367927491665 0.13699999451637268 134 103 94
0.08988124877214432 0.0071711367927491665 0.13699999451637268 133 102 93
0.09020338952541351 0.0071711367927491665 0.13699999451637268 127 97 90
0.09052553027868271 0.0071711367927491665 0.13699999451637268 127 97 90
0.0908476710319519 0.0071711367927491665 0.13699999451637268 129 99 92
0.0911698117852211 0.0071711367927491665 0.13699999451637268 126 96 89
0.09215977787971497 0.007223480846732855 0.1379999965429306 123 86 81
0.09248427301645279 0.007223480846732855 0.1379999965429306 118 81 76
0.09280876070261002 0.007223480846732855 0.1379999965429306 117 76 70
0.09313325583934784 0.007223480846732855 0.1379999965429306 113 72 66
0.09345774352550507 0.007223480846732855 0.1379999965429306 110 68 65
0.09378223866224289 0.007223480846732855 0.1379999965429306 116 74 71
0.09410673379898071 0.007223480846732855 0.1379999965429306 113 78 75
0.09511550515890121 0.007275824900716543 0.13899999856948853 111 76 73
0.09544235467910767 0.007275824900716543 0.13899999856948853 112 76 76
0.09576919674873352 0.007275824900716543 0.13899999856948853 111 75 75
0.09609603881835938 0.007275824900716543 0.13899999856948853 111 69 66
0.09642288088798523 0.007275824900716543 0.13899999856948853 104 62 59
0.06360470503568649 0.008040232583880424 0.1469999998807907 255 216 220
0.06395035982131958 0.008040232583880424 0.1469999998807907 255 234 238
0.06429601460695267 0.008040232583880424 0.1469999998807907 255 240 251
0.06420192867517471 0.007985536940395832 0.1459999978542328 255 229 240
0.06454523652791977 0.007985536940395832 0.1459999978542328 236 198 215
0.06488853693008423 0.007985536940395832 0.1459999978542328 236 198 215
0.06478504836559296 0.00793084129691124 0.14499999582767487 215 177 190
0.06512600183486938 0.00793084129691124 0.14499999582767487 211 173 186
0.06546695530414581 0.00793084129691124 0.14499999582767487 208 177 179
0.06580790132284164 0.00793084129691124 0.14499999582767487 202 171 173
0.06569265574216843 0.007876145653426647 0.14399999380111694 195 167 166
0.06557270884513855 0.00782145094126463 0.14300000667572021 185 157 156
0.06590895354747772 0.00782145094126463 0.14300000667572021 183 150 151
0.06578195095062256 0.00776675483211875 0.1420000046491623 168 135 136
0.0661158487200737 0.00776675483211875 0.1420000046491623 171 133 126
0.06644974648952484 0.00776675483211875 0.1420000046491623 168 130 123
0.06811923533678055 0.00776675483211875 0.1420000046491623 252 203 204
0.06845313310623169 0.00776675483211875 0.1420000046491623 249 200 201
0.06878703087568283 0.00776675483211875 0.1420000046491623 237 191 201
0.06863416731357574 0.0077120596542954445 0.14100000262260437 232 186 196
0.06896571069955826 0.0077120596542954445 0.14100000262260437 220 177 183
0.06880579143762589 0.007657364010810852 0.14000000059604645 216 173 179
0.06913498044013977 0.007657364010810852 0.14000000059604645 215 173 172
0.06946417689323425 0.007657364010810852 0.14000000059604645 215 173 172
0.06979337334632874 0.007657364010810852 0.14000000059604645 211 172 170
0.06962169706821442 0.007602668832987547 0.13899999856948853 207 168 166
0.06994853913784027 0.007602668832987547 0.13899999856948853 200 160 163
0.07027538120746613 0.007602668832987547 0.13899999856948853 187 147 150
0.07009429484605789 0.0075479731895029545 0.1379999965429306 179 139 140
0.07041878998279572 0.0075479731895029545 0.1379999965429306 164 124 125
0.07074327766895294 0.0075479731895029545 0.1379999965429306 153 111 110
0.07106777280569077 0.0075479731895029545 0.1379999965429306 144 102 101
0.07204125076532364 0.0075479731895029545 0.1379999965429306 205 164 156
0.07236573845148087 0.0075479731895029545 0.1379999965429306 199 158 150
0.07269023358821869 0.0075479731895029545 0.1379999965429306 188 145 149
0.07301472872495651 0.0075479731895029545 0.1379999965429306 182 139 143
0.07333921641111374 0.0075479731895029545 0.1379999965429306 170 132 136
0.07366371154785156 0.0075479731895029545 0.1379999965429306 167 129 133
0.07398820668458939 0.0075479731895029545 0.1379999965429306 164 126 126
0.07431269437074661 0.0075479731895029545 0.1379999965429306 160 122 122
0.07463718950748444 0.0075479731895029545 0.1379999965429306 160 123 120
0.07441847771406174 0.007493277546018362 0.13699999451637268 159 122 119
0.07474061846733093 0.007493277546018362 0.13699999451637268 152 115 112
0.07506275922060013 0.007493277546018362 0.13699999451637268 151 114 111
0.07538489997386932 0.007493277546018362 0.13699999451637268 152 115 112
0.07570704072713852 0.007493277546018362 0.13699999451637268 149 112 109
0.07547422498464584 0.007438582368195057 0.13600000739097595 140 102 93
0.07579401880502701 0.007438582368195057 0.13600000739097595 133 95 86
0.07611380517482758 0.007438582368195057 0.13600000739097595 135 97 86
0.07643359899520874 0.007438582368195057 0.13600000739097595 125 87 76
0.07675338536500931 0.007438582368195057 0.13600000739097595 146 108 99
0.07707317918539047 0.007438582368195057 0.13600000739097595 153 115 106
0.07739296555519104 0.007438582368195057 0.13600000739097595 146 112 104
0.07771275192499161 0.007438582368195057 0.13600000739097595 143 109 101
0.07803254574537277 0.007438582368195057 0.13600000739097595 139 107 101
0.07835233211517334 0.007438582368195057 0.13600000739097595 138 106 100
0.0786721259355545 0.007438582368195057 0.13600000739097595 140 105 100
0.07899191230535507 0.007438582368195057 0.13600000739097595 137 102 97
0.07931170612573624 0.007438582368195057 0.13600000739097595 134 100 92
0.0796314924955368 0.007438582368195057 0.13600000739097595 132 98 90
0.07995127886533737 0.007438582368195057 0.13600000739097595 127 93 85
0.08027107268571854 0.007438582368195057 0.13600000739097595 126 92 84
0.0805908590555191 0.007438582368195057 0.13600000739097595 129 93 85
0.08091065287590027 0.007438582368195057 0.13600000739097595 128 92 84
0.08123043924570084 0.007438582368195057 0.13600000739097595 124 88 80
0.081550233066082 0.007438582368195057 0.13600000739097595 123 87 79
0.08187001943588257 0.007438582368195057 0.13600000739097595 121 85 75
0.08218980580568314 0.007438582368195057 0.13600000739097595 124 88 78
0.0825095996260643 0.007438582368195057 0.13600000739097595 125 89 79
0.08282938599586487 0.007438582368195057 0.13600000739097595 131 95 85
0.08314917981624603 0.007438582368195057 0.13600000739097595 136 100 90
0.0834689661860466 0.007438582368195057 0.13600000739097595 132 96 86
0.08378876000642776 0.007438582368195057 0.13600000739097595 132 96 86
0.08410854637622833 0.007438582368195057 0.13600000739097595 131 95 85
0.0844283327460289 0.007438582368195057 0.13600000739097595 128 92 82
0.08474812656641006 0.007438582368195057 0.13600000739097595 125 89 79
0.08506791293621063 0.007438582368195057 0.13600000739097595 124 86 77
0.0853877067565918 0.007438582368195057 0.13600000739097595 122 84 75
0.08570749312639236 0.007438582368195057 0.13600000739097595 121 80 72
0.08602728694677353 0.007438582368195057 0.13600000739097595 123 82 74
0.08698198199272156 0.007493277546018362 0.13699999451637268 121 80 72
0.08730412274599075 0.007493277546018362 0.13699999451637268 120 79 71
0.08762626349925995 0.007493277546018362 0.13699999451637268 123 85 76
0.08794840425252914 0.007493277546018362 0.13699999451637268 135 97 88
0.08827054500579834 0.007493277546018362 0.13699999451637268 135 101 91
0.08859268575906754 0.007493277546018362 0.13699999451637268 137 103 93
0.08891482651233673 0.007493277546018362 0.13699999451637268 137 106 95
0.08923696726560593 0.007493277546018362 0.13699999451637268 137 106 95
0.08955910801887512 0.007493277546018362 0.13699999451637268 137 103 95
0.08988124877214432 0.007493277546018362 0.13699999451637268 135 101 93
0.09020338952541351 0.007493277546018362 0.13699999451637268 130 99 90
0.09052553027868271 0.007493277546018362 0.13699999451637268 128 97 88
0.0908476710319519 0.007493277546018362 0.13699999451637268 128 96 90
0.09183528274297714 0.0075479731895029545 0.1379999965429306 125 93 87
0.09215977787971497 0.0075479731895029545 0.1379999965429306 125 87 80
0.09248427301645279 0.0075479731895029545 0.1379999965429306 121 83 76
0.09280876070261002 0.0075479731895029545 0.1379999965429306 113 72 64
0.09313325583934784 0.0075479731895029545 0.1379999965429306 110 69 61
0.09345774352550507 0.0075479731895029545 0.1379999965429306 111 70 62
0.09378223866224289 0.0075479731895029545 0.1379999965429306 112 71 63
0.09410673379898071 0.0075479731895029545 0.1379999965429306 115 76 72
0.09443122148513794 0.0075479731895029545 0.1379999965429306 116 77 73
0.09475571662187576 0.0075479731895029545 0.1379999965429306 115 78 73
0.09576919674873352 0.007602668832987547 0.13899999856948853 113 76 71
0.09609603881835938 0.007602668832987547 0.13899999856948853 113 71 68
0.09642288088798523 0.007602668832987547 0.13899999856948853 104 62 59
0.06360470503568649 0.008385887369513512 0.1469999998807907 255 211 214
0.06395035982131958 0.008385887369513512 0.1469999998807907 255 225 228
0.06429601460695267 0.008385887369513512 0.1469999998807907 255 238 247
0.06420192867517471 0.008328840136528015 0.1459999978542328 255 218 227
0.06454523652791977 0.008328840136528015 0.1459999978542328 232 194 211
0.06488853693008423 0.008328840136528015 0.1459999978542328 240 202 219
0.06478504836559296 0.008271793834865093 0.14499999582767487 210 175 189
0.06512600183486938 0.008271793834865093 0.14499999582767487 199 164 178
0.06546695530414581 0.008271793834865093 0.14499999582767487 195 163 168
0.06535405665636063 0.008214746601879597 0.14399999380111694 188 156 161
0.06569265574216843 0.008214746601879597 0.14399999380111694 188 157 157
0.06557270884513855 0.008157700300216675 0.14300000667572021 180 149 149
0.06590895354747772 0.008157700300216675 0.14300000667572021 170 138 134
0.06578195095062256 0.008100653067231178 0.1420000046491623 156 124 120
0.0661158487200737 0.008100653067231178 0.1420000046491623 168 127 119
0.06644974648952484 0.008100653067231178 0.1420000046491623 169 128 120
0.06878703087568283 0.008100653067231178 0.1420000046491623 242 194 200
0.06863416731357574 0.008043605834245682 0.14100000262260437 237 189 195
0.06896571069955826 0.008043605834245682 0.14100000262260437 223 181 180
0.06880579143762589 0.00798655953258276 0.14000000059604645 212 170 169
0.06913498044013977 0.00798655953258276 0.14000000059604645 215 173 172
0.06946417689323425 0.00798655953258276 0.14000000059604645 211 169 168
0.06929484754800797 0.007929512299597263 0.13899999856948853 205 163 162
0.06962169706821442 0.007929512299597263 0.13899999856948853 203 161 160
0.06994853913784027 0.007929512299597263 0.13899999856948853 201 161 164
0.07027538120746613 0.007929512299597263 0.13899999856948853 188 148 151
0.07009429484605789 0.007872465997934341 0.1379999965429306 168 128 129
0.07041878998279572 0.007872465997934341 0.1379999965429306 158 118 119
0.07074327766895294 0.007872465997934341 0.1379999965429306 154 110 108
0.07106777280569077 0.007872465997934341 0.1379999965429306 147 103 101
0.07269023358821869 0.007872465997934341 0.1379999965429306 182 142 145
0.07301472872495651 0.007872465997934341 0.1379999965429306 177 137 140
0.07333921641111374 0.007872465997934341 0.1379999965429306 173 135 137
0.07366371154785156 0.007872465997934341 0.1379999965429306 169 131 133
0.07398820668458939 0.007872465997934341 0.1379999965429306 163 127 127
0.07431269437074661 0.007872465997934341 0.1379999965429306 160 124 124
0.07463718950748444 0.007872465997934341 0.1379999965429306 157 122 117
0.07441847771406174 0.007815418764948845 0.13699999451637268 154 119 114
0.07474061846733093 0.007815418764948845 0.13699999451637268 151 116 111
0.07506275922060013 0.007815418764948845 0.13699999451637268 147 112 107
0.07538489997386932 0.007815418764948845 0.13699999451637268 150 111 107
0.07570704072713852 0.007815418764948845 0.13699999451637268 139 100 96
0.07602918893098831 0.007815418764948845 0.13699999451637268 137 99 90
0.07579401880502701 0.007758371997624636 0.13600000739097595 130 92 83
0.07611380517482758 0.007758371997624636 0.13600000739097595 126 88 77
0.07643359899520874 0.007758371997624636 0.13600000739097595 123 85 74
0.07739296555519104 0.007758371997624636 0.13600000739097595 152 116 106
0.07771275192499161 0.007758371997624636 0.13600000739097595 151 115 105
0.07803254574537277 0.007758371997624636 0.13600000739097595 143 109 99
0.07835233211517334 0.007758371997624636 0.13600000739097595 141 107 97
0.0786721259355545 0.007758371997624636 0.13600000739097595 139 105 97
0.07899191230535507 0.007758371997624636 0.13600000739097595 136 102 94
0.07931170612573624 0.007758371997624636 0.13600000739097595 134 98 90
0.0796314924955368 0.007758371997624636 0.13600000739097595 131 95 87
0.07995127886533737 0.007758371997624636 0.13600000739097595 129 92 87
0.08027107268571854 0.007758371997624636 0.13600000739097595 129 92 87
0.0805908590555191 0.007758371997624636 0.13600000739097595 128 91 86
0.08091065287590027 0.007758371997624636 0.13600000739097595 125 88 83
0.08123043924570084 0.007758371997624636 0.13600000739097595 121 84 79
0.081550233066082 0.007758371997624636 0.13600000739097595 118 81 76
0.08187001943588257 0.007758371997624636 0.13600000739097595 120 83 78
0.08218980580568314 0.007758371997624636 0.13600000739097595 118 81 76
0.0825095996260643 0.007758371997624636 0.13600000739097595 128 90 83
0.08282938599586487 0.007758371997624636 0.13600000739097595 133 95 88
0.08314917981624603 0.007758371997624636 0.13600000739097595 137 99 90
0.0834689661860466 0.007758371997624636 0.13600000739097595 137 99 90
0.08378876000642776 0.007758371997624636 0.13600000739097595 135 99 89
0.08410854637622833 0.007758371997624636 0.13600000739097595 130 94 84
0.0844283327460289 0.007758371997624636 0.13600000739097595 131 95 85
0.08474812656641006 0.007758371997624636 0.13600000739097595 128 92 82
0.08506791293621063 0.007758371997624636 0.13600000739097595 125 89 79
0.0853877067565918 0.007758371997624636 0.13600000739097595 122 86 76
0.08570749312639236 0.007758371997624636 0.13600000739097595 121 83 74
0.08602728694677353 0.007758371997624636 0.13600000739097595 119 81 72
0.08698198199272156 0.007815418764948845 0.13699999451637268 118 80 71
0.08730412274599075 0.007815418764948845 0.13699999451637268 119 81 72
0.08762626349925995 0.007815418764948845 0.13699999451637268 122 86 76
0.08794840425252914 0.007815418764948845 0.13699999451637268 131 95 85
0.08827054500579834 0.007815418764948845 0.13699999451637268 132 101 90
0.08859268575906754 0.007815418764948845 0.13699999451637268 134 103 92
0.08891482651233673 0.007815418764948845 0.13699999451637268 137 108 96
0.08923696726560593 0.007815418764948845 0.13699999451637268 137 108 96
0.08955910801887512 0.007815418764948845 0.13699999451637268 134 103 94
0.08988124877214432 0.007815418764948845 0.13699999451637268 132 101 92
0.09020338952541351 0.007815418764948845 0.13699999451637268 130 99 90
0.09052553027868271 0.007815418764948845 0.13699999451637268 126 95 86
0.0908476710319519 0.007815418764948845 0.13699999451637268 126 92 84
0.0911698117852211 0.007815418764948845 0.13699999451637268 123 89 81
0.09215977787971497 0.007872465997934341 0.1379999965429306 124 86 79
0.09248427301645279 0.007872465997934341 0.1379999965429306 114 76 69
0.09280876070261002 0.007872465997934341 0.1379999965429306 112 71 63
0.09313325583934784 0.007872465997934341 0.1379999965429306 110 69 61
0.09345774352550507 0.007872465997934341 0.1379999965429306 110 69 61
0.09378223866224289 0.007872465997934341 0.1379999965429306 113 72 64
0.09410673379898071 0.007872465997934341 0.1379999965429306 119 78 72
0.09443122148513794 0.007872465997934341 0.1379999965429306 120 79 73
0.09475571662187576 0.007872465997934341 0.1379999965429306 113 76 71
0.09508021175861359 0.007872465997934341 0.1379999965429306 111 74 69
0.09540469944477081 0.007872465997934341 0.1379999965429306 115 71 69
0.09642288088798523 0.007929512299597263 0.13899999856948853 104 60 58
0.06385862827301025 0.008672144263982773 0.1459999978542328 255 223 233
0.06420192867517471 0.008672144263982773 0.1459999978542328 255 209 219
0.06454523652791977 0.008672144263982773 0.1459999978542328 239 201 214
0.06444409489631653 0.008612745441496372 0.14499999582767487 241 203 216
0.06478504836559296 0.008612745441496372 0.14499999582767487 219 186 199
0.06512600183486938 0.008612745441496372 0.14499999582767487 217 184 197
0.06546695530414581 0.008612745441496372 0.14499999582767487 205 173 178
0.06535405665636063 0.008553347550332546 0.14399999380111694 193 161 166
0.06569265574216843 0.008553347550332546 0.14399999380111694 175 142 141
0.06557270884513855 0.008493948727846146 0.14300000667572021 175 142 141
0.06590895354747772 0.008493948727846146 0.14300000667572021 176 139 134
0.06578195095062256 0.00843455083668232 0.1420000046491623 163 126 121
0.06896571069955826 0.008375152945518494 0.14100000262260437 225 178 179
0.06880579143762589 0.008315754123032093 0.14000000059604645 222 175 176
0.06913498044013977 0.008315754123032093 0.14000000059604645 218 174 174
0.06946417689323425 0.008315754123032093 0.14000000059604645 211 167 167
0.06929484754800797 0.008256356231868267 0.13899999856948853 208 165 167
0.06962169706821442 0.008256356231868267 0.13899999856948853 196 153 155
0.06994853913784027 0.008256356231868267 0.13899999856948853 188 148 151
0.07027538120746613 0.008256356231868267 0.13899999856948853 180 140 143
0.07009429484605789 0.008196958340704441 0.1379999965429306 167 124 126
0.07041878998279572 0.008196958340704441 0.1379999965429306 154 111 113
0.07074327766895294 0.008196958340704441 0.1379999965429306 148 105 100
0.07106777280569077 0.008196958340704441 0.1379999965429306 142 99 94
0.07269023358821869 0.008196958340704441 0.1379999965429306 190 147 149
0.07301472872495651 0.008196958340704441 0.1379999965429306 173 130 132
0.07333921641111374 0.008196958340704441 0.1379999965429306 169 131 131
0.07366371154785156 0.008196958340704441 0.1379999965429306 164 126 126
0.07398820668458939 0.008196958340704441 0.1379999965429306 162 127 122
0.07431269437074661 0.008196958340704441 0.1379999965429306 158 123 118
0.07463718950748444 0.008196958340704441 0.1379999965429306 156 121 116
0.07441847771406174 0.00813755951821804 0.13699999451637268 153 118 113
0.07474061846733093 0.00813755951821804 0.13699999451637268 150 115 110
0.07506275922060013 0.00813755951821804 0.13699999451637268 147 112 107
0.07538489997386932 0.00813755951821804 0.13699999451637268 147 108 104
0.07570704072713852 0.00813755951821804 0.13699999451637268 142 103 99
0.07739296555519104 0.008078161627054214 0.13600000739097595 154 116 105
0.07771275192499161 0.008078161627054214 0.13600000739097595 151 113 102
0.07803254574537277 0.008078161627054214 0.13600000739097595 150 114 104
0.07835233211517334 0.008078161627054214 0.13600000739097595 142 106 96
0.0786721259355545 0.008078161627054214 0.13600000739097595 138 102 92
0.07899191230535507 0.008078161627054214 0.13600000739097595 137 101 91
0.07931170612573624 0.008078161627054214 0.13600000739097595 132 94 85
0.0796314924955368 0.008078161627054214 0.13600000739097595 128 90 81
0.07995127886533737 0.008078161627054214 0.13600000739097595 125 86 82
0.08027107268571854 0.008078161627054214 0.13600000739097595 123 84 80
0.0805908590555191 0.008078161627054214 0.13600000739097595 123 84 80
0.08091065287590027 0.008078161627054214 0.13600000739097595 126 87 83
0.08123043924570084 0.008078161627054214 0.13600000739097595 122 83 79
0.081550233066082 0.008078161627054214 0.13600000739097595 117 78 74
0.08187001943588257 0.008078161627054214 0.13600000739097595 115 77 70
0.08218980580568314 0.008078161627054214 0.13600000739097595 122 84 77
0.0825095996260643 0.008078161627054214 0.13600000739097595 128 87 79
0.08282938599586487 0.008078161627054214 0.13600000739097595 131 90 82
0.08314917981624603 0.008078161627054214 0.13600000739097595 137 99 90
0.0834689661860466 0.008078161627054214 0.13600000739097595 138 100 91
0.08378876000642776 0.008078161627054214 0.13600000739097595 137 99 90
0.08410854637622833 0.008078161627054214 0.13600000739097595 133 95 86
0.0844283327460289 0.008078161627054214 0.13600000739097595 131 95 85
0.08474812656641006 0.008078161627054214 0.13600000739097595 132 96 86
0.08506791293621063 0.008078161627054214 0.13600000739097595 130 94 84
0.0853877067565918 0.008078161627054214 0.13600000739097595 125 89 79
0.08570749312639236 0.008078161627054214 0.13600000739097595 125 84 76
0.08602728694677353 0.008078161627054214 0.13600000739097595 119 78 70
0.08762626349925995 0.00813755951821804 0.13699999451637268 121 83 74
0.08794840425252914 0.00813755951821804 0.13699999451637268 129 91 82
0.08827054500579834 0.00813755951821804 0.13699999451637268 132 98 88
0.08859268575906754 0.00813755951821804 0.13699999451637268 133 99 89
0.08891482651233673 0.00813755951821804 0.13699999451637268 135 104 93
0.08923696726560593 0.00813755951821804 0.13699999451637268 131 100 89
0.08955910801887512 0.00813755951821804 0.13699999451637268 128 97 88
0.08988124877214432 0.00813755951821804 0.13699999451637268 133 102 93
0.09020338952541351 0.00813755951821804 0.13699999451637268 124 93 84
0.09052553027868271 0.00813755951821804 0.13699999451637268 127 96 87
0.0908476710319519 0.00813755951821804 0.13699999451637268 127 93 85
0.0911698117852211 0.00813755951821804 0.13699999451637268 119 85 77
0.0914919525384903 0.00813755951821804 0.13699999451637268 123 85 78
0.09248427301645279 0.008196958340704441 0.1379999965429306 112 74 67
0.09280876070261002 0.008196958340704441 0.1379999965429306 112 71 63
0.09313325583934784 0.008196958340704441 0.1379999965429306 107 66 58
0.09475571662187576 0.008196958340704441 0.1379999965429306 118 75 70
0.09508021175861359 0.008196958340704441 0.1379999965429306 114 71 66
0.09540469944477081 0.008196958340704441 0.1379999965429306 113 66 65
0.09572919458150864 0.008196958340704441 0.1379999965429306 97 50 49
0.06454523652791977 0.009015447460114956 0.1459999978542328 249 200 211
0.06444409489631653 0.008953697979450226 0.14499999582767487 253 204 215
0.06478504836559296 0.008953697979450226 0.14499999582767487 237 202 214
0.06512600183486938 0.008953697979450226 0.14499999582767487 220 185 197
0.06546695530414581 0.008953697979450226 0.14499999582767487 203 171 176
0.06535405665636063 0.008891948498785496 0.14399999380111694 186 154 159
0.06569265574216843 0.008891948498785496 0.14399999380111694 179 143 143
0.06557270884513855 0.008830198086798191 0.14300000667572021 176 140 140
0.06590895354747772 0.008830198086798191 0.14300000667572021 170 131 127
0.06578195095062256 0.008768448606133461 0.1420000046491623 159 120 116
0.06896571069955826 0.008706699125468731 0.14100000262260437 212 167 170
0.06880579143762589 0.008644949644804 0.14000000059604645 214 169 172
0.06913498044013977 0.008644949644804 0.14000000059604645 211 169 168
0.06946417689323425 0.008644949644804 0.14000000059604645 208 166 165
0.06929484754800797 0.00858320016413927 0.13899999856948853 206 166 167
0.06962169706821442 0.00858320016413927 0.13899999856948853 185 145 146
0.06994853913784027 0.00858320016413927 0.13899999856948853 187 147 150
0.07027538120746613 0.00858320016413927 0.13899999856948853 181 141 144
0.07009429484605789 0.00852145068347454 0.1379999965429306 173 128 131
0.07041878998279572 0.00852145068347454 0.1379999965429306 149 104 107
0.07269023358821869 0.00852145068347454 0.1379999965429306 190 147 149
0.07301472872495651 0.00852145068347454 0.1379999965429306 180 137 139
0.07333921641111374 0.00852145068347454 0.1379999965429306 173 135 135
0.07366371154785156 0.00852145068347454 0.1379999965429306 166 128 128
0.07398820668458939 0.00852145068347454 0.1379999965429306 161 126 121
0.07431269437074661 0.00852145068347454 0.1379999965429306 157 122 117
0.07463718950748444 0.00852145068347454 0.1379999965429306 155 120 115
0.07441847771406174 0.008459700271487236 0.13699999451637268 149 114 109
0.07474061846733093 0.008459700271487236 0.13699999451637268 151 116 111
0.07506275922060013 0.008459700271487236 0.13699999451637268 147 112 107
0.07538489997386932 0.008459700271487236 0.13699999451637268 146 102 102
0.07570704072713852 0.008459700271487236 0.13699999451637268 136 92 92
0.07739296555519104 0.008397950790822506 0.13600000739097595 147 109 98
0.07771275192499161 0.008397950790822506 0.13600000739097595 150 112 101
0.07803254574537277 0.008397950790822506 0.13600000739097595 150 112 101
0.07835233211517334 0.008397950790822506 0.13600000739097595 145 107 96
0.0786721259355545 0.008397950790822506 0.13600000739097595 142 104 95
0.07899191230535507 0.008397950790822506 0.13600000739097595 138 100 91
0.07995127886533737 0.008397950790822506 0.13600000739097595 133 92 86
0.08027107268571854 0.008397950790822506 0.13600000739097595 132 91 85
0.0805908590555191 0.008397950790822506 0.13600000739097595 126 88 81
0.08091065287590027 0.008397950790822506 0.13600000739097595 123 85 78
0.08123043924570084 0.008397950790822506 0.13600000739097595 118 80 73
0.081550233066082 0.008397950790822506 0.13600000739097595 115 77 70
0.08187001943588257 0.008397950790822506 0.13600000739097595 107 66 58
0.08218980580568314 0.008397950790822506 0.13600000739097595 125 84 76
0.08378876000642776 0.008397950790822506 0.13600000739097595 136 98 87
0.08410854637622833 0.008397950790822506 0.13600000739097595 130 92 81
0.0844283327460289 0.008397950790822506 0.13600000739097595 125 87 76
0.08474812656641006 0.008397950790822506 0.13600000739097595 128 90 79
0.08827054500579834 0.008459700271487236 0.13699999451637268 132 96 84
0.08859268575906754 0.008459700271487236 0.13699999451637268 131 95 83
0.08891482651233673 0.008459700271487236 0.13699999451637268 135 101 91
0.08923696726560593 0.008459700271487236 0.13699999451637268 132 98 88
0.08955910801887512 0.008459700271487236 0.13699999451637268 127 96 85
0.08988124877214432 0.008459700271487236 0.13699999451637268 132 101 90
0.09020338952541351 0.008459700271487236 0.13699999451637268 131 100 89
0.09052553027868271 0.008459700271487236 0.13699999451637268 131 100 89
0.0908476710319519 0.008459700271487236 0.13699999451637268 126 92 82
0.0911698117852211 0.008459700271487236 0.13699999451637268 119 85 75
0.0914919525384903 0.008459700271487236 0.13699999451637268 117 81 71
0.09181409329175949 0.008459700271487236 0.13699999451637268 113 77 67
0.06478504836559296 0.009294649586081505 0.14499999582767487 218 177 185
0.06512600183486938 0.009294649586081505 0.14499999582767487 214 173 181
0.06501545757055283 0.00923054851591587 0.14399999380111694 199 161 165
0.06535405665636063 0.00923054851591587 0.14399999380111694 188 150 154
0.06569265574216843 0.00923054851591587 0.14399999380111694 182 142 143
0.06557270884513855 0.009166447445750237 0.14300000667572021 167 127 128
0.06590895354747772 0.009166447445750237 0.14300000667572021 155 112 107
0.06624520570039749 0.009166447445750237 0.14300000667572021 156 113 108
0.06878703087568283 0.009102347306907177 0.1420000046491623 234 185 186
0.06863416731357574 0.009038246236741543 0.14100000262260437 228 179 180
0.06896571069955826 0.009038246236741543 0.14100000262260437 220 172 176
0.06880579143762589 0.008974145166575909 0.14000000059604645 213 165 169
0.06913498044013977 0.008974145166575909 0.14000000059604645 208 165 167
0.06946417689323425 0.008974145166575909 0.14000000059604645 209 166 168
0.06929484754800797 0.008910044096410275 0.13899999856948853 198 155 159
0.06962169706821442 0.008910044096410275 0.13899999856948853 195 152 156
0.06994853913784027 0.008910044096410275 0.13899999856948853 187 144 146
0.07027538120746613 0.008910044096410275 0.13899999856948853 176 133 135
0.07060222327709198 0.008910044096410275 0.13899999856948853 173 126 127
0.07041878998279572 0.00884594302624464 0.1379999965429306 152 105 106
0.07269023358821869 0.00884594302624464 0.1379999965429306 190 147 149
0.07301472872495651 0.00884594302624464 0.1379999965429306 187 144 146
0.07333921641111374 0.00884594302624464 0.1379999965429306 173 133 134
0.07366371154785156 0.00884594302624464 0.1379999965429306 170 130 131
0.07398820668458939 0.00884594302624464 0.1379999965429306 163 126 123
0.07431269437074661 0.00884594302624464 0.1379999965429306 156 119 116
0.07463718950748444 0.00884594302624464 0.1379999965429306 155 118 113
0.07441847771406174 0.008781841956079006 0.13699999451637268 150 113 108
0.07474061846733093 0.008781841956079006 0.13699999451637268 152 115 110
0.07506275922060013 0.008781841956079006 0.13699999451637268 142 105 100
0.07538489997386932 0.008781841956079006 0.13699999451637268 145 98 99
0.07570704072713852 0.008781841956079006 0.13699999451637268 144 97 98
0.07803254574537277 0.008717740885913372 0.13600000739097595 149 111 102
0.07835233211517334 0.008717740885913372 0.13600000739097595 146 108 99
0.0805908590555191 0.008717740885913372 0.13600000739097595 128 85 80
0.08091065287590027 0.008717740885913372 0.13600000739097595 124 81 76
0.08123043924570084 0.008717740885913372 0.13600000739097595 119 76 71
0.081550233066082 0.008717740885913372 0.13600000739097595 114 71 66
0.08506791293621063 0.008717740885913372 0.13600000739097595 126 85 77
0.0853877067565918 0.008717740885913372 0.13600000739097595 121 80 72
0.08891482651233673 0.008781841956079006 0.13699999451637268 132 94 83
0.08923696726560593 0.008781841956079006 0.13699999451637268 132 94 83
0.08955910801887512 0.008781841956079006 0.13699999451637268 131 95 85
0.08988124877214432 0.008781841956079006 0.13699999451637268 134 98 88
0.09020338952541351 0.008781841956079006 0.13699999451637268 130 94 84
0.09052553027868271 0.008781841956079006 0.13699999451637268 122 86 76
0.0908476710319519 0.008781841956079006 0.13699999451637268 122 84 75
0.0911698117852211 0.008781841956079006 0.13699999451637268 123 85 76
0.0914919525384903 0.008781841956079006 0.13699999451637268 123 85 74
0.09181409329175949 0.008781841956079006 0.13699999451637268 118 80 69
0.06478504836559296 0.009635602124035358 0.14499999582767487 220 172 180
0.06512600183486938 0.009635602124035358 0.14499999582767487 221 173 181
0.06501545757055283 0.00956914946436882 0.14399999380111694 194 151 157
0.06535405665636063 0.00956914946436882 0.14399999380111694 179 136 142
0.06523645669221878 0.009502696804702282 0.14300000667572021 173 128 131
0.06557270884513855 0.009502696804702282 0.14300000667572021 171 126 129
0.06878703087568283 0.009436245076358318 0.1420000046491623 233 186 185
0.06863416731357574 0.00936979241669178 0.14100000262260437 221 174 173
0.06896571069955826 0.00936979241669178 0.14100000262260437 217 172 175
0.06880579143762589 0.009303339757025242 0.14000000059604645 209 164 167
0.06913498044013977 0.009303339757025242 0.14000000059604645 205 162 166
0.06946417689323425 0.009303339757025242 0.14000000059604645 204 161 165
0.06929484754800797 0.009236887097358704 0.13899999856948853 191 148 154
0.06962169706821442 0.009236887097358704 0.13899999856948853 183 140 146
0.06994853913784027 0.009236887097358704 0.13899999856948853 182 134 138
0.07027538120746613 0.009236887097358704 0.13899999856948853 169 121 125
0.07269023358821869 0.00917043536901474 0.1379999965429306 190 147 149
0.07301472872495651 0.00917043536901474 0.1379999965429306 183 140 142
0.07333921641111374 0.00917043536901474 0.1379999965429306 170 130 133
0.07366371154785156 0.00917043536901474 0.1379999965429306 160 120 123
0.07398820668458939 0.00917043536901474 0.1379999965429306 153 113 114
0.07431269437074661 0.00917043536901474 0.1379999965429306 153 113 114
0.07409633696079254 0.009103982709348202 0.13699999451637268 152 115 112
0.07441847771406174 0.009103982709348202 0.13699999451637268 150 113 110
0.07474061846733093 0.009103982709348202 0.13699999451637268 147 108 106
0.07506275922060013 0.009103982709348202 0.13699999451637268 142 103 101
0.07538489997386932 0.009103982709348202 0.13699999451637268 142 93 94
0.07570704072713852 0.009103982709348202 0.13699999451637268 131 82 83
0.07803254574537277 0.009037530049681664 0.13600000739097595 143 105 96
0.07835233211517334 0.009037530049681664 0.13600000739097595 140 102 93
0.06501545757055283 0.00990775041282177 0.14399999380111694 186 138 144
0.06535405665636063 0.00990775041282177 0.14399999380111694 168 120 126
0.06878703087568283 0.00977014284580946 0.1420000046491623 215 168 167
0.06912093609571457 0.00977014284580946 0.1420000046491623 218 171 170
0.06896571069955826 0.009701338596642017 0.14100000262260437 218 170 176
0.06929726153612137 0.009701338596642017 0.14100000262260437 206 158 164
0.06913498044013977 0.00963253527879715 0.14000000059604645 197 152 159
0.06946417689323425 0.00963253527879715 0.14000000059604645 186 141 148
0.06979337334632874 0.00963253527879715 0.14000000059604645 184 139 144
0.06962169706821442 0.009563731029629707 0.13899999856948853 183 138 143
0.07269023358821869 0.00949492771178484 0.1379999965429306 192 150 149
0.07301472872495651 0.00949492771178484 0.1379999965429306 177 135 134
0.07333921641111374 0.00949492771178484 0.1379999965429306 165 122 126
0.07366371154785156 0.00949492771178484 0.1379999965429306 158 115 119
0.07398820668458939 0.00949492771178484 0.1379999965429306 150 110 111
0.07431269437074661 0.00949492771178484 0.1379999965429306 147 107 108
0.07409633696079254 0.009426123462617397 0.13699999451637268 146 107 103
0.07441847771406174 0.009426123462617397 0.13699999451637268 144 105 101
0.07474061846733093 0.009426123462617397 0.13699999451637268 145 101 99
0.07506275922060013 0.009426123462617397 0.13699999451637268 140 96 94
0.06913498044013977 0.009961729869246483 0.14000000059604645 192 144 150
0.06946417689323425 0.009961729869246483 0.14000000059604645 191 143 149
0.06979337334632874 0.009961729869246483 0.14000000059604645 184 137 138
0.06962169706821442 0.009890574961900711 0.13899999856948853 178 131 132
0.07269023358821869 0.00981942005455494 0.1379999965429306 188 145 147
0.07301472872495651 0.00981942005455494 0.1379999965429306 182 139 141
0.07333921641111374 0.00981942005455494 0.1379999965429306 169 126 130
0.07366371154785156 0.00981942005455494 0.1379999965429306 155 112 116
0.07398820668458939 0.00981942005455494 0.1379999965429306 151 108 110
0.07377419620752335 0.009748264215886593 0.13699999451637268 146 103 105
0.07409633696079254 0.009748264215886593 0.13699999451637268 145 101 99
0.07441847771406174 0.009748264215886593 0.13699999451637268 142 98 96
