-0.013223021291196346 0.018006054684519768 0.125 205 196 177
-0.013810870237648487 0.018299978226423264 0.125 209 193 170
-0.014104794710874557 0.01859390176832676 0.125 226 216 186
-0.014398718252778053 0.01859390176832676 0.125 214 198 166
-0.014398718252778053 0.018887827172875404 0.125 255 244 210
-0.014692642726004124 0.0191817507147789 0.125 255 254 225
-0.014692642726004124 0.019475676119327545 0.125 255 255 233
-0.014398718252778053 0.0191817507147789 0.125 255 255 226
-0.014398718252778053 0.018887827172875404 0.125 255 244 210
-0.014104794710874557 0.01859390176832676 0.125 226 216 186
-0.013810870237648487 0.018299978226423264 0.125 209 193 170
-0.013223021291196346 0.018006054684519768 0.125 205 196 177
-0.01292909774929285 0.018006054684519768 0.125 213 203 175
-0.01263517327606678 0.018006054684519768 0.125 214 204 176
-0.01234124880284071 0.018006054684519768 0.125 208 196 167
-0.011950945481657982 0.017862005159258842 0.12399999797344208 208 196 167
-0.01165937352925539 0.01815357804298401 0.12399999797344208 237 225 194
-0.011367800645530224 0.01815357804298401 0.12399999797344208 226 214 183
-0.011076227761805058 0.018445150926709175 0.12399999797344208 232 223 188
-0.010784654878079891 0.01873672381043434 0.12399999797344208 248 245 213
-0.010408460162580013 0.018585622310638428 0.12300000339746475 235 229 193
-0.010119238868355751 0.018874842673540115 0.12300000339746475 255 255 226
-0.009830016642808914 0.018874842673540115 0.12300000339746475 250 249 223
-0.009463228285312653 0.018721388652920723 0.12200000137090683 232 231 205
-0.00917635764926672 0.018721388652920723 0.12200000137090683 177 175 163
-0.008889487944543362 0.018721388652920723 0.12200000137090683 213 211 199
-0.008602618239820004 0.018721388652920723 0.12200000137090683 251 254 253
-0.00831574760377407 0.018721388652920723 0.12200000137090683 252 255 254
-0.008028877899050713 0.018434518948197365 0.12200000137090683 254 255 249
-0.007805466651916504 0.01829640008509159 0.12300000339746475 244 245 239
-0.007516245357692242 0.01829640008509159 0.12300000339746475 245 247 229
-0.007227024063467979 0.01829640008509159 0.12300000339746475 245 247 229
-0.00693780230358243 0.01829640008509159 0.12300000339746475 245 244 227
-0.006648581009358168 0.01829640008509159 0.12300000339746475 241 240 223
-0.006359359249472618 0.018585622310638428 0.12300000339746475 255 255 241
-0.006020787172019482 0.018434518948197365 0.12200000137090683 254 255 240
-0.005733917001634836 0.018434518948197365 0.12200000137090683 252 255 239
-0.005447047296911478 0.018434518948197365 0.12200000137090683 244 247 231
-0.005160177126526833 0.018434518948197365 0.12200000137090683 236 239 221
-0.004833361599594355 0.01856793463230133 0.12099999934434891 254 255 239
-0.004548843018710613 0.01885245367884636 0.12099999934434891 254 255 235
-0.004264324437826872 0.019136972725391388 0.12099999934434891 252 255 243
-0.00028106290847063065 0.01885245367884636 0.12099999934434891 249 250 221
3.455762680459884e-06 0.01885245367884636 0.12099999934434891 245 247 215
0.0002879744570236653 0.01885245367884636 0.12099999934434891 238 240 208
0.0005677617737092078 0.018696649000048637 0.11999999731779099 222 221 195
0.0008499290561303496 0.018978815525770187 0.11999999731779099 255 255 237
0.0011320963967591524 0.019260982051491737 0.11999999731779099 254 255 245
0.0014142636209726334 0.019260982051491737 0.11999999731779099 242 244 233
0.0016964309616014361 0.019260982051491737 0.11999999731779099 170 168 156
0.001978598302230239 0.019260982051491737 0.11999999731779099 235 233 221
0.00226076552644372 0.019260982051491737 0.11999999731779099 255 255 234
0.002542932750657201 0.019260982051491737 0.11999999731779099 255 255 234
0.0028250999748706818 0.018978815525770187 0.11999999731779099 238 231 198
0.0031072674319148064 0.018978815525770187 0.11999999731779099 233 226 193
0.0033894346561282873 0.018978815525770187 0.11999999731779099 215 210 181
0.0037021986208856106 0.019136972725391388 0.12099999934434891 229 224 195
0.003986717201769352 0.019136972725391388 0.12099999934434891 226 222 195
0.004271235782653093 0.019136972725391388 0.12099999934434891 235 231 204
0.004555754829198122 0.019136972725391388 0.12099999934434891 232 232 201
0.004840273410081863 0.01885245367884636 0.12099999934434891 210 204 180
0.005167145747691393 0.01900825835764408 0.12200000137090683 203 198 169
0.005454015918076038 0.01900825835764408 0.12200000137090683 203 198 169
0.0057408856227993965 0.01900825835764408 0.12200000137090683 202 200 163
0.006027755793184042 0.01900825835764408 0.12200000137090683 210 208 171
0.0063146259635686874 0.01900825835764408 0.12200000137090683 161 160 116
0.006601496133953333 0.01900825835764408 0.12200000137090683 191 190 146
0.006888366304337978 0.01900825835764408 0.12200000137090683 248 245 211
0.0071752360090613365 0.018721388652920723 0.12200000137090683 255 253 220
0.006888366304337978 0.018721388652920723 0.12200000137090683 245 238 205
0.006601496133953333 0.01900825835764408 0.12200000137090683 191 190 146
0.0063146259635686874 0.01900825835764408 0.12200000137090683 161 160 116
0.006027755793184042 0.01900825835764408 0.12200000137090683 210 208 171
0.0057408856227993965 0.01900825835764408 0.12200000137090683 202 200 163
0.005454015918076038 0.01900825835764408 0.12200000137090683 203 198 169
0.005167145747691393 0.01900825835764408 0.12200000137090683 203 198 169
0.004840273410081863 0.01885245367884636 0.12099999934434891 210 204 180
0.004555754829198122 0.019136972725391388 0.12099999934434891 232 232 201
0.004271235782653093 0.019136972725391388 0.12099999934434891 235 231 204
0.003986717201769352 0.019136972725391388 0.12099999934434891 226 222 195
0.0037021986208856106 0.019136972725391388 0.12099999934434891 229 224 195
0.0033894346561282873 0.018978815525770187 0.11999999731779099 215 210 181
0.0031072674319148064 0.018978815525770187 0.11999999731779099 233 226 193
0.0028250999748706818 0.018978815525770187 0.11999999731779099 238 231 198
0.002542932750657201 0.019260982051491737 0.11999999731779099 255 255 234
0.00226076552644372 0.019260982051491737 0.11999999731779099 255 255 234
0.001978598302230239 0.019260982051491737 0.11999999731779099 235 233 221
0.0016964309616014361 0.019260982051491737 0.11999999731779099 170 168 156
0.0014142636209726334 0.019260982051491737 0.11999999731779099 242 244 233
0.0011320963967591524 0.018978815525770187 0.11999999731779099 253 251 241
0.0008499290561303496 0.018696649000048637 0.11999999731779099 207 206 180
0.0005677617737092078 0.018696649000048637 0.11999999731779099 222 221 195
0.0002879744570236653 0.01885245367884636 0.12099999934434891 238 240 208
3.455762680459884e-06 0.01885245367884636 0.12099999934434891 245 247 215
-0.00028106290847063065 0.01885245367884636 0.12099999934434891 249 250 221
-0.004264324437826872 0.01885245367884636 0.12099999934434891 250 254 231
-0.004548843018710613 0.01856793463230133 0.12099999934434891 250 253 228
-0.004833361599594355 0.01856793463230133 0.12099999934434891 254 255 239
-0.005160177126526833 0.018434518948197365 0.12200000137090683 236 239 221
-0.005447047296911478 0.018434518948197365 0.12200000137090683 244 247 231
-0.005733917001634836 0.018434518948197365 0.12200000137090683 252 255 239
-0.006020787172019482 0.018434518948197365 0.12200000137090683 254 255 240
-0.006359359249472618 0.018585622310638428 0.12300000339746475 255 255 241
-0.006648581009358168 0.01829640008509159 0.12300000339746475 241 240 223
-0.00693780230358243 0.01829640008509159 0.12300000339746475 245 244 227
-0.007227024063467979 0.01829640008509159 0.12300000339746475 245 247 229
-0.007516245357692242 0.01829640008509159 0.12300000339746475 245 247 229
-0.007805466651916504 0.01829640008509159 0.12300000339746475 244 245 239
-0.00831574760377407 0.018434518948197365 0.12200000137090683 251 253 255
-0.008602618239820004 0.018721388652920723 0.12200000137090683 251 254 253
-0.008889487944543362 0.018721388652920723 0.12200000137090683 213 211 199
-0.00917635764926672 0.018721388652920723 0.12200000137090683 177 175 163
-0.009463228285312653 0.018721388652920723 0.12200000137090683 232 231 205
-0.009830016642808914 0.018874842673540115 0.12300000339746475 250 249 223
-0.010119238868355751 0.018585622310638428 0.12300000339746475 220 214 178
-0.010408460162580013 0.018585622310638428 0.12300000339746475 235 229 193
-0.010784654878079891 0.018445150926709175 0.12399999797344208 219 210 175
-0.011076227761805058 0.01815357804298401 0.12399999797344208 213 199 166
-0.011367800645530224 0.01815357804298401 0.12399999797344208 226 214 183
-0.01165937352925539 0.017862005159258842 0.12399999797344208 205 193 164
-0.011950945481657982 0.017862005159258842 0.12399999797344208 208 196 167
-0.01234124880284071 0.018006054684519768 0.125 208 196 167
-0.01263517327606678 0.018006054684519768 0.125 214 204 176
-0.01292909774929285 0.018006054684519768 0.125 213 203 175
