0.05607031285762787 0.022952057421207428 0.210999995470047 255 204 199
0.05656645819544792 0.022952057421207428 0.210999995470047 255 220 217
0.057062603533267975 0.022952057421207428 0.210999995470047 255 215 212
0.05755874887108803 0.022952057421207428 0.210999995470047 255 203 208
0.01044652983546257 0.024670619517564774 0.22200000286102295 255 219 191
0.050382208079099655 0.02311481349170208 0.20800000429153442 255 190 199
0.055047400295734406 0.023225942626595497 0.20900000631809235 255 201 201
0.0555388443171978 0.023225942626595497 0.20900000631809235 255 186 186
0.05629837140440941 0.023337071761488914 0.20999999344348907 255 220 221
0.056792162358760834 0.023337071761488914 0.20999999344348907 255 213 214
0.05755874887108803 0.023448200896382332 0.210999995470047 255 205 205
0.05805489048361778 0.023448200896382332 0.210999995470047 255 194 194
0.010258303955197334 0.024738706648349762 0.21799999475479126 255 222 187
0.010770907625555992 0.024738706648349762 0.21799999475479126 255 222 187
0.04869147017598152 0.023263463750481606 0.20499999821186066 255 187 192
0.05576219782233238 0.023603904992341995 0.20800000429153442 242 176 183
0.05652172490954399 0.023717384785413742 0.20900000631809235 255 209 216
0.05701316520571709 0.023717384785413742 0.20900000631809235 255 206 207
0.05777974799275398 0.02383086457848549 0.20999999344348907 255 208 209
0.007017940282821655 0.02467215247452259 0.21299999952316284 255 255 201
0.0074834879487752914 0.024556322023272514 0.21199999749660492 255 254 200
0.009063681587576866 0.024787984788417816 0.21400000154972076 255 230 190
0.009656290523707867 0.025019647553563118 0.2160000056028366 255 229 189
0.010258303955197334 0.02525131218135357 0.21799999475479126 246 228 194
0.010770907625555992 0.02525131218135357 0.21799999475479126 255 242 208
0.014924212358891964 0.02826293557882309 0.24400000274181366 255 229 226
0.015497952699661255 0.02826293557882309 0.24400000274181366 230 168 165
0.047268759459257126 0.02328217215836048 0.20100000500679016 255 191 204
0.04774139076471329 0.02328217215836048 0.20100000500679016 255 193 206
0.04845389351248741 0.023398004472255707 0.20200000703334808 255 190 206
0.04941331967711449 0.02362966723740101 0.20399999618530273 255 186 202
0.05549410730600357 0.023977162316441536 0.2070000022649765 238 174 185
0.05598084628582001 0.023977162316441536 0.2070000022649765 253 189 200
0.056740377098321915 0.02409299463033676 0.20800000429153442 255 202 208
0.05750460922718048 0.024208825081586838 0.20900000631809235 255 202 208
0.006027546711266041 0.023282069712877274 0.19699999690055847 255 253 188
0.006490771193057299 0.023282069712877274 0.19699999690055847 255 254 199
0.014000809751451015 0.02198205702006817 0.1860000044107437 255 228 226
0.01436054427176714 0.021863872185349464 0.1850000023841858 255 229 227
0.014795552007853985 0.021863872185349464 0.1850000023841858 255 235 236
0.01523055974394083 0.021863872185349464 0.1850000023841858 255 234 235
0.038022708147764206 0.02221842296421528 0.18799999356269836 213 156 167
0.03846476972103119 0.02221842296421528 0.18799999356269836 201 144 155
0.04517117515206337 0.02316388674080372 0.19599999487400055 255 219 217
0.045632049441337585 0.02316388674080372 0.19599999487400055 255 208 206
0.0460929200053215 0.02316388674080372 0.19599999487400055 255 198 206
0.047028832137584686 0.02340025268495083 0.1979999989271164 254 192 200
0.047734279185533524 0.023518435657024384 0.19900000095367432 255 192 204
0.04844443127512932 0.02363661862909794 0.20000000298023224 255 200 212
0.049403853714466095 0.023872986435890198 0.20200000703334808 255 186 201
0.049878835678100586 0.023872986435890198 0.20200000703334808 222 153 168
0.05399386212229729 0.024227535352110863 0.20499999821186066 247 180 192
0.054475899785757065 0.024227535352110863 0.20499999821186066 255 200 212
0.05522602051496506 0.024345718324184418 0.20600000023841858 255 204 219
0.055710408836603165 0.024345718324184418 0.20600000023841858 251 188 203
0.056467585265636444 0.024463901296257973 0.2070000022649765 252 188 199
0.05722946673631668 0.024582084268331528 0.20800000429153442 255 200 211
0.05799604952335358 0.024700267240405083 0.20900000631809235 255 189 200
0.0059969499707221985 0.023624761030077934 0.19599999487400055 255 253 191
0.006457822863012552 0.023624761030077934 0.19599999487400055 255 255 210
0.006918696220964193 0.023624761030077934 0.19599999487400055 255 255 210
0.007379569578915834 0.023624761030077934 0.19599999487400055 255 250 220
0.00776043813675642 0.023383691906929016 0.1940000057220459 232 222 192
0.008131901733577251 0.023142622783780098 0.19200000166893005 248 237 214
0.008493958972394466 0.02290155366063118 0.1899999976158142 255 244 221
0.008940723724663258 0.02290155366063118 0.1899999976158142 255 255 239
0.009338080883026123 0.022781018167734146 0.1889999955892563 255 255 239
0.00978249404579401 0.022781018167734146 0.1889999955892563 255 255 245
0.011877529323101044 0.022539949044585228 0.18700000643730164 255 255 247
0.012317240238189697 0.022539949044585228 0.18700000643730164 255 250 244
0.013563450425863266 0.022419415414333344 0.1860000044107437 255 244 236
0.014000809751451015 0.022419415414333344 0.1860000044107437 255 249 241
0.01436054427176714 0.02229888178408146 0.1850000023841858 255 249 241
0.014795552007853985 0.02229888178408146 0.1850000023841858 255 251 245
0.01523055974394083 0.02229888178408146 0.1850000023841858 255 251 245
0.01566556841135025 0.02229888178408146 0.1850000023841858 255 251 241
0.01601354591548443 0.022178346291184425 0.18400000035762787 255 251 241
0.016446202993392944 0.022178346291184425 0.18400000035762787 255 248 237
0.028946127742528915 0.021816743537783623 0.1809999942779541 255 215 205
0.029371729120612144 0.021816743537783623 0.1809999942779541 255 225 215
0.029797332361340523 0.021816743537783623 0.1809999942779541 255 244 223
0.030222933739423752 0.021816743537783623 0.1809999942779541 255 248 227
0.030817866325378418 0.021937277168035507 0.18199999630451202 255 250 223
0.03141750022768974 0.02205781266093254 0.18299999833106995 255 250 223
0.03184780478477478 0.02205781266093254 0.18299999833106995 255 247 224
0.03227810934185982 0.02205781266093254 0.18299999833106995 255 241 218
0.03288714960217476 0.022178346291184425 0.18400000035762787 255 220 197
0.036743491888046265 0.022419415414333344 0.1860000044107437 255 226 213
0.03738074749708176 0.022539949044585228 0.18700000643730164 255 242 229
0.03782045841217041 0.022539949044585228 0.18700000643730164 255 248 243
0.038260169327259064 0.022539949044585228 0.18700000643730164 255 248 243
0.0431206151843071 0.023022087290883064 0.19099999964237213 255 209 195
0.04356973245739937 0.023022087290883064 0.19099999964237213 255 219 205
0.044249314814805984 0.023142622783780098 0.19200000166893005 255 224 214
0.045166414231061935 0.023383691906929016 0.1940000057220459 255 227 217
0.045622583478689194 0.023383691906929016 0.1940000057220459 255 216 219
0.04679131507873535 0.02374529466032982 0.19699999690055847 247 193 196
0.0472545400261879 0.02374529466032982 0.19699999690055847 235 178 185
0.04844443127512932 0.02410689741373062 0.20000000298023224 240 183 190
0.049403853714466095 0.02434796653687954 0.20200000703334808 255 213 223
0.049384988844394684 0.02410689741373062 0.20000000298023224 224 164 174
0.04985526576638222 0.02410689741373062 0.20000000298023224 195 144 144
0.05057717114686966 0.024227432906627655 0.20100000500679016 208 157 157
0.05104980245232582 0.024227432906627655 0.20100000500679016 243 193 186
0.05177876353263855 0.02434796653687954 0.20200000703334808 255 209 202
0.05225374549627304 0.02434796653687954 0.20200000703334808 255 220 220
0.05298975855112076 0.024468502029776573 0.2029999941587448 255 213 213
0.05346709117293358 0.024468502029776573 0.2029999941587448 243 186 197
0.05421016365289688 0.024589035660028458 0.20399999618530273 248 191 202
0.054957933723926544 0.02470957115292549 0.20499999821186066 255 210 225
0.05543997138738632 0.02470957115292549 0.20499999821186066 255 203 218
0.005536076612770557 0.024085633456707 0.19599999487400055 255 254 192
0.005966353230178356 0.023962747305631638 0.19499999284744263 255 255 194
0.006424874998629093 0.023962747305631638 0.19499999284744263 255 255 222
0.00688339676707983 0.023962747305631638 0.19499999284744263 255 255 222
0.007341918535530567 0.023962747305631638 0.19499999284744263 255 252 234
0.007680433802306652 0.023594090715050697 0.19200000166893005 231 226 208
0.008089547976851463 0.023471204563975334 0.19099999964237213 255 254 239
0.008493958972394466 0.02334831841289997 0.1899999976158142 255 255 240
0.008893667720258236 0.023225432261824608 0.1889999955892563 254 255 243
0.009338080883026123 0.023225432261824608 0.1889999955892563 254 255 243
0.00973073486238718 0.023102546110749245 0.18799999356269836 254 255 249
0.010172797366976738 0.023102546110749245 0.18799999356269836 254 255 249
0.010558397509157658 0.02297965995967388 0.18700000643730164 254 255 249
0.010998107492923737 0.02297965995967388 0.18700000643730164 254 255 249
0.01143781840801239 0.02297965995967388 0.18700000643730164 254 255 249
0.011877529323101044 0.02297965995967388 0.18700000643730164 254 255 249
0.012317240238189697 0.02297965995967388 0.18700000643730164 254 255 249
0.012688731774687767 0.02285677380859852 0.1860000044107437 253 254 248
0.013126091100275517 0.02285677380859852 0.1860000044107437 254 252 244
0.013563450425863266 0.02285677380859852 0.1860000044107437 255 255 247
0.014000809751451015 0.02285677380859852 0.1860000044107437 255 255 247
0.01436054427176714 0.022733889520168304 0.1850000023841858 255 255 247
0.014795552007853985 0.022733889520168304 0.1850000023841858 255 255 247
0.01523055974394083 0.022733889520168304 0.1850000023841858 255 255 247
0.015580888837575912 0.02261100336909294 0.18400000035762787 255 255 247
0.01601354591548443 0.02261100336909294 0.18400000035762787 255 255 247
0.016446202993392944 0.02261100336909294 0.18400000035762787 255 254 247
0.016787126660346985 0.022488117218017578 0.18299999833106995 255 254 247
0.017217431217432022 0.022488117218017578 0.18299999833106995 255 250 234
0.017551301047205925 0.022365231066942215 0.18199999630451202 255 242 226
0.017979254946112633 0.022365231066942215 0.18199999630451202 255 246 222
0.01840720698237419 0.022365231066942215 0.18199999630451202 255 248 224
0.018731672316789627 0.022242344915866852 0.1809999942779541 255 249 227
0.019157273694872856 0.022242344915866852 0.1809999942779541 255 249 227
0.019582876935601234 0.022242344915866852 0.1809999942779541 255 248 231
0.020008478313684464 0.022242344915866852 0.1809999942779541 255 248 231
0.020321184769272804 0.02211945876479149 0.18000000715255737 255 247 230
0.020744435489177704 0.02211945876479149 0.18000000715255737 255 246 229
0.02128528617322445 0.022242344915866852 0.1809999942779541 255 247 221
0.028094923123717308 0.022242344915866852 0.1809999942779541 248 194 184
0.028520524501800537 0.022242344915866852 0.1809999942779541 255 238 228
0.028946127742528915 0.022242344915866852 0.1809999942779541 255 253 235
0.029371729120612144 0.022242344915866852 0.1809999942779541 255 253 235
0.029797332361340523 0.022242344915866852 0.1809999942779541 255 253 240
0.030222933739423752 0.022242344915866852 0.1809999942779541 255 254 241
0.030817866325378418 0.022365231066942215 0.18199999630451202 255 254 241
0.031245820224285126 0.022365231066942215 0.18199999630451202 255 254 241
0.03184780478477478 0.022488117218017578 0.18299999833106995 255 254 241
0.03227810934185982 0.022488117218017578 0.18299999833106995 255 254 241
0.03288714960217476 0.02261100336909294 0.18400000035762787 255 252 231
0.033319804817438126 0.02261100336909294 0.18400000035762787 255 250 229
0.035868775099515915 0.02285677380859852 0.1860000044107437 249 204 191
0.03611093759536743 0.022733889520168304 0.1850000023841858 255 240 227
0.036545947194099426 0.022733889520168304 0.1850000023841858 255 253 241
0.03698095679283142 0.022733889520168304 0.1850000023841858 255 253 241
0.03741596266627312 0.022733889520168304 0.1850000023841858 255 254 245
0.03785097226500511 0.022733889520168304 0.1850000023841858 255 254 245
0.03849292919039726 0.02285677380859852 0.1860000044107437 255 252 245
0.04001901298761368 0.02297965995967388 0.18700000643730164 138 88 83
0.042443327605724335 0.023102546110749245 0.18799999356269836 255 245 223
0.043113503605127335 0.023225432261824608 0.1889999955892563 255 246 224
0.04378838464617729 0.02334831841289997 0.1899999976158142 255 248 233
0.045166414231061935 0.023839861154556274 0.1940000057220459 255 234 219
0.045622583478689194 0.023839861154556274 0.1940000057220459 236 201 196
0.04607875645160675 0.023839861154556274 0.1940000057220459 231 196 191
0.04653492569923401 0.023839861154556274 0.1940000057220459 235 198 195
0.04723331704735756 0.023962747305631638 0.19499999284744263 248 211 208
0.04793641343712807 0.024085633456707 0.19599999487400055 255 241 241
0.048644211143255234 0.024208519607782364 0.19699999690055847 247 211 211
0.04935671389102936 0.024331405758857727 0.1979999989271164 233 202 200
0.05007391795516014 0.02445429190993309 0.19900000095367432 255 236 234
0.050541844218969345 0.02445429190993309 0.19900000095367432 255 247 240
0.051266103982925415 0.024577176198363304 0.20000000298023224 255 248 241
0.051995061337947845 0.024700062349438667 0.20100000500679016 255 250 247
0.05246769264340401 0.024700062349438667 0.20100000500679016 255 249 246
0.05320370942354202 0.02482294850051403 0.20200000703334808 255 235 240
0.0539444275200367 0.024945834651589394 0.2029999941587448 231 191 196
0.05442176014184952 0.024945834651589394 0.2029999941587448 244 182 194
0.05516953021287918 0.025068720802664757 0.20399999618530273 255 199 211
0.005507831461727619 0.024421269074082375 0.19499999284744263 255 255 193
0.005966353230178356 0.024421269074082375 0.19499999284744263 255 255 194
0.006391926668584347 0.024296032264828682 0.1940000057220459 255 255 229
0.006812797859311104 0.02417079545557499 0.19300000369548798 255 255 229
0.00726661691442132 0.02417079545557499 0.19300000369548798 255 255 243
0.007680433802306652 0.024045556783676147 0.19200000166893005 253 254 241
0.008089547976851463 0.023920319974422455 0.19099999964237213 254 255 244
0.008493958972394466 0.023795083165168762 0.1899999976158142 255 255 245
0.008893667720258236 0.02366984635591507 0.1889999955892563 254 255 247
0.009338080883026123 0.02366984635591507 0.1889999955892563 254 255 247
0.00973073486238718 0.023544607684016228 0.18799999356269836 254 255 249
0.010172797366976738 0.023544607684016228 0.18799999356269836 254 255 249
0.010558397509157658 0.023419370874762535 0.18700000643730164 254 255 249
0.010998107492923737 0.023419370874762535 0.18700000643730164 254 255 249
0.01143781840801239 0.023419370874762535 0.18700000643730164 254 255 251
0.011814013123512268 0.023294134065508842 0.1860000044107437 254 255 251
0.012251372449100018 0.023294134065508842 0.1860000044107437 254 255 251
0.012688731774687767 0.023294134065508842 0.1860000044107437 254 255 251
0.013126091100275517 0.023294134065508842 0.1860000044107437 254 255 251
0.013563450425863266 0.023294134065508842 0.1860000044107437 254 255 251
0.014000809751451015 0.023294134065508842 0.1860000044107437 254 255 251
0.01436054427176714 0.02316889725625515 0.1850000023841858 254 255 251
0.014795552007853985 0.02316889725625515 0.1850000023841858 254 255 251
0.01523055974394083 0.02316889725625515 0.1850000023841858 254 255 251
0.015580888837575912 0.023043658584356308 0.18400000035762787 254 255 251
0.01601354591548443 0.023043658584356308 0.18400000035762787 254 255 251
0.016446202993392944 0.023043658584356308 0.18400000035762787 254 255 251
0.016787126660346985 0.022918421775102615 0.18299999833106995 254 255 251
0.017217431217432022 0.022918421775102615 0.18299999833106995 254 255 246
0.017551301047205925 0.022793184965848923 0.18199999630451202 255 255 247
0.017979254946112633 0.022793184965848923 0.18199999630451202 255 255 243
0.01830606907606125 0.02266794815659523 0.1809999942779541 255 255 243
0.018731672316789627 0.02266794815659523 0.1809999942779541 255 255 243
0.019157273694872856 0.02266794815659523 0.1809999942779541 255 255 243
0.019582876935601234 0.02266794815659523 0.1809999942779541 255 255 243
0.020008478313684464 0.02266794815659523 0.1809999942779541 255 255 243
0.020321184769272804 0.022542709484696388 0.18000000715255737 255 255 243
0.020744435489177704 0.022542709484696388 0.18000000715255737 255 255 243
0.021167688071727753 0.022542709484696388 0.18000000715255737 255 255 239
0.021590938791632652 0.022542709484696388 0.18000000715255737 255 255 239
0.022136490792036057 0.02266794815659523 0.1809999942779541 255 245 224
0.02243744023144245 0.022542709484696388 0.18000000715255737 215 179 158
0.02328394167125225 0.022542709484696388 0.18000000715255737 255 230 208
0.02383890002965927 0.02266794815659523 0.1809999942779541 255 247 231
0.0242645014077425 0.02266794815659523 0.1809999942779541 255 247 231
0.02469010464847088 0.02266794815659523 0.1809999942779541 255 250 241
0.025115706026554108 0.02266794815659523 0.1809999942779541 255 250 241
0.025541309267282486 0.02266794815659523 0.1809999942779541 255 251 245
0.025966910645365715 0.02266794815659523 0.1809999942779541 255 251 245
0.026392513886094093 0.02266794815659523 0.1809999942779541 255 249 245
0.026818115264177322 0.02266794815659523 0.1809999942779541 255 249 245
0.0272437185049057 0.02266794815659523 0.1809999942779541 255 237 226
0.02766931988298893 0.02266794815659523 0.1809999942779541 244 218 207
0.028094923123717308 0.02266794815659523 0.1809999942779541 255 250 233
0.028520524501800537 0.02266794815659523 0.1809999942779541 255 252 235
0.028946127742528915 0.02266794815659523 0.1809999942779541 255 255 241
0.029371729120612144 0.02266794815659523 0.1809999942779541 255 255 241
0.029797332361340523 0.02266794815659523 0.1809999942779541 255 255 247
0.030222933739423752 0.02266794815659523 0.1809999942779541 255 255 247
0.03064853698015213 0.02266794815659523 0.1809999942779541 255 255 247
0.031245820224285126 0.022793184965848923 0.18199999630451202 255 255 247
0.031673774123191833 0.022793184965848923 0.18199999630451202 255 255 247
0.03210172802209854 0.022793184965848923 0.18199999630451202 255 255 247
0.032708413898944855 0.022918421775102615 0.18299999833106995 255 255 241
0.03313871845602989 0.022918421775102615 0.18299999833106995 255 255 241
0.03375246375799179 0.023043658584356308 0.18400000035762787 240 208 186
0.03418511897325516 0.023043658584356308 0.18400000035762787 153 121 99
0.034617774188518524 0.023043658584356308 0.18400000035762787 229 183 165
0.03505043312907219 0.023043658584356308 0.18400000035762787 255 225 207
0.035483088344335556 0.023043658584356308 0.18400000035762787 255 252 239
0.03591574355959892 0.023043658584356308 0.18400000035762787 255 252 239
0.036545947194099426 0.02316889725625515 0.1850000023841858 255 255 247
0.03698095679283142 0.02316889725625515 0.1850000023841858 255 255 247
0.03741596266627312 0.02316889725625515 0.1850000023841858 255 255 249
0.03785097226500511 0.02316889725625515 0.1850000023841858 255 255 249
0.03849292919039726 0.023294134065508842 0.1860000044107437 255 255 249
0.04001901298761368 0.023419370874762535 0.18700000643730164 219 194 187
0.04045872390270233 0.023419370874762535 0.18700000643730164 234 188 170
0.040898434817790985 0.023419370874762535 0.18700000643730164 255 214 196
0.04133814573287964 0.023419370874762535 0.18700000643730164 255 223 198
0.04177785664796829 0.023419370874762535 0.18700000643730164 255 243 218
0.042217567563056946 0.023419370874762535 0.18700000643730164 255 253 235
0.042885392904281616 0.023544607684016228 0.18799999356269836 255 253 235
0.043557919561862946 0.02366984635591507 0.1889999955892563 255 253 239
0.04400233179330826 0.02366984635591507 0.1889999955892563 255 246 232
0.04444674402475357 0.02366984635591507 0.1889999955892563 250 232 223
0.045128677040338516 0.023795083165168762 0.1899999976158142 244 226 217
0.04605518653988838 0.024045556783676147 0.19200000166893005 255 241 237
0.046748872846364975 0.02417079545557499 0.19300000369548798 255 244 240
0.047447267919778824 0.024296032264828682 0.1940000057220459 255 252 245
0.04815036430954933 0.024421269074082375 0.19499999284744263 255 252 245
0.0488581620156765 0.024546505883336067 0.19599999487400055 255 244 242
0.049570661038160324 0.02467174455523491 0.19699999690055847 255 237 235
0.05028786510229111 0.0247969813644886 0.1979999989271164 255 248 244
0.05075344070792198 0.0247969813644886 0.1979999989271164 255 249 245
0.05147770047187805 0.024922218173742294 0.19900000095367432 255 253 247
0.05220666155219078 0.025047456845641136 0.20000000298023224 255 252 246
0.05294032394886017 0.02517269365489483 0.20100000500679016 255 246 248
0.05341295525431633 0.02517269365489483 0.20100000500679016 245 221 223
0.054153669625520706 0.02529793046414852 0.20200000703334808 232 175 186
0.05489909276366234 0.025423167273402214 0.2029999941587448 241 184 195
0.005507831461727619 0.02487979084253311 0.19499999284744263 255 255 197
0.005935756489634514 0.02475220337510109 0.1940000057220459 255 255 195
0.006391926668584347 0.02475220337510109 0.1940000057220459 255 255 231
0.006812797859311104 0.024624614045023918 0.19300000369548798 255 255 231
0.007228965871036053 0.024497024714946747 0.19200000166893005 254 255 245
0.007640431635081768 0.024369437247514725 0.19099999964237213 254 255 245
0.008089547976851463 0.024369437247514725 0.19099999964237213 254 255 249
0.008493958972394466 0.024241847917437553 0.1899999976158142 254 255 249
0.008893667720258236 0.024114258587360382 0.1889999955892563 254 255 249
0.009288673289120197 0.02398667111992836 0.18799999356269836 254 255 249
0.00973073486238718 0.02398667111992836 0.18799999356269836 254 255 249
0.010172797366976738 0.02398667111992836 0.18799999356269836 254 255 249
0.010558397509157658 0.02385908178985119 0.18700000643730164 254 255 251
0.010998107492923737 0.02385908178985119 0.18700000643730164 254 255 251
0.01143781840801239 0.02385908178985119 0.18700000643730164 254 255 251
0.011814013123512268 0.023731492459774017 0.1860000044107437 254 255 251
0.012251372449100018 0.023731492459774017 0.1860000044107437 254 255 251
0.012688731774687767 0.023731492459774017 0.1860000044107437 254 255 251
0.013126091100275517 0.023731492459774017 0.1860000044107437 254 255 251
0.013563450425863266 0.023731492459774017 0.1860000044107437 254 255 251
0.014000809751451015 0.023731492459774017 0.1860000044107437 254 255 251
0.01436054427176714 0.023603904992341995 0.1850000023841858 254 255 251
0.014795552007853985 0.023603904992341995 0.1850000023841858 254 255 251
0.01523055974394083 0.023603904992341995 0.1850000023841858 254 255 251
0.015580888837575912 0.023476315662264824 0.18400000035762787 254 255 251
0.01601354591548443 0.023476315662264824 0.18400000035762787 254 255 251
0.0163568202406168 0.023348728194832802 0.18299999833106995 254 255 251
0.016787126660346985 0.023348728194832802 0.18299999833106995 254 255 251
0.017217431217432022 0.023348728194832802 0.18299999833106995 254 255 251
0.017551301047205925 0.02322113886475563 0.18199999630451202 254 255 251
0.017979254946112633 0.02322113886475563 0.18199999630451202 254 255 249
0.01830606907606125 0.02309354953467846 0.1809999942779541 254 255 249
0.018731672316789627 0.02309354953467846 0.1809999942779541 254 255 249
0.019157273694872856 0.02309354953467846 0.1809999942779541 254 255 249
0.019582876935601234 0.02309354953467846 0.1809999942779541 254 255 249
0.019897934049367905 0.022965962067246437 0.18000000715255737 254 255 249
0.020321184769272804 0.022965962067246437 0.18000000715255737 254 255 249
0.020744435489177704 0.022965962067246437 0.18000000715255737 254 255 249
0.021167688071727753 0.022965962067246437 0.18000000715255737 254 255 247
0.021590938791632652 0.022965962067246437 0.18000000715255737 254 255 247
0.022014189511537552 0.022965962067246437 0.18000000715255737 255 253 235
0.02243744023144245 0.022965962067246437 0.18000000715255737 232 220 202
0.02286069095134735 0.022965962067246437 0.18000000715255737 255 244 224
0.02328394167125225 0.022965962067246437 0.18000000715255737 255 251 231
0.02370719239115715 0.022965962067246437 0.18000000715255737 255 253 240
0.02413044311106205 0.022965962067246437 0.18000000715255737 255 253 240
0.02469010464847088 0.02309354953467846 0.1809999942779541 255 254 245
0.025115706026554108 0.02309354953467846 0.1809999942779541 255 254 245
0.025541309267282486 0.02309354953467846 0.1809999942779541 255 254 249
0.025966910645365715 0.02309354953467846 0.1809999942779541 255 254 249
0.026392513886094093 0.02309354953467846 0.1809999942779541 255 254 249
0.026818115264177322 0.02309354953467846 0.1809999942779541 255 254 249
0.0272437185049057 0.02309354953467846 0.1809999942779541 255 253 244
0.02766931988298893 0.02309354953467846 0.1809999942779541 255 254 245
0.028094923123717308 0.02309354953467846 0.1809999942779541 254 255 242
0.028520524501800537 0.02309354953467846 0.1809999942779541 255 255 243
0.028946127742528915 0.02309354953467846 0.1809999942779541 254 255 247
0.029371729120612144 0.02309354953467846 0.1809999942779541 254 255 247
0.029797332361340523 0.02309354953467846 0.1809999942779541 254 255 249
0.030222933739423752 0.02309354953467846 0.1809999942779541 254 255 249
0.03064853698015213 0.02309354953467846 0.1809999942779541 254 255 249
0.03107413835823536 0.02309354953467846 0.1809999942779541 254 255 249
0.031673774123191833 0.02322113886475563 0.18199999630451202 254 255 249
0.03210172802209854 0.02322113886475563 0.18199999630451202 254 255 249
0.03252968192100525 0.02322113886475563 0.18199999630451202 255 255 245
0.03313871845602989 0.023348728194832802 0.18299999833106995 255 255 245
0.03356902673840523 0.023348728194832802 0.18299999833106995 255 250 231
0.033999331295490265 0.023348728194832802 0.18299999833106995 244 237 218
0.0344296358525753 0.023348728194832802 0.18299999833106995 255 251 232
0.03485994040966034 0.023348728194832802 0.18299999833106995 255 252 233
0.03529024496674538 0.023348728194832802 0.18299999833106995 255 255 245
0.035720549523830414 0.023348728194832802 0.18299999833106995 255 255 245
0.03615085408091545 0.023348728194832802 0.18299999833106995 254 255 249
0.03658116236329079 0.023348728194832802 0.18299999833106995 254 255 249
0.037011466920375824 0.023348728194832802 0.18299999833106995 254 255 249
0.03744177147746086 0.023348728194832802 0.18299999833106995 254 255 249
0.03807902708649635 0.023476315662264824 0.18400000035762787 254 255 251
0.03851168230175972 0.023476315662264824 0.18400000035762787 254 255 251
0.0391559936106205 0.023603904992341995 0.1850000023841858 255 254 241
0.03959100320935249 0.023603904992341995 0.1850000023841858 248 242 229
0.04024236649274826 0.023731492459774017 0.1860000044107437 255 237 217
0.040679726749658585 0.023731492459774017 0.1860000044107437 250 232 212
0.04133814573287964 0.02385908178985119 0.18700000643730164 255 251 229
0.04177785664796829 0.02385908178985119 0.18700000643730164 255 253 231
0.042217567563056946 0.02385908178985119 0.18700000643730164 255 255 239
0.042885392904281616 0.02398667111992836 0.18799999356269836 255 255 239
0.043557919561862946 0.024114258587360382 0.1889999955892563 255 255 245
0.04400233179330826 0.024114258587360382 0.1889999955892563 255 255 245
0.04444674402475357 0.024114258587360382 0.1889999955892563 255 252 245
0.045128677040338516 0.024241847917437553 0.1899999976158142 255 250 243
0.04605518653988838 0.024497024714946747 0.19200000166893005 255 252 247
0.046748872846364975 0.024624614045023918 0.19300000369548798 255 252 247
0.047447267919778824 0.02475220337510109 0.1940000057220459 255 252 249
0.04815036430954933 0.02487979084253311 0.19499999284744263 255 252 249
0.04860888421535492 0.02487979084253311 0.19499999284744263 255 246 246
0.049067407846450806 0.02487979084253311 0.19499999284744263 237 220 220
0.04977990686893463 0.025007380172610283 0.19599999487400055 255 244 246
0.050497110933065414 0.025134969502687454 0.19699999690055847 255 249 251
0.051219016313552856 0.025262556970119476 0.1979999989271164 255 253 249
0.051945626735687256 0.025390146300196648 0.19900000095367432 255 253 249
0.052676938474178314 0.02551773563027382 0.20000000298023224 255 250 249
0.053147219121456146 0.02551773563027382 0.20000000298023224 255 245 244
0.05388558283448219 0.02564532309770584 0.20100000500679016 235 180 188
0.0546286515891552 0.025772912427783012 0.20200000703334808 233 178 186
0.005479585845023394 0.025208372622728348 0.1940000057220459 255 255 196
0.005935756489634514 0.025208372622728348 0.1940000057220459 255 255 196
0.006391926668584347 0.025208372622728348 0.1940000057220459 255 255 231
0.006812797859311104 0.025078432634472847 0.19300000369548798 255 255 231
0.007228965871036053 0.024948492646217346 0.19200000166893005 254 255 247
0.007640431635081768 0.024818552657961845 0.19099999964237213 254 255 247
0.008089547976851463 0.024818552657961845 0.19099999964237213 254 255 249
0.008493958972394466 0.024688612669706345 0.1899999976158142 254 255 249
0.008893667720258236 0.024558672681450844 0.1889999955892563 254 255 251
0.009288673289120197 0.024428732693195343 0.18799999356269836 254 255 251
0.00973073486238718 0.024428732693195343 0.18799999356269836 254 255 251
0.010118686594069004 0.024298792704939842 0.18700000643730164 254 255 251
0.010558397509157658 0.024298792704939842 0.18700000643730164 254 255 251
0.010998107492923737 0.024298792704939842 0.18700000643730164 254 255 251
0.01143781840801239 0.024298792704939842 0.18700000643730164 254 255 251
0.011877529323101044 0.024298792704939842 0.18700000643730164 254 255 251
0.012251372449100018 0.02416885271668434 0.1860000044107437 254 255 251
0.012688731774687767 0.02416885271668434 0.1860000044107437 254 255 251
0.013126091100275517 0.02416885271668434 0.1860000044107437 254 255 251
0.013563450425863266 0.02416885271668434 0.1860000044107437 254 255 251
0.014000809751451015 0.02416885271668434 0.1860000044107437 254 255 251
0.01436054427176714 0.02403891272842884 0.1850000023841858 254 255 251
0.014795552007853985 0.02403891272842884 0.1850000023841858 254 255 251
0.015148232690989971 0.02390897274017334 0.18400000035762787 254 255 251
0.015580888837575912 0.02390897274017334 0.18400000035762787 254 255 251
0.01601354591548443 0.02390897274017334 0.18400000035762787 254 255 251
0.0163568202406168 0.02377903275191784 0.18299999833106995 254 255 251
0.016787126660346985 0.02377903275191784 0.18299999833106995 254 255 251
0.017217431217432022 0.02377903275191784 0.18299999833106995 254 255 251
0.017551301047205925 0.023649092763662338 0.18199999630451202 254 255 251
0.017979254946112633 0.023649092763662338 0.18199999630451202 254 255 251
0.01830606907606125 0.023519152775406837 0.1809999942779541 254 255 251
0.018731672316789627 0.023519152775406837 0.1809999942779541 254 255 251
0.019157273694872856 0.023519152775406837 0.1809999942779541 254 255 251
0.019582876935601234 0.023519152775406837 0.1809999942779541 254 255 251
0.019897934049367905 0.023389212787151337 0.18000000715255737 254 255 251
0.020321184769272804 0.023389212787151337 0.18000000715255737 254 255 251
0.020744435489177704 0.023389212787151337 0.18000000715255737 254 255 251
0.021167688071727753 0.023389212787151337 0.18000000715255737 254 255 251
0.021590938791632652 0.023389212787151337 0.18000000715255737 254 255 251
0.022014189511537552 0.023389212787151337 0.18000000715255737 253 255 244
0.02243744023144245 0.023389212787151337 0.18000000715255737 253 255 244
0.02286069095134735 0.023389212787151337 0.18000000715255737 255 254 242
0.02328394167125225 0.023389212787151337 0.18000000715255737 255 255 243
0.02370719239115715 0.023389212787151337 0.18000000715255737 255 255 245
0.02413044311106205 0.023389212787151337 0.18000000715255737 255 255 245
0.02455369383096695 0.023389212787151337 0.18000000715255737 255 255 249
0.024976946413517 0.023389212787151337 0.18000000715255737 255 255 249
0.025400197133421898 0.023389212787151337 0.18000000715255737 255 255 249
0.025823447853326797 0.023389212787151337 0.18000000715255737 255 255 249
0.026392513886094093 0.023519152775406837 0.1809999942779541 255 255 249
0.026818115264177322 0.023519152775406837 0.1809999942779541 255 255 249
0.0272437185049057 0.023519152775406837 0.1809999942779541 254 255 249
0.02766931988298893 0.023519152775406837 0.1809999942779541 254 255 249
0.028094923123717308 0.023519152775406837 0.1809999942779541 254 255 249
0.028520524501800537 0.023519152775406837 0.1809999942779541 254 255 249
0.028946127742528915 0.023519152775406837 0.1809999942779541 254 255 249
0.029371729120612144 0.023519152775406837 0.1809999942779541 254 255 249
0.029797332361340523 0.023519152775406837 0.1809999942779541 254 255 249
0.030222933739423752 0.023519152775406837 0.1809999942779541 254 255 249
0.03064853698015213 0.023519152775406837 0.1809999942779541 254 255 249
0.03107413835823536 0.023519152775406837 0.1809999942779541 254 255 249
0.031673774123191833 0.023649092763662338 0.18199999630451202 254 255 249
0.03210172802209854 0.023649092763662338 0.18199999630451202 254 255 249
0.03252968192100525 0.023649092763662338 0.18199999630451202 254 255 249
0.03295763581991196 0.023649092763662338 0.18199999630451202 254 255 249
0.033385589718818665 0.023649092763662338 0.18199999630451202 253 255 244
0.033813539892435074 0.023649092763662338 0.18199999630451202 253 255 244
0.03424149379134178 0.023649092763662338 0.18199999630451202 255 255 243
0.03466944769024849 0.023649092763662338 0.18199999630451202 255 255 243
0.0350974015891552 0.023649092763662338 0.18199999630451202 254 255 247
0.035525355488061905 0.023649092763662338 0.18199999630451202 254 255 247
0.03595330938696861 0.023649092763662338 0.18199999630451202 254 255 249
0.03638126328587532 0.023649092763662338 0.18199999630451202 254 255 249
0.03680921718478203 0.023649092763662338 0.18199999630451202 254 255 251
0.03744177147746086 0.02377903275191784 0.18299999833106995 254 255 251
0.0378720760345459 0.02377903275191784 0.18299999833106995 254 255 251
0.038302380591630936 0.02377903275191784 0.18299999833106995 254 255 251
0.038944341242313385 0.02390897274017334 0.18400000035762787 253 255 246
0.03937699645757675 0.02390897274017334 0.18400000035762787 235 237 228
0.04002600908279419 0.02403891272842884 0.1850000023841858 247 244 230
0.040679726749658585 0.02416885271668434 0.1860000044107437 248 245 231
0.04111708700656891 0.02416885271668434 0.1860000044107437 255 255 240
0.041554443538188934 0.02416885271668434 0.1860000044107437 255 255 241
0.042217567563056946 0.024298792704939842 0.18700000643730164 254 255 247
0.042885392904281616 0.024428732693195343 0.18799999356269836 254 255 247
0.0433274544775486 0.024428732693195343 0.18799999356269836 254 255 249
0.04400233179330826 0.024558672681450844 0.1889999955892563 254 255 249
0.04444674402475357 0.024558672681450844 0.1889999955892563 255 253 249
0.04489115998148918 0.024558672681450844 0.1889999955892563 247 242 238
0.04557544365525246 0.024688612669706345 0.1899999976158142 245 237 236
0.04626442864537239 0.024818552657961845 0.19099999964237213 255 249 248
0.0472026951611042 0.025078432634472847 0.19300000369548798 255 254 251
0.04765651375055313 0.025078432634472847 0.19300000369548798 255 254 251
0.04860888421535492 0.02533831261098385 0.19499999284744263 255 249 249
0.049067407846450806 0.02533831261098385 0.19499999284744263 242 230 230
0.04977990686893463 0.02546825259923935 0.19599999487400055 253 238 239
0.050497110933065414 0.02559819258749485 0.19699999690055847 255 250 251
0.051219016313552856 0.02572813257575035 0.1979999989271164 254 249 247
0.051945626735687256 0.025858072564005852 0.19900000095367432 254 249 247
0.052676938474178314 0.025988014414906502 0.20000000298023224 255 249 246
0.053147219121456146 0.025988014414906502 0.20000000298023224 255 251 248
0.05388558283448219 0.026117954403162003 0.20100000500679016 255 216 222
0.0546286515891552 0.026247894391417503 0.20200000703334808 223 175 181
0.005479585845023394 0.025664543733000755 0.1940000057220459 255 255 196
0.005935756489634514 0.025664543733000755 0.1940000057220459 255 255 198
0.006358978804200888 0.025532251223921776 0.19300000369548798 254 255 230
0.006812797859311104 0.025532251223921776 0.19300000369548798 255 255 231
0.007228965871036053 0.025399960577487946 0.19200000166893005 254 255 245
0.007640431635081768 0.025267669931054115 0.19099999964237213 254 255 245
0.008047194220125675 0.025135377421975136 0.1899999976158142 254 255 249
0.008449253626167774 0.025003086775541306 0.1889999955892563 254 255 249
0.008893667720258236 0.025003086775541306 0.1889999955892563 254 255 249
0.009288673289120197 0.024870794266462326 0.18799999356269836 254 255 249
0.00973073486238718 0.024870794266462326 0.18799999356269836 254 255 251
0.010118686594069004 0.024738503620028496 0.18700000643730164 254 255 251
0.010558397509157658 0.024738503620028496 0.18700000643730164 254 255 251
0.010998107492923737 0.024738503620028496 0.18700000643730164 254 255 251
0.01143781840801239 0.024738503620028496 0.18700000643730164 254 255 251
0.011814013123512268 0.024606211110949516 0.1860000044107437 254 255 251
0.012251372449100018 0.024606211110949516 0.1860000044107437 254 255 251
0.012688731774687767 0.024606211110949516 0.1860000044107437 254 255 251
0.013126091100275517 0.024606211110949516 0.1860000044107437 254 255 251
0.013563450425863266 0.024606211110949516 0.1860000044107437 254 255 251
0.014000809751451015 0.024606211110949516 0.1860000044107437 254 255 251
0.01436054427176714 0.024473920464515686 0.1850000023841858 254 255 251
0.014795552007853985 0.024473920464515686 0.1850000023841858 254 255 251
0.015148232690989971 0.024341629818081856 0.18400000035762787 254 255 251
0.015580888837575912 0.024341629818081856 0.18400000035762787 254 255 251
0.01601354591548443 0.024341629818081856 0.18400000035762787 254 255 251
0.0163568202406168 0.024209337309002876 0.18299999833106995 254 255 251
0.016787126660346985 0.024209337309002876 0.18299999833106995 254 255 251
0.017217431217432022 0.024209337309002876 0.18299999833106995 254 255 251
0.017551301047205925 0.024077046662569046 0.18199999630451202 254 255 251
0.017979254946112633 0.024077046662569046 0.18199999630451202 254 255 251
0.01830606907606125 0.023944754153490067 0.1809999942779541 254 255 251
0.018731672316789627 0.023944754153490067 0.1809999942779541 254 255 251
0.019157273694872856 0.023944754153490067 0.1809999942779541 254 255 251
0.019582876935601234 0.023944754153490067 0.1809999942779541 254 255 251
0.019897934049367905 0.023812463507056236 0.18000000715255737 254 255 251
0.020321184769272804 0.023812463507056236 0.18000000715255737 254 255 251
0.020744435489177704 0.023812463507056236 0.18000000715255737 254 255 251
0.021167688071727753 0.023812463507056236 0.18000000715255737 254 255 251
0.021590938791632652 0.023812463507056236 0.18000000715255737 254 255 251
0.022014189511537552 0.023812463507056236 0.18000000715255737 254 255 251
0.02243744023144245 0.023812463507056236 0.18000000715255737 254 255 251
0.02286069095134735 0.023812463507056236 0.18000000715255737 254 255 249
0.02328394167125225 0.023812463507056236 0.18000000715255737 254 255 249
0.02370719239115715 0.023812463507056236 0.18000000715255737 254 255 249
0.02413044311106205 0.023812463507056236 0.18000000715255737 254 255 249
0.02455369383096695 0.023812463507056236 0.18000000715255737 254 255 249
0.024976946413517 0.023812463507056236 0.18000000715255737 254 255 249
0.025400197133421898 0.023812463507056236 0.18000000715255737 254 255 249
0.025823447853326797 0.023812463507056236 0.18000000715255737 254 255 249
0.026246698573231697 0.023812463507056236 0.18000000715255737 254 255 249
0.026818115264177322 0.023944754153490067 0.1809999942779541 254 255 249
0.0272437185049057 0.023944754153490067 0.1809999942779541 254 255 249
0.02766931988298893 0.023944754153490067 0.1809999942779541 254 255 249
0.028094923123717308 0.023944754153490067 0.1809999942779541 254 255 249
0.028520524501800537 0.023944754153490067 0.1809999942779541 254 255 249
0.028946127742528915 0.023944754153490067 0.1809999942779541 254 255 249
0.029371729120612144 0.023944754153490067 0.1809999942779541 254 255 249
0.029797332361340523 0.023944754153490067 0.1809999942779541 254 255 249
0.030222933739423752 0.023944754153490067 0.1809999942779541 254 255 249
0.03064853698015213 0.023944754153490067 0.1809999942779541 254 255 249
0.031245820224285126 0.024077046662569046 0.18199999630451202 254 255 249
0.031673774123191833 0.024077046662569046 0.18199999630451202 254 255 249
0.03210172802209854 0.024077046662569046 0.18199999630451202 254 255 249
0.03252968192100525 0.024077046662569046 0.18199999630451202 254 255 249
0.03295763581991196 0.024077046662569046 0.18199999630451202 254 255 249
0.033385589718818665 0.024077046662569046 0.18199999630451202 254 255 249
0.033813539892435074 0.024077046662569046 0.18199999630451202 254 255 249
0.03424149379134178 0.024077046662569046 0.18199999630451202 254 255 249
0.03466944769024849 0.024077046662569046 0.18199999630451202 254 255 249
0.0350974015891552 0.024077046662569046 0.18199999630451202 254 255 249
0.035525355488061905 0.024077046662569046 0.18199999630451202 254 255 249
0.03595330938696861 0.024077046662569046 0.18199999630451202 254 255 249
0.03638126328587532 0.024077046662569046 0.18199999630451202 254 255 249
0.03680921718478203 0.024077046662569046 0.18199999630451202 254 255 249
0.03744177147746086 0.024209337309002876 0.18299999833106995 254 255 249
0.0378720760345459 0.024209337309002876 0.18299999833106995 254 255 249
0.038302380591630936 0.024209337309002876 0.18299999833106995 254 255 249
0.038944341242313385 0.024341629818081856 0.18400000035762787 254 255 249
0.03937699645757675 0.024341629818081856 0.18400000035762787 252 253 247
0.04002600908279419 0.024473920464515686 0.1850000023841858 253 254 248
0.040461018681526184 0.024473920464515686 0.1850000023841858 253 254 248
0.04111708700656891 0.024606211110949516 0.1860000044107437 254 255 247
0.041554443538188934 0.024606211110949516 0.1860000044107437 254 255 247
0.04199180379509926 0.024606211110949516 0.1860000044107437 254 255 249
0.0426572784781456 0.024738503620028496 0.18700000643730164 254 255 249
0.04309698939323425 0.024738503620028496 0.18700000643730164 254 255 249
0.04376951605081558 0.024870794266462326 0.18799999356269836 254 255 249
0.044211577624082565 0.024870794266462326 0.18799999356269836 255 255 251
0.04465363919734955 0.024870794266462326 0.18799999356269836 233 233 229
0.045335572212934494 0.025003086775541306 0.1889999955892563 227 222 220
0.0460222065448761 0.025135377421975136 0.1899999976158142 255 253 251
0.04671354591846466 0.025267669931054115 0.19099999964237213 255 254 251
0.04740958660840988 0.025399960577487946 0.19200000166893005 255 254 251
0.04811033234000206 0.025532251223921776 0.19300000369548798 249 241 240
0.0488157793879509 0.025664543733000755 0.1940000057220459 239 231 230
0.04952592775225639 0.025796834379434586 0.19499999284744263 249 234 235
0.05024078115820885 0.025929126888513565 0.19599999487400055 255 246 247
0.05096033588051796 0.026061417534947395 0.19699999690055847 255 252 250
0.05168459191918373 0.026193710044026375 0.1979999989271164 255 252 250
0.05241355299949646 0.026326000690460205 0.19900000095367432 255 251 251
0.053147219121456146 0.026458293199539185 0.20000000298023224 255 251 251
0.05361749604344368 0.026458293199539185 0.20000000298023224 255 227 233
0.054358214139938354 0.026590583845973015 0.20100000500679016 224 181 187
0.005479585845023394 0.026120714843273163 0.1940000057220459 255 255 195
0.005935756489634514 0.026120714843273163 0.1940000057220459 255 255 197
0.006358978804200888 0.025986071676015854 0.19300000369548798 254 255 224
0.006812797859311104 0.025986071676015854 0.19300000369548798 255 255 225
0.007228965871036053 0.025851428508758545 0.19200000166893005 254 255 241
0.007640431635081768 0.025716785341501236 0.19099999964237213 254 255 241
0.008047194220125675 0.025582142174243927 0.1899999976158142 254 255 247
0.008449253626167774 0.025447499006986618 0.1889999955892563 254 255 247
0.008893667720258236 0.025447499006986618 0.1889999955892563 254 255 249
0.009288673289120197 0.02531285770237446 0.18799999356269836 254 255 249
0.00973073486238718 0.02531285770237446 0.18799999356269836 254 255 249
0.010118686594069004 0.02517821453511715 0.18700000643730164 254 255 249
0.010558397509157658 0.02517821453511715 0.18700000643730164 254 255 251
0.010998107492923737 0.02517821453511715 0.18700000643730164 254 255 251
0.01143781840801239 0.02517821453511715 0.18700000643730164 254 255 251
0.011814013123512268 0.02504357136785984 0.1860000044107437 254 255 251
0.012251372449100018 0.02504357136785984 0.1860000044107437 254 255 251
0.012688731774687767 0.02504357136785984 0.1860000044107437 254 255 251
0.013126091100275517 0.02504357136785984 0.1860000044107437 254 255 251
0.013563450425863266 0.02504357136785984 0.1860000044107437 254 255 251
0.014000809751451015 0.02504357136785984 0.1860000044107437 254 255 251
0.01436054427176714 0.02490892820060253 0.1850000023841858 254 255 251
0.014795552007853985 0.02490892820060253 0.1850000023841858 254 255 251
0.015148232690989971 0.024774285033345222 0.18400000035762787 254 255 251
0.015580888837575912 0.024774285033345222 0.18400000035762787 254 255 251
0.01601354591548443 0.024774285033345222 0.18400000035762787 254 255 251
0.0163568202406168 0.024639641866087914 0.18299999833106995 254 255 251
0.016787126660346985 0.024639641866087914 0.18299999833106995 254 255 251
0.017217431217432022 0.024639641866087914 0.18299999833106995 254 255 251
0.017551301047205925 0.024505000561475754 0.18199999630451202 254 255 251
0.017979254946112633 0.024505000561475754 0.18199999630451202 254 255 251
0.01830606907606125 0.024370357394218445 0.1809999942779541 254 255 251
0.018731672316789627 0.024370357394218445 0.1809999942779541 254 255 251
0.019157273694872856 0.024370357394218445 0.1809999942779541 254 255 251
0.019582876935601234 0.024370357394218445 0.1809999942779541 254 255 251
0.019897934049367905 0.024235714226961136 0.18000000715255737 254 255 251
0.020321184769272804 0.024235714226961136 0.18000000715255737 254 255 251
0.020744435489177704 0.024235714226961136 0.18000000715255737 254 255 251
0.021167688071727753 0.024235714226961136 0.18000000715255737 254 255 251
0.021590938791632652 0.024235714226961136 0.18000000715255737 254 255 251
0.022014189511537552 0.024235714226961136 0.18000000715255737 254 255 251
0.02243744023144245 0.024235714226961136 0.18000000715255737 253 254 250
0.02286069095134735 0.024235714226961136 0.18000000715255737 254 255 251
0.02328394167125225 0.024235714226961136 0.18000000715255737 254 255 251
0.02370719239115715 0.024235714226961136 0.18000000715255737 254 255 251
0.02413044311106205 0.024235714226961136 0.18000000715255737 254 255 251
0.02455369383096695 0.024235714226961136 0.18000000715255737 254 255 251
0.024976946413517 0.024235714226961136 0.18000000715255737 254 255 251
0.025400197133421898 0.024235714226961136 0.18000000715255737 254 255 251
0.025823447853326797 0.024235714226961136 0.18000000715255737 254 255 251
0.026246698573231697 0.024235714226961136 0.18000000715255737 254 255 251
0.026669949293136597 0.024235714226961136 0.18000000715255737 254 255 251
0.0272437185049057 0.024370357394218445 0.1809999942779541 254 255 251
0.02766931988298893 0.024370357394218445 0.1809999942779541 254 255 251
0.028094923123717308 0.024370357394218445 0.1809999942779541 254 255 251
0.028520524501800537 0.024370357394218445 0.1809999942779541 254 255 251
0.028946127742528915 0.024370357394218445 0.1809999942779541 254 255 251
0.029371729120612144 0.024370357394218445 0.1809999942779541 254 255 251
0.029797332361340523 0.024370357394218445 0.1809999942779541 254 255 251
0.030222933739423752 0.024370357394218445 0.1809999942779541 254 255 251
0.030817866325378418 0.024505000561475754 0.18199999630451202 254 255 251
0.031245820224285126 0.024505000561475754 0.18199999630451202 254 255 251
0.031673774123191833 0.024505000561475754 0.18199999630451202 254 255 251
0.03210172802209854 0.024505000561475754 0.18199999630451202 254 255 251
0.03252968192100525 0.024505000561475754 0.18199999630451202 254 255 251
0.03295763581991196 0.024505000561475754 0.18199999630451202 254 255 251
0.033385589718818665 0.024505000561475754 0.18199999630451202 254 255 251
0.033813539892435074 0.024505000561475754 0.18199999630451202 254 255 251
0.03424149379134178 0.024505000561475754 0.18199999630451202 254 255 251
0.03466944769024849 0.024505000561475754 0.18199999630451202 254 255 251
0.0350974015891552 0.024505000561475754 0.18199999630451202 254 255 251
0.035525355488061905 0.024505000561475754 0.18199999630451202 254 255 251
0.03595330938696861 0.024505000561475754 0.18199999630451202 254 255 251
0.03638126328587532 0.024505000561475754 0.18199999630451202 254 255 251
0.03680921718478203 0.024505000561475754 0.18199999630451202 254 255 251
0.03744177147746086 0.024639641866087914 0.18299999833106995 254 255 251
0.0378720760345459 0.024639641866087914 0.18299999833106995 254 255 251
0.038302380591630936 0.024639641866087914 0.18299999833106995 254 255 251
0.038944341242313385 0.024774285033345222 0.18400000035762787 254 255 251
0.03937699645757675 0.024774285033345222 0.18400000035762787 253 254 250
0.04002600908279419 0.02490892820060253 0.1850000023841858 253 254 248
0.040461018681526184 0.02490892820060253 0.1850000023841858 254 255 249
0.04111708700656891 0.02504357136785984 0.1860000044107437 254 255 249
0.041554443538188934 0.02504357136785984 0.1860000044107437 254 255 249
0.04199180379509926 0.02504357136785984 0.1860000044107437 254 255 251
0.04242916405200958 0.02504357136785984 0.1860000044107437 254 255 251
0.04309698939323425 0.02517821453511715 0.18700000643730164 254 255 251
0.043536700308322906 0.02517821453511715 0.18700000643730164 254 255 251
0.04397641122341156 0.02517821453511715 0.18700000643730164 255 255 251
0.04465363919734955 0.02531285770237446 0.18799999356269836 247 247 243
0.045335572212934494 0.025447499006986618 0.1889999955892563 225 222 219
0.045779984444379807 0.025447499006986618 0.1889999955892563 255 254 251
0.04646897315979004 0.025582142174243927 0.1899999976158142 255 254 251
0.04740958660840988 0.025851428508758545 0.19200000166893005 255 254 251
0.04811033234000206 0.025986071676015854 0.19300000369548798 255 253 251
0.0488157793879509 0.026120714843273163 0.1940000057220459 242 237 235
0.04952592775225639 0.026255356147885323 0.19499999284744263 244 232 232
0.05024078115820885 0.02638999931514263 0.19599999487400055 246 234 234
0.05096033588051796 0.02652464248239994 0.19699999690055847 255 249 250
0.051423560827970505 0.02652464248239994 0.19699999690055847 255 249 250
0.052150171250104904 0.02665928564965725 0.1979999989271164 255 247 254
0.05288148298859596 0.02679392881691456 0.19900000095367432 254 233 240
0.05361749604344368 0.026928571984171867 0.20000000298023224 255 216 226
0.05408777669072151 0.026928571984171867 0.20000000298023224 242 201 211
0.005479585845023394 0.02657688409090042 0.1940000057220459 255 255 190
0.005935756489634514 0.02657688409090042 0.1940000057220459 255 255 192
0.006358978804200888 0.026439890265464783 0.19300000369548798 255 255 211
0.006777498405426741 0.026302896440029144 0.19200000166893005 255 255 212
0.007228965871036053 0.026302896440029144 0.19200000166893005 254 255 236
0.007640431635081768 0.026165902614593506 0.19099999964237213 255 255 237
0.008047194220125675 0.026028906926512718 0.1899999976158142 254 255 245
0.008449253626167774 0.02589191310107708 0.1889999955892563 254 255 245
0.00884661078453064 0.02575491927564144 0.18799999356269836 254 255 249
0.009288673289120197 0.02575491927564144 0.18799999356269836 254 255 249
0.00967897567898035 0.025617925450205803 0.18700000643730164 254 255 249
0.010118686594069004 0.025617925450205803 0.18700000643730164 254 255 249
0.010558397509157658 0.025617925450205803 0.18700000643730164 254 255 251
0.010998107492923737 0.025617925450205803 0.18700000643730164 254 255 251
0.011376653797924519 0.025480929762125015 0.1860000044107437 254 255 251
0.011814013123512268 0.025480929762125015 0.1860000044107437 254 255 251
0.012251372449100018 0.025480929762125015 0.1860000044107437 254 255 251
0.012688731774687767 0.025480929762125015 0.1860000044107437 254 255 251
0.013126091100275517 0.025480929762125015 0.1860000044107437 254 255 251
0.013563450425863266 0.025480929762125015 0.1860000044107437 254 255 251
0.013925536535680294 0.025343935936689377 0.1850000023841858 254 255 251
0.01436054427176714 0.025343935936689377 0.1850000023841858 254 255 251
0.014795552007853985 0.025343935936689377 0.1850000023841858 254 255 251
0.015148232690989971 0.02520694211125374 0.18400000035762787 254 255 251
0.015580888837575912 0.02520694211125374 0.18400000035762787 254 255 251
0.01601354591548443 0.02520694211125374 0.18400000035762787 254 255 251
0.0163568202406168 0.0250699482858181 0.18299999833106995 254 255 251
0.016787126660346985 0.0250699482858181 0.18299999833106995 254 255 251
0.017217431217432022 0.0250699482858181 0.18299999833106995 254 255 251
0.017551301047205925 0.024932952597737312 0.18199999630451202 254 255 251
0.017979254946112633 0.024932952597737312 0.18199999630451202 254 255 251
0.01830606907606125 0.024795958772301674 0.1809999942779541 254 255 251
0.018731672316789627 0.024795958772301674 0.1809999942779541 254 255 251
0.019157273694872856 0.024795958772301674 0.1809999942779541 254 255 251
0.019582876935601234 0.024795958772301674 0.1809999942779541 254 255 251
0.020008478313684464 0.024795958772301674 0.1809999942779541 254 255 251
0.020321184769272804 0.024658964946866035 0.18000000715255737 254 255 251
0.020744435489177704 0.024658964946866035 0.18000000715255737 254 255 251
0.021167688071727753 0.024658964946866035 0.18000000715255737 254 255 251
0.021590938791632652 0.024658964946866035 0.18000000715255737 254 255 251
0.022014189511537552 0.024658964946866035 0.18000000715255737 254 255 251
0.02243744023144245 0.024658964946866035 0.18000000715255737 250 251 247
0.02286069095134735 0.024658964946866035 0.18000000715255737 253 254 250
0.02328394167125225 0.024658964946866035 0.18000000715255737 254 255 251
0.02370719239115715 0.024658964946866035 0.18000000715255737 254 255 251
0.02413044311106205 0.024658964946866035 0.18000000715255737 254 255 251
0.02455369383096695 0.024658964946866035 0.18000000715255737 254 255 251
0.024976946413517 0.024658964946866035 0.18000000715255737 254 255 251
0.025400197133421898 0.024658964946866035 0.18000000715255737 254 255 251
0.025823447853326797 0.024658964946866035 0.18000000715255737 254 255 251
0.026246698573231697 0.024658964946866035 0.18000000715255737 254 255 251
0.026669949293136597 0.024658964946866035 0.18000000715255737 254 255 251
0.0272437185049057 0.024795958772301674 0.1809999942779541 254 255 251
0.02766931988298893 0.024795958772301674 0.1809999942779541 254 255 251
0.028094923123717308 0.024795958772301674 0.1809999942779541 250 251 247
0.028520524501800537 0.024795958772301674 0.1809999942779541 254 255 251
0.028946127742528915 0.024795958772301674 0.1809999942779541 254 255 251
0.029371729120612144 0.024795958772301674 0.1809999942779541 254 255 251
0.029797332361340523 0.024795958772301674 0.1809999942779541 254 255 251
0.03038991242647171 0.024932952597737312 0.18199999630451202 254 255 251
0.030817866325378418 0.024932952597737312 0.18199999630451202 254 255 251
0.031245820224285126 0.024932952597737312 0.18199999630451202 254 255 251
0.031673774123191833 0.024932952597737312 0.18199999630451202 254 255 251
0.03210172802209854 0.024932952597737312 0.18199999630451202 254 255 251
0.03252968192100525 0.024932952597737312 0.18199999630451202 254 255 251
0.03295763581991196 0.024932952597737312 0.18199999630451202 254 255 251
0.033385589718818665 0.024932952597737312 0.18199999630451202 252 253 249
0.033813539892435074 0.024932952597737312 0.18199999630451202 253 254 250
0.03424149379134178 0.024932952597737312 0.18199999630451202 254 255 251
0.03466944769024849 0.024932952597737312 0.18199999630451202 254 255 251
0.0350974015891552 0.024932952597737312 0.18199999630451202 254 255 251
0.035525355488061905 0.024932952597737312 0.18199999630451202 254 255 251
0.03595330938696861 0.024932952597737312 0.18199999630451202 254 255 251
0.03638126328587532 0.024932952597737312 0.18199999630451202 254 255 251
0.03680921718478203 0.024932952597737312 0.18199999630451202 254 255 251
0.03744177147746086 0.0250699482858181 0.18299999833106995 254 255 251
0.0378720760345459 0.0250699482858181 0.18299999833106995 254 255 251
0.038302380591630936 0.0250699482858181 0.18299999833106995 254 255 251
0.038944341242313385 0.02520694211125374 0.18400000035762787 254 255 251
0.03937699645757675 0.02520694211125374 0.18400000035762787 254 255 251
0.04002600908279419 0.025343935936689377 0.1850000023841858 254 255 251
0.040461018681526184 0.025343935936689377 0.1850000023841858 254 255 251
0.04089602455496788 0.025343935936689377 0.1850000023841858 254 255 251
0.041554443538188934 0.025480929762125015 0.1860000044107437 254 255 251
0.04199180379509926 0.025480929762125015 0.1860000044107437 254 255 251
0.04242916405200958 0.025480929762125015 0.1860000044107437 254 255 251
0.04309698939323425 0.025617925450205803 0.18700000643730164 254 255 251
0.043536700308322906 0.025617925450205803 0.18700000643730164 254 255 251
0.04397641122341156 0.025617925450205803 0.18700000643730164 254 255 251
0.04465363919734955 0.02575491927564144 0.18799999356269836 254 255 251
0.045335572212934494 0.02589191310107708 0.1889999955892563 221 218 213
0.045779984444379807 0.02589191310107708 0.1889999955892563 243 240 235
0.04646897315979004 0.026028906926512718 0.1899999976158142 255 252 250
0.04716266319155693 0.026165902614593506 0.19099999964237213 255 253 251
0.04786105453968048 0.026302896440029144 0.19200000166893005 255 253 250
0.04856415092945099 0.026439890265464783 0.19300000369548798 236 233 230
0.049271948635578156 0.02657688409090042 0.1940000057220459 237 222 223
0.04998445138335228 0.02671387791633606 0.19499999284744263 229 214 215
0.05070165544748306 0.026850873604416847 0.19599999487400055 245 220 228
0.051423560827970505 0.026987867429852486 0.19699999690055847 255 234 242
0.052150171250104904 0.027124861255288124 0.1979999989271164 255 229 246
0.05288148298859596 0.027261855080723763 0.19900000095367432 255 224 241
0.05334940925240517 0.027261855080723763 0.19900000095367432 255 214 226
0.05408777669072151 0.02739885076880455 0.20000000298023224 255 216 228
0.005479585845023394 0.02703305520117283 0.1940000057220459 255 255 186
0.0059051597490906715 0.02689370885491371 0.19300000369548798 255 255 187
0.006358978804200888 0.02689370885491371 0.19300000369548798 255 255 201
0.006777498405426741 0.026754364371299744 0.19200000166893005 255 255 202
0.007191315293312073 0.026615018025040627 0.19099999964237213 255 255 225
0.007640431635081768 0.026615018025040627 0.19099999964237213 255 255 226
0.008047194220125675 0.02647567167878151 0.1899999976158142 254 255 243
0.008449253626167774 0.02633632719516754 0.1889999955892563 254 255 243
0.00884661078453064 0.026196980848908424 0.18799999356269836 254 255 249
0.009288673289120197 0.026196980848908424 0.18799999356269836 254 255 249
0.00967897567898035 0.026057634502649307 0.18700000643730164 254 255 249
0.010118686594069004 0.026057634502649307 0.18700000643730164 254 255 249
0.010558397509157658 0.026057634502649307 0.18700000643730164 254 255 251
0.010939294472336769 0.02591829001903534 0.1860000044107437 254 255 251
0.011376653797924519 0.02591829001903534 0.1860000044107437 254 255 251
0.011814013123512268 0.02591829001903534 0.1860000044107437 254 255 251
0.012251372449100018 0.02591829001903534 0.1860000044107437 254 255 251
0.012688731774687767 0.02591829001903534 0.1860000044107437 254 255 251
0.013126091100275517 0.02591829001903534 0.1860000044107437 254 255 251
0.013563450425863266 0.02591829001903534 0.1860000044107437 254 255 251
0.013925536535680294 0.025778943672776222 0.1850000023841858 254 255 251
0.01436054427176714 0.025778943672776222 0.1850000023841858 254 255 251
0.014795552007853985 0.025778943672776222 0.1850000023841858 254 255 251
0.015148232690989971 0.025639599189162254 0.18400000035762787 254 255 251
0.015580888837575912 0.025639599189162254 0.18400000035762787 254 255 251
0.01592651568353176 0.025500252842903137 0.18299999833106995 254 255 251
0.0163568202406168 0.025500252842903137 0.18299999833106995 254 255 251
0.016787126660346985 0.025500252842903137 0.18299999833106995 254 255 251
0.017217431217432022 0.025500252842903137 0.18299999833106995 254 255 249
0.017551301047205925 0.02536090649664402 0.18199999630451202 254 255 249
0.017979254946112633 0.02536090649664402 0.18199999630451202 254 255 247
0.01840720698237419 0.02536090649664402 0.18199999630451202 254 255 247
0.018731672316789627 0.025221562013030052 0.1809999942779541 254 255 249
0.019157273694872856 0.025221562013030052 0.1809999942779541 254 255 249
0.019582876935601234 0.025221562013030052 0.1809999942779541 254 255 249
0.020008478313684464 0.025221562013030052 0.1809999942779541 254 255 249
0.020321184769272804 0.025082215666770935 0.18000000715255737 254 255 249
0.020744435489177704 0.025082215666770935 0.18000000715255737 254 255 249
0.021167688071727753 0.025082215666770935 0.18000000715255737 254 255 249
0.021590938791632652 0.025082215666770935 0.18000000715255737 254 255 249
0.022014189511537552 0.025082215666770935 0.18000000715255737 254 255 249
0.02243744023144245 0.025082215666770935 0.18000000715255737 247 248 242
0.02286069095134735 0.025082215666770935 0.18000000715255737 252 254 245
0.02328394167125225 0.025082215666770935 0.18000000715255737 254 255 247
0.02370719239115715 0.025082215666770935 0.18000000715255737 254 255 249
0.02413044311106205 0.025082215666770935 0.18000000715255737 254 255 249
0.02455369383096695 0.025082215666770935 0.18000000715255737 254 255 249
0.024976946413517 0.025082215666770935 0.18000000715255737 254 255 249
0.025400197133421898 0.025082215666770935 0.18000000715255737 254 255 251
0.025823447853326797 0.025082215666770935 0.18000000715255737 254 255 251
0.026246698573231697 0.025082215666770935 0.18000000715255737 254 255 251
0.026818115264177322 0.025221562013030052 0.1809999942779541 254 255 251
0.0272437185049057 0.025221562013030052 0.1809999942779541 254 255 251
0.02766931988298893 0.025221562013030052 0.1809999942779541 253 254 250
0.028094923123717308 0.025221562013030052 0.1809999942779541 250 250 246
0.028520524501800537 0.025221562013030052 0.1809999942779541 254 254 250
0.028946127742528915 0.025221562013030052 0.1809999942779541 254 255 251
0.029371729120612144 0.025221562013030052 0.1809999942779541 254 255 251
0.029797332361340523 0.025221562013030052 0.1809999942779541 254 255 251
0.03038991242647171 0.02536090649664402 0.18199999630451202 254 255 251
0.030817866325378418 0.02536090649664402 0.18199999630451202 254 255 251
0.031245820224285126 0.02536090649664402 0.18199999630451202 254 255 251
0.031673774123191833 0.02536090649664402 0.18199999630451202 254 255 251
0.03210172802209854 0.02536090649664402 0.18199999630451202 254 255 251
0.03252968192100525 0.02536090649664402 0.18199999630451202 254 255 251
0.03295763581991196 0.02536090649664402 0.18199999630451202 254 255 251
0.033385589718818665 0.02536090649664402 0.18199999630451202 247 248 242
0.033813539892435074 0.02536090649664402 0.18199999630451202 247 248 242
0.03424149379134178 0.02536090649664402 0.18199999630451202 254 255 249
0.03466944769024849 0.02536090649664402 0.18199999630451202 254 255 249
0.0350974015891552 0.02536090649664402 0.18199999630451202 254 255 249
0.035525355488061905 0.02536090649664402 0.18199999630451202 254 255 249
0.03595330938696861 0.02536090649664402 0.18199999630451202 254 255 249
0.03638126328587532 0.02536090649664402 0.18199999630451202 254 255 249
0.03680921718478203 0.02536090649664402 0.18199999630451202 254 255 251
0.03744177147746086 0.025500252842903137 0.18299999833106995 254 255 251
0.0378720760345459 0.025500252842903137 0.18299999833106995 254 255 251
0.038302380591630936 0.025500252842903137 0.18299999833106995 254 255 251
0.038944341242313385 0.025639599189162254 0.18400000035762787 254 255 251
0.03937699645757675 0.025639599189162254 0.18400000035762787 249 250 246
0.04002600908279419 0.025778943672776222 0.1850000023841858 251 252 248
0.040461018681526184 0.025778943672776222 0.1850000023841858 254 255 251
0.04089602455496788 0.025778943672776222 0.1850000023841858 254 255 251
0.041554443538188934 0.02591829001903534 0.1860000044107437 254 255 251
0.04199180379509926 0.02591829001903534 0.1860000044107437 254 255 251
0.04242916405200958 0.02591829001903534 0.1860000044107437 254 255 251
0.04309698939323425 0.026057634502649307 0.18700000643730164 254 255 251
0.043536700308322906 0.026057634502649307 0.18700000643730164 254 255 251
0.04397641122341156 0.026057634502649307 0.18700000643730164 254 255 251
0.04465363919734955 0.026196980848908424 0.18799999356269836 254 255 251
0.04509570077061653 0.026196980848908424 0.18799999356269836 224 219 217
0.045779984444379807 0.02633632719516754 0.1889999955892563 240 235 233
0.04646897315979004 0.02647567167878151 0.1899999976158142 255 252 247
0.04716266319155693 0.026615018025040627 0.19099999964237213 255 253 248
0.04786105453968048 0.026754364371299744 0.19200000166893005 255 254 251
0.04856415092945099 0.02689370885491371 0.19300000369548798 255 254 251
0.049271948635578156 0.02703305520117283 0.1940000057220459 250 235 236
0.04998445138335228 0.027172399684786797 0.19499999284744263 220 205 206
0.05070165544748306 0.027311746031045914 0.19599999487400055 255 221 229
0.051423560827970505 0.02745109237730503 0.19699999690055847 244 210 218
0.05188678577542305 0.02745109237730503 0.19699999690055847 255 221 239
0.05261574685573578 0.027590436860919 0.1979999989271164 255 222 240
0.05334940925240517 0.027729783207178116 0.19900000095367432 255 221 234
0.05381733551621437 0.027729783207178116 0.19900000095367432 255 207 220
0.006358978804200888 0.02734752744436264 0.19300000369548798 255 255 192
0.006777498405426741 0.027205830439925194 0.19200000166893005 254 254 190
0.007191315293312073 0.027064133435487747 0.19099999964237213 255 252 210
0.007640431635081768 0.027064133435487747 0.19099999964237213 234 226 184
0.008047194220125675 0.0269224364310503 0.1899999976158142 252 255 234
0.008449253626167774 0.026780739426612854 0.1889999955892563 255 255 237
0.008893667720258236 0.026780739426612854 0.1889999955892563 254 255 247
0.009288673289120197 0.026639042422175407 0.18799999356269836 254 255 247
0.00967897567898035 0.02649734541773796 0.18700000643730164 254 255 249
0.010118686594069004 0.02649734541773796 0.18700000643730164 254 255 249
0.010558397509157658 0.02649734541773796 0.18700000643730164 254 255 251
0.010939294472336769 0.026355648413300514 0.1860000044107437 254 255 251
0.011376653797924519 0.026355648413300514 0.1860000044107437 254 255 251
0.011814013123512268 0.026355648413300514 0.1860000044107437 254 255 251
0.012251372449100018 0.026355648413300514 0.1860000044107437 254 255 251
0.012688731774687767 0.026355648413300514 0.1860000044107437 254 255 251
0.013126091100275517 0.026355648413300514 0.1860000044107437 254 255 251
0.013490528799593449 0.026213951408863068 0.1850000023841858 254 255 251
0.013925536535680294 0.026213951408863068 0.1850000023841858 254 255 251
0.01436054427176714 0.026213951408863068 0.1850000023841858 254 255 251
0.01471557654440403 0.02607225440442562 0.18400000035762787 254 255 251
0.015148232690989971 0.02607225440442562 0.18400000035762787 254 255 251
0.015580888837575912 0.02607225440442562 0.18400000035762787 254 255 251
0.01592651568353176 0.025930557399988174 0.18299999833106995 254 255 251
0.0163568202406168 0.025930557399988174 0.18299999833106995 254 255 249
0.016787126660346985 0.025930557399988174 0.18299999833106995 254 255 249
0.017217431217432022 0.025930557399988174 0.18299999833106995 253 255 242
0.017551301047205925 0.025788860395550728 0.18199999630451202 252 254 241
0.017979254946112633 0.025788860395550728 0.18199999630451202 253 255 242
0.01840720698237419 0.025788860395550728 0.18199999630451202 254 255 243
0.018731672316789627 0.02564716339111328 0.1809999942779541 254 255 247
0.019157273694872856 0.02564716339111328 0.1809999942779541 254 255 247
0.019582876935601234 0.02564716339111328 0.1809999942779541 254 255 249
0.020008478313684464 0.02564716339111328 0.1809999942779541 254 255 249
0.020434081554412842 0.02564716339111328 0.1809999942779541 254 255 251
0.02085968293249607 0.02564716339111328 0.1809999942779541 254 255 251
0.021167688071727753 0.025505466386675835 0.18000000715255737 254 255 249
0.021590938791632652 0.025505466386675835 0.18000000715255737 254 255 249
0.022136490792036057 0.02564716339111328 0.1809999942779541 254 255 243
0.022562092170119286 0.02564716339111328 0.1809999942779541 221 223 210
0.022987695410847664 0.02564716339111328 0.1809999942779541 235 238 222
0.023413296788930893 0.02564716339111328 0.1809999942779541 253 255 240
0.02383890002965927 0.02564716339111328 0.1809999942779541 254 255 245
0.0242645014077425 0.02564716339111328 0.1809999942779541 254 255 245
0.02469010464847088 0.02564716339111328 0.1809999942779541 254 255 249
0.025115706026554108 0.02564716339111328 0.1809999942779541 254 255 249
0.025400197133421898 0.025505466386675835 0.18000000715255737 254 255 249
0.025823447853326797 0.025505466386675835 0.18000000715255737 254 255 249
0.026392513886094093 0.02564716339111328 0.1809999942779541 254 255 251
0.026818115264177322 0.02564716339111328 0.1809999942779541 254 255 251
0.0272437185049057 0.02564716339111328 0.1809999942779541 254 255 249
0.02766931988298893 0.02564716339111328 0.1809999942779541 251 252 246
0.028094923123717308 0.02564716339111328 0.1809999942779541 242 240 230
0.028520524501800537 0.02564716339111328 0.1809999942779541 252 250 240
0.028946127742528915 0.02564716339111328 0.1809999942779541 253 255 246
0.029371729120612144 0.02564716339111328 0.1809999942779541 254 255 247
0.029797332361340523 0.02564716339111328 0.1809999942779541 254 255 247
0.03038991242647171 0.025788860395550728 0.18199999630451202 254 255 247
0.030817866325378418 0.025788860395550728 0.18199999630451202 254 255 249
0.031245820224285126 0.025788860395550728 0.18199999630451202 254 255 249
0.031673774123191833 0.025788860395550728 0.18199999630451202 254 255 251
0.03210172802209854 0.025788860395550728 0.18199999630451202 254 255 251
0.03252968192100525 0.025788860395550728 0.18199999630451202 254 255 251
0.03295763581991196 0.025788860395550728 0.18199999630451202 254 255 251
0.033385589718818665 0.025788860395550728 0.18199999630451202 250 252 243
0.033813539892435074 0.025788860395550728 0.18199999630451202 238 240 231
0.03424149379134178 0.025788860395550728 0.18199999630451202 254 255 240
0.03466944769024849 0.025788860395550728 0.18199999630451202 255 255 241
0.0350974015891552 0.025788860395550728 0.18199999630451202 254 255 245
0.035525355488061905 0.025788860395550728 0.18199999630451202 254 255 245
0.03595330938696861 0.025788860395550728 0.18199999630451202 254 255 249
0.03638126328587532 0.025788860395550728 0.18199999630451202 254 255 249
0.03680921718478203 0.025788860395550728 0.18199999630451202 254 255 249
0.03744177147746086 0.025930557399988174 0.18299999833106995 254 255 249
0.0378720760345459 0.025930557399988174 0.18299999833106995 254 255 249
0.038302380591630936 0.025930557399988174 0.18299999833106995 254 255 249
0.038944341242313385 0.02607225440442562 0.18400000035762787 253 254 248
0.03937699645757675 0.02607225440442562 0.18400000035762787 246 247 241
0.04002600908279419 0.026213951408863068 0.1850000023841858 238 239 233
0.040461018681526184 0.026213951408863068 0.1850000023841858 251 252 246
0.04089602455496788 0.026213951408863068 0.1850000023841858 255 255 251
0.041554443538188934 0.026355648413300514 0.1860000044107437 255 255 251
0.04199180379509926 0.026355648413300514 0.1860000044107437 254 255 251
0.04242916405200958 0.026355648413300514 0.1860000044107437 254 255 251
0.04309698939323425 0.02649734541773796 0.18700000643730164 254 255 251
0.043536700308322906 0.02649734541773796 0.18700000643730164 254 255 251
0.04397641122341156 0.02649734541773796 0.18700000643730164 254 255 251
0.04465363919734955 0.026639042422175407 0.18799999356269836 252 253 249
0.04509570077061653 0.026639042422175407 0.18799999356269836 227 219 216
0.045779984444379807 0.026780739426612854 0.1889999955892563 241 233 230
0.04646897315979004 0.0269224364310503 0.1899999976158142 255 251 248
0.04716266319155693 0.027064133435487747 0.19099999964237213 255 251 248
0.04786105453968048 0.027205830439925194 0.19200000166893005 255 254 251
0.04856415092945099 0.02734752744436264 0.19300000369548798 255 254 251
0.049271948635578156 0.027489224448800087 0.1940000057220459 255 241 241
0.04998445138335228 0.027630923315882683 0.19499999284744263 218 201 201
0.05070165544748306 0.02777262032032013 0.19599999487400055 232 188 199
0.051423560827970505 0.027914317324757576 0.19699999690055847 236 192 203
0.05188678577542305 0.027914317324757576 0.19699999690055847 255 218 232
0.05261574685573578 0.028056014329195023 0.1979999989271164 255 209 223
0.05334940925240517 0.02819771133363247 0.19900000095367432 255 205 217
0.05381733551621437 0.02819771133363247 0.19900000095367432 255 198 210
0.006358978804200888 0.02780134789645672 0.19300000369548798 255 254 188
0.006777498405426741 0.027657298371195793 0.19200000166893005 255 255 193
0.007191315293312073 0.027513250708580017 0.19099999964237213 255 243 193
0.008047194220125675 0.027369201183319092 0.1899999976158142 236 232 205
0.008449253626167774 0.027225153520703316 0.1889999955892563 255 255 229
0.008893667720258236 0.027225153520703316 0.1889999955892563 254 255 243
0.009288673289120197 0.02708110585808754 0.18799999356269836 254 255 243
0.00973073486238718 0.02708110585808754 0.18799999356269836 254 255 249
0.010118686594069004 0.026937056332826614 0.18700000643730164 254 255 249
0.010558397509157658 0.026937056332826614 0.18700000643730164 254 255 249
0.010939294472336769 0.02679300867021084 0.1860000044107437 254 255 249
0.011376653797924519 0.02679300867021084 0.1860000044107437 254 255 251
0.011814013123512268 0.02679300867021084 0.1860000044107437 254 255 251
0.012251372449100018 0.02679300867021084 0.1860000044107437 254 255 249
0.012688731774687767 0.02679300867021084 0.1860000044107437 254 255 249
0.013126091100275517 0.02679300867021084 0.1860000044107437 254 255 249
0.013490528799593449 0.026648959144949913 0.1850000023841858 254 255 249
0.013925536535680294 0.026648959144949913 0.1850000023841858 254 255 249
0.01436054427176714 0.026648959144949913 0.1850000023841858 254 255 249
0.01471557654440403 0.026504911482334137 0.18400000035762787 254 255 249
0.015148232690989971 0.026504911482334137 0.18400000035762787 254 255 249
0.015580888837575912 0.026504911482334137 0.18400000035762787 254 255 249
0.01592651568353176 0.02636086381971836 0.18299999833106995 254 255 249
0.0163568202406168 0.02636086381971836 0.18299999833106995 254 255 249
0.016787126660346985 0.02636086381971836 0.18299999833106995 253 254 248
0.017217431217432022 0.02636086381971836 0.18299999833106995 255 254 237
0.017551301047205925 0.026216814294457436 0.18199999630451202 220 219 202
0.017979254946112633 0.026216814294457436 0.18199999630451202 249 252 236
0.01840720698237419 0.026216814294457436 0.18199999630451202 253 255 240
0.0188351608812809 0.026216814294457436 0.18199999630451202 254 255 247
0.019157273694872856 0.02607276663184166 0.1809999942779541 254 255 247
0.019582876935601234 0.02607276663184166 0.1809999942779541 254 255 249
0.020008478313684464 0.02607276663184166 0.1809999942779541 254 255 249
0.020434081554412842 0.02607276663184166 0.1809999942779541 254 255 249
0.02085968293249607 0.02607276663184166 0.1809999942779541 254 255 249
0.02128528617322445 0.02607276663184166 0.1809999942779541 254 255 247
0.021710887551307678 0.02607276663184166 0.1809999942779541 254 255 247
0.022136490792036057 0.02607276663184166 0.1809999942779541 255 255 236
0.022562092170119286 0.02607276663184166 0.1809999942779541 211 211 191
0.022987695410847664 0.02607276663184166 0.1809999942779541 202 195 174
0.023413296788930893 0.02607276663184166 0.1809999942779541 255 254 233
0.02383890002965927 0.02607276663184166 0.1809999942779541 254 255 239
0.0242645014077425 0.02607276663184166 0.1809999942779541 254 255 239
0.02469010464847088 0.02607276663184166 0.1809999942779541 254 255 245
0.025115706026554108 0.02607276663184166 0.1809999942779541 254 255 245
0.025541309267282486 0.02607276663184166 0.1809999942779541 254 255 247
0.025966910645365715 0.02607276663184166 0.1809999942779541 254 255 247
0.026392513886094093 0.02607276663184166 0.1809999942779541 254 255 247
0.026818115264177322 0.02607276663184166 0.1809999942779541 254 255 247
0.0272437185049057 0.02607276663184166 0.1809999942779541 255 253 243
0.02766931988298893 0.02607276663184166 0.1809999942779541 228 226 216
0.028094923123717308 0.02607276663184166 0.1809999942779541 214 199 187
0.028520524501800537 0.02607276663184166 0.1809999942779541 242 227 215
0.028946127742528915 0.02607276663184166 0.1809999942779541 255 254 239
0.029371729120612144 0.02607276663184166 0.1809999942779541 255 254 239
0.029797332361340523 0.02607276663184166 0.1809999942779541 254 255 245
0.03038991242647171 0.026216814294457436 0.18199999630451202 254 255 245
0.030817866325378418 0.026216814294457436 0.18199999630451202 254 255 247
0.031245820224285126 0.026216814294457436 0.18199999630451202 254 255 247
0.031673774123191833 0.026216814294457436 0.18199999630451202 254 255 249
0.03210172802209854 0.026216814294457436 0.18199999630451202 254 255 249
0.03252968192100525 0.026216814294457436 0.18199999630451202 254 255 247
0.03295763581991196 0.026216814294457436 0.18199999630451202 252 254 245
0.033385589718818665 0.026216814294457436 0.18199999630451202 224 223 206
0.033813539892435074 0.026216814294457436 0.18199999630451202 241 240 223
0.03424149379134178 0.026216814294457436 0.18199999630451202 255 254 227
0.03466944769024849 0.026216814294457436 0.18199999630451202 255 255 228
0.0350974015891552 0.026216814294457436 0.18199999630451202 254 255 241
0.035525355488061905 0.026216814294457436 0.18199999630451202 254 255 241
0.03595330938696861 0.026216814294457436 0.18199999630451202 254 255 247
0.03638126328587532 0.026216814294457436 0.18199999630451202 254 255 247
0.03680921718478203 0.026216814294457436 0.18199999630451202 254 255 249
0.037237171083688736 0.026216814294457436 0.18199999630451202 254 255 249
0.0378720760345459 0.02636086381971836 0.18299999833106995 254 255 247
0.038302380591630936 0.02636086381971836 0.18299999833106995 254 255 247
0.038944341242313385 0.026504911482334137 0.18400000035762787 253 255 244
0.03937699645757675 0.026504911482334137 0.18400000035762787 249 251 240
0.03980965539813042 0.026504911482334137 0.18400000035762787 243 241 231
0.040461018681526184 0.026648959144949913 0.1850000023841858 246 244 234
0.04089602455496788 0.026648959144949913 0.1850000023841858 255 253 248
0.041554443538188934 0.02679300867021084 0.1860000044107437 255 254 249
0.04199180379509926 0.02679300867021084 0.1860000044107437 254 255 249
0.04242916405200958 0.02679300867021084 0.1860000044107437 254 255 249
0.04286652430891991 0.02679300867021084 0.1860000044107437 254 255 251
0.04330388084053993 0.02679300867021084 0.1860000044107437 254 255 251
0.04397641122341156 0.026937056332826614 0.18700000643730164 255 254 249
0.044416118413209915 0.026937056332826614 0.18700000643730164 250 247 242
0.04509570077061653 0.02708110585808754 0.18799999356269836 227 212 211
0.045779984444379807 0.027225153520703316 0.1889999955892563 227 212 211
0.04622440040111542 0.027225153520703316 0.1889999955892563 255 241 242
0.04716266319155693 0.027513250708580017 0.19099999964237213 255 245 246
0.04786105453968048 0.027657298371195793 0.19200000166893005 255 250 250
0.04856415092945099 0.02780134789645672 0.19300000369548798 255 251 251
0.049271948635578156 0.027945395559072495 0.1940000057220459 255 233 238
0.04998445138335228 0.02808944508433342 0.19499999284744263 230 198 203
0.05070165544748306 0.028233492746949196 0.19599999487400055 238 183 191
0.05116252601146698 0.028233492746949196 0.19599999487400055 241 186 194
0.05188678577542305 0.028377540409564972 0.19699999690055847 255 193 200
0.05261574685573578 0.028521589934825897 0.1979999989271164 254 188 195
0.05381733551621437 0.028665637597441673 0.19900000095367432 255 188 196
0.008047194220125675 0.027815967798233032 0.1899999976158142 228 202 171
0.008449253626167774 0.027669567614793777 0.1889999955892563 255 249 218
0.008893667720258236 0.027669567614793777 0.1889999955892563 255 255 239
0.009288673289120197 0.027523167431354523 0.18799999356269836 255 255 239
0.00967897567898035 0.027376767247915268 0.18700000643730164 255 255 243
0.010118686594069004 0.027376767247915268 0.18700000643730164 255 255 243
0.01050193514674902 0.027230367064476013 0.1860000044107437 254 255 245
0.010939294472336769 0.027230367064476013 0.1860000044107437 254 255 245
0.011376653797924519 0.027230367064476013 0.1860000044107437 254 255 243
0.011814013123512268 0.027230367064476013 0.1860000044107437 254 255 243
0.012251372449100018 0.027230367064476013 0.1860000044107437 255 255 236
0.012688731774687767 0.027230367064476013 0.1860000044107437 255 255 235
0.013055521063506603 0.027083968743681908 0.1850000023841858 250 252 234
0.013490528799593449 0.027083968743681908 0.1850000023841858 255 255 239
0.013925536535680294 0.027083968743681908 0.1850000023841858 254 255 243
0.01436054427176714 0.027083968743681908 0.1850000023841858 254 255 243
0.01471557654440403 0.026937568560242653 0.18400000035762787 252 255 245
0.015148232690989971 0.026937568560242653 0.18400000035762787 252 255 245
0.015580888837575912 0.026937568560242653 0.18400000035762787 250 255 245
0.01592651568353176 0.026791168376803398 0.18299999833106995 250 255 245
0.0163568202406168 0.026791168376803398 0.18299999833106995 254 255 241
0.016787126660346985 0.026791168376803398 0.18299999833106995 254 255 241
0.017217431217432022 0.026791168376803398 0.18299999833106995 255 250 226
0.017551301047205925 0.026644768193364143 0.18199999630451202 203 197 173
0.017979254946112633 0.026644768193364143 0.18199999630451202 252 251 234
0.01840720698237419 0.026644768193364143 0.18199999630451202 255 255 239
0.0188351608812809 0.026644768193364143 0.18199999630451202 254 255 243
0.019157273694872856 0.02649836800992489 0.1809999942779541 254 255 243
0.019582876935601234 0.02649836800992489 0.1809999942779541 250 255 245
0.020008478313684464 0.02649836800992489 0.1809999942779541 250 255 245
0.020434081554412842 0.02649836800992489 0.1809999942779541 252 255 245
0.02085968293249607 0.02649836800992489 0.1809999942779541 252 255 245
0.02128528617322445 0.02649836800992489 0.1809999942779541 254 255 237
0.021710887551307678 0.02649836800992489 0.1809999942779541 254 255 237
0.022136490792036057 0.02649836800992489 0.1809999942779541 255 251 225
0.022562092170119286 0.02649836800992489 0.1809999942779541 211 196 170
0.022987695410847664 0.02649836800992489 0.1809999942779541 192 173 144
0.023413296788930893 0.02649836800992489 0.1809999942779541 255 252 223
0.02383890002965927 0.02649836800992489 0.1809999942779541 255 255 232
0.0242645014077425 0.02649836800992489 0.1809999942779541 255 255 233
0.02469010464847088 0.02649836800992489 0.1809999942779541 254 255 239
0.025115706026554108 0.02649836800992489 0.1809999942779541 254 255 239
0.025541309267282486 0.02649836800992489 0.1809999942779541 254 255 241
0.025966910645365715 0.02649836800992489 0.1809999942779541 254 255 241
0.026392513886094093 0.02649836800992489 0.1809999942779541 255 255 241
0.026818115264177322 0.02649836800992489 0.1809999942779541 255 255 241
0.0272437185049057 0.02649836800992489 0.1809999942779541 255 253 237
0.02766931988298893 0.02649836800992489 0.1809999942779541 234 222 206
0.028094923123717308 0.02649836800992489 0.1809999942779541 194 159 144
0.028520524501800537 0.02649836800992489 0.1809999942779541 221 186 171
0.028946127742528915 0.02649836800992489 0.1809999942779541 255 244 216
0.029371729120612144 0.02649836800992489 0.1809999942779541 255 253 225
0.029797332361340523 0.02649836800992489 0.1809999942779541 255 255 235
0.03038991242647171 0.026644768193364143 0.18199999630451202 255 255 235
0.030817866325378418 0.026644768193364143 0.18199999630451202 254 255 241
0.031245820224285126 0.026644768193364143 0.18199999630451202 254 255 241
0.031673774123191833 0.026644768193364143 0.18199999630451202 254 255 243
0.03210172802209854 0.026644768193364143 0.18199999630451202 253 255 242
0.03252968192100525 0.026644768193364143 0.18199999630451202 255 255 239
0.03295763581991196 0.026644768193364143 0.18199999630451202 255 255 239
0.033385589718818665 0.026644768193364143 0.18199999630451202 208 197 174
0.033813539892435074 0.026644768193364143 0.18199999630451202 217 206 183
0.03424149379134178 0.026644768193364143 0.18199999630451202 255 246 212
0.03466944769024849 0.026644768193364143 0.18199999630451202 255 252 218
0.0350974015891552 0.026644768193364143 0.18199999630451202 255 255 230
0.035525355488061905 0.026644768193364143 0.18199999630451202 255 255 231
0.03595330938696861 0.026644768193364143 0.18199999630451202 255 255 243
0.03638126328587532 0.026644768193364143 0.18199999630451202 255 255 243
0.03680921718478203 0.026644768193364143 0.18199999630451202 255 255 245
0.037237171083688736 0.026644768193364143 0.18199999630451202 255 255 245
0.0378720760345459 0.026791168376803398 0.18299999833106995 255 255 247
0.038302380591630936 0.026791168376803398 0.18299999833106995 252 253 244
0.03873268514871597 0.026791168376803398 0.18299999833106995 239 235 224
0.03937699645757675 0.026937568560242653 0.18400000035762787 239 235 224
0.03980965539813042 0.026937568560242653 0.18400000035762787 246 236 222
0.040461018681526184 0.027083968743681908 0.1850000023841858 247 237 223
0.04089602455496788 0.027083968743681908 0.1850000023841858 246 237 228
0.041331034153699875 0.027083968743681908 0.1850000023841858 255 250 241
0.04199180379509926 0.027230367064476013 0.1860000044107437 255 254 247
0.04242916405200958 0.027230367064476013 0.1860000044107437 255 254 247
0.04286652430891991 0.027230367064476013 0.1860000044107437 255 253 249
0.04330388084053993 0.027230367064476013 0.1860000044107437 255 253 249
0.04397641122341156 0.027376767247915268 0.18700000643730164 255 250 249
0.044416118413209915 0.027376767247915268 0.18700000643730164 255 246 245
0.04509570077061653 0.027523167431354523 0.18799999356269836 238 205 208
0.045779984444379807 0.027669567614793777 0.1889999955892563 227 194 197
0.04622440040111542 0.027669567614793777 0.1889999955892563 255 215 221
0.04716266319155693 0.027962366119027138 0.19099999964237213 255 224 230
0.04786105453968048 0.028108766302466393 0.19200000166893005 255 239 242
0.04856415092945099 0.028255166485905647 0.19300000369548798 255 240 243
0.04901796951889992 0.028255166485905647 0.19300000369548798 255 223 229
0.049728117883205414 0.028401566669344902 0.1940000057220459 254 199 205
0.05261574685573578 0.028987165540456772 0.1979999989271164 255 189 191
0.05308132246136665 0.028987165540456772 0.1979999989271164 255 192 197
0.05381733551621437 0.029133565723896027 0.19900000095367432 255 186 191
0.008449253626167774 0.02811397984623909 0.1889999955892563 255 238 203
0.008893667720258236 0.02811397984623909 0.1889999955892563 255 250 223
0.009288673289120197 0.027965229004621506 0.18799999356269836 255 249 222
0.00967897567898035 0.02781647816300392 0.18700000643730164 255 250 231
0.010118686594069004 0.02781647816300392 0.18700000643730164 255 251 232
0.01050193514674902 0.027667727321386337 0.1860000044107437 255 252 233
0.010939294472336769 0.027667727321386337 0.1860000044107437 255 252 233
0.011376653797924519 0.027667727321386337 0.1860000044107437 255 253 225
0.011814013123512268 0.027667727321386337 0.1860000044107437 255 253 225
0.012251372449100018 0.027667727321386337 0.1860000044107437 255 248 217
0.012620512396097183 0.027518976479768753 0.1850000023841858 255 229 198
0.013055521063506603 0.027518976479768753 0.1850000023841858 248 227 194
0.013490528799593449 0.027518976479768753 0.1850000023841858 255 251 218
0.013925536535680294 0.027518976479768753 0.1850000023841858 255 255 227
0.01436054427176714 0.027518976479768753 0.1850000023841858 255 255 227
0.01471557654440403 0.02737022377550602 0.18400000035762787 255 255 231
0.015148232690989971 0.02737022377550602 0.18400000035762787 255 255 231
0.015580888837575912 0.02737022377550602 0.18400000035762787 255 255 231
0.01592651568353176 0.027221472933888435 0.18299999833106995 255 255 231
0.0163568202406168 0.027221472933888435 0.18299999833106995 255 254 227
0.016787126660346985 0.027221472933888435 0.18299999833106995 255 254 227
0.017217431217432022 0.027221472933888435 0.18299999833106995 255 231 199
0.01764773577451706 0.027221472933888435 0.18299999833106995 206 176 144
0.018078040331602097 0.027221472933888435 0.18299999833106995 226 203 173
0.01840720698237419 0.02707272209227085 0.18199999630451202 255 244 214
0.0188351608812809 0.02707272209227085 0.18199999630451202 255 255 231
0.019263114780187607 0.02707272209227085 0.18199999630451202 255 255 231
0.019582876935601234 0.026923971250653267 0.1809999942779541 255 255 231
0.020008478313684464 0.026923971250653267 0.1809999942779541 255 255 231
0.020434081554412842 0.026923971250653267 0.1809999942779541 255 255 231
0.02085968293249607 0.026923971250653267 0.1809999942779541 255 255 231
0.02128528617322445 0.026923971250653267 0.1809999942779541 255 252 225
0.021710887551307678 0.026923971250653267 0.1809999942779541 255 251 224
0.022136490792036057 0.026923971250653267 0.1809999942779541 255 228 200
0.023413296788930893 0.026923971250653267 0.1809999942779541 255 243 215
0.02383890002965927 0.026923971250653267 0.1809999942779541 255 252 220
0.0242645014077425 0.026923971250653267 0.1809999942779541 255 253 221
0.02469010464847088 0.026923971250653267 0.1809999942779541 255 255 225
0.025115706026554108 0.026923971250653267 0.1809999942779541 255 255 225
0.025541309267282486 0.026923971250653267 0.1809999942779541 255 254 227
0.025966910645365715 0.026923971250653267 0.1809999942779541 255 254 227
0.026392513886094093 0.026923971250653267 0.1809999942779541 255 251 226
0.026818115264177322 0.026923971250653267 0.1809999942779541 255 252 227
0.0272437185049057 0.026923971250653267 0.1809999942779541 255 241 222
0.02766931988298893 0.026923971250653267 0.1809999942779541 239 198 179
0.028946127742528915 0.026923971250653267 0.1809999942779541 255 223 194
0.029371729120612144 0.026923971250653267 0.1809999942779541 255 244 215
0.029797332361340523 0.026923971250653267 0.1809999942779541 255 252 223
0.030222933739423752 0.026923971250653267 0.1809999942779541 255 252 223
0.03064853698015213 0.026923971250653267 0.1809999942779541 255 253 231
0.03107413835823536 0.026923971250653267 0.1809999942779541 255 253 231
0.031673774123191833 0.02707272209227085 0.18199999630451202 255 252 230
0.03210172802209854 0.02707272209227085 0.18199999630451202 255 251 229
0.03252968192100525 0.02707272209227085 0.18199999630451202 255 249 229
0.03295763581991196 0.02707272209227085 0.18199999630451202 255 246 226
0.033385589718818665 0.02707272209227085 0.18199999630451202 222 179 154
0.03362775221467018 0.026923971250653267 0.1809999942779541 214 171 146
0.03447895869612694 0.026923971250653267 0.1809999942779541 255 245 211
0.03490455821156502 0.026923971250653267 0.1809999942779541 255 250 217
0.035330161452293396 0.026923971250653267 0.1809999942779541 255 250 217
0.035755764693021774 0.026923971250653267 0.1809999942779541 255 251 229
0.03618136793375015 0.026923971250653267 0.1809999942779541 255 251 229
0.03680921718478203 0.02707272209227085 0.18199999630451202 255 249 234
0.037237171083688736 0.02707272209227085 0.18199999630451202 255 250 235
0.037665124982595444 0.02707272209227085 0.18199999630451202 255 250 235
0.038302380591630936 0.027221472933888435 0.18299999833106995 255 250 235
0.03873268514871597 0.027221472933888435 0.18299999833106995 255 245 233
0.03937699645757675 0.02737022377550602 0.18400000035762787 255 243 231
0.03980965539813042 0.02737022377550602 0.18400000035762787 255 237 222
0.040461018681526184 0.027518976479768753 0.1850000023841858 255 242 227
0.04089602455496788 0.027518976479768753 0.1850000023841858 255 243 235
0.041331034153699875 0.027518976479768753 0.1850000023841858 255 243 235
0.04199180379509926 0.027667727321386337 0.1860000044107437 255 244 241
0.04242916405200958 0.027667727321386337 0.1860000044107437 255 243 240
0.04286652430891991 0.027667727321386337 0.1860000044107437 255 242 245
0.04330388084053993 0.027667727321386337 0.1860000044107437 255 242 245
0.04397641122341156 0.02781647816300392 0.18700000643730164 255 235 245
0.044416118413209915 0.02781647816300392 0.18700000643730164 255 228 238
0.04509570077061653 0.027965229004621506 0.18799999356269836 255 201 216
0.04622440040111542 0.02811397984623909 0.1889999955892563 255 197 211
0.04691573604941368 0.028262732550501823 0.1899999976158142 255 208 222
0.0476117804646492 0.028411483392119408 0.19099999964237213 255 208 219
0.04831252247095108 0.028560234233736992 0.19200000166893005 255 205 216
0.04901796951889992 0.028708985075354576 0.19300000369548798 255 191 201
