0.05259730666875839 0.022952057421207428 0.210999995470047 216 137 151
0.05309344828128815 0.022952057421207428 0.210999995470047 226 147 161
0.0535895936191082 0.022952057421207428 0.210999995470047 204 134 138
0.05408573895692825 0.022952057421207428 0.210999995470047 192 122 126
0.05458188056945801 0.022952057421207428 0.210999995470047 197 121 120
0.05507802590727806 0.022952057421207428 0.210999995470047 203 127 126
0.05607031285762787 0.022952057421207428 0.210999995470047 255 180 185
0.05656645819544792 0.022952057421207428 0.210999995470047 255 187 199
0.057062603533267975 0.022952057421207428 0.210999995470047 255 181 193
0.05013998597860336 0.02300368621945381 0.2070000022649765 255 180 189
0.0506267249584198 0.02300368621945381 0.2070000022649765 255 182 198
0.05111346021294594 0.02300368621945381 0.2070000022649765 255 179 195
0.051849476993083954 0.02311481349170208 0.20800000429153442 232 157 172
0.05259019508957863 0.023225942626595497 0.20900000631809235 227 152 167
0.053081635385751724 0.023225942626595497 0.20900000631809235 201 128 133
0.05357307568192482 0.023225942626595497 0.20900000631809235 200 127 132
0.054064519703388214 0.023225942626595497 0.20900000631809235 205 128 130
0.05455595999956131 0.023225942626595497 0.20900000631809235 233 156 158
0.055047400295734406 0.023225942626595497 0.20900000631809235 255 177 189
0.0555388443171978 0.023225942626595497 0.20900000631809235 255 191 203
0.05629837140440941 0.023337071761488914 0.20999999344348907 255 194 212
0.056792162358760834 0.023337071761488914 0.20999999344348907 255 184 202
0.05728595703840256 0.023337071761488914 0.20999999344348907 255 177 201
0.009063681587576866 0.024284785613417625 0.21400000154972076 255 213 178
0.009611585177481174 0.02439826726913452 0.2150000035762787 255 212 177
0.010258303955197334 0.024738706648349762 0.21799999475479126 255 208 184
0.010968539863824844 0.025192629545927048 0.22200000286102295 251 197 173
0.011956381611526012 0.026213951408863068 0.23100000619888306 232 164 156
0.012499554082751274 0.026213951408863068 0.23100000619888306 200 132 124
0.04750392958521843 0.022923022508621216 0.20200000703334808 255 180 179
0.048216428607702255 0.023036502301692963 0.2029999941587448 255 188 187
0.04893363267183304 0.02314998395740986 0.20399999618530273 241 169 181
0.04941331967711449 0.02314998395740986 0.20399999618530273 243 171 183
0.05013757571578026 0.023263463750481606 0.20499999821186066 247 171 191
0.050619613379240036 0.023263463750481606 0.20499999821186066 243 167 187
0.051350925117731094 0.023376943543553352 0.20600000023841858 223 147 162
0.0518353097140789 0.023376943543553352 0.20600000023841858 210 134 149
0.05257367715239525 0.0234904233366251 0.2070000022649765 201 127 128
0.053060416132211685 0.0234904233366251 0.2070000022649765 203 129 130
0.05354715511202812 0.0234904233366251 0.2070000022649765 198 120 120
0.05403389409184456 0.0234904233366251 0.2070000022649765 198 120 120
0.05652172490954399 0.023717384785413742 0.20900000631809235 255 185 202
0.05701316520571709 0.023717384785413742 0.20900000631809235 255 176 200
0.007017940282821655 0.02467215247452259 0.21299999952316284 255 220 180
0.007518787402659655 0.02467215247452259 0.21299999952316284 255 219 179
0.007869030348956585 0.024208825081586838 0.20900000631809235 255 209 178
0.008894267491996288 0.024324657395482063 0.20999999344348907 255 217 185
0.00943276472389698 0.02444048970937729 0.210999995470047 255 212 180
0.010070078074932098 0.024787984788417816 0.21400000154972076 243 208 180
0.010968539863824844 0.025714637711644173 0.22200000286102295 255 226 198
0.013494421727955341 0.02768377773463726 0.23899999260902405 255 241 235
0.014056405052542686 0.02768377773463726 0.23899999260902405 255 236 230
0.01480188313871622 0.028031272813677788 0.24199999868869781 255 216 208
0.04563210532069206 0.022934677079319954 0.1979999989271164 230 157 153
0.04633049666881561 0.02305050939321518 0.19900000095367432 255 190 186
0.046798426657915115 0.02305050939321518 0.19900000095367432 247 182 184
0.04750387370586395 0.023166339844465256 0.20000000298023224 255 191 193
0.04821402207016945 0.02328217215836048 0.20100000500679016 241 177 188
0.0489288754761219 0.023398004472255707 0.20200000703334808 231 167 178
0.049403853714466095 0.023398004472255707 0.20200000703334808 222 149 168
0.050125762820243835 0.023513834923505783 0.2029999941587448 224 151 170
0.05549410730600357 0.023977162316441536 0.2070000022649765 233 154 170
0.05625128746032715 0.02409299463033676 0.20800000429153442 250 171 187
0.056740377098321915 0.02409299463033676 0.20800000429153442 255 183 204
0.0061193364672362804 0.02363661862909794 0.20000000298023224 255 243 182
0.006589615251868963 0.02363661862909794 0.20000000298023224 255 248 205
0.007869030348956585 0.024700267240405083 0.20900000631809235 250 204 177
0.00836047250777483 0.024700267240405083 0.20900000631809235 250 204 177
0.008894267491996288 0.024818450212478638 0.20999999344348907 249 204 179
0.00943276472389698 0.024936633184552193 0.210999995470047 255 229 204
0.010070078074932098 0.025291182100772858 0.21400000154972076 255 245 222
0.019834037870168686 0.029309408739209175 0.24799999594688416 255 233 233
0.02041718363761902 0.029309408739209175 0.24799999594688416 255 232 232
0.02100032940506935 0.029309408739209175 0.24799999594688416 255 213 203
0.021583475172519684 0.029309408739209175 0.24799999594688416 232 178 168
0.03741596266627312 0.021863872185349464 0.1850000023841858 220 146 154
0.03805556893348694 0.02198205702006817 0.1860000044107437 202 128 136
0.04448218643665314 0.023045703768730164 0.19499999284744263 255 201 192
0.04517117515206337 0.02316388674080372 0.19599999487400055 255 204 199
0.04586486518383026 0.023282069712877274 0.19699999690055847 255 203 198
0.046328090131282806 0.023282069712877274 0.19699999690055847 255 198 196
0.047028832137584686 0.02340025268495083 0.1979999989271164 255 201 199
0.047734279185533524 0.023518435657024384 0.19900000095367432 254 191 197
0.04844443127512932 0.02363661862909794 0.20000000298023224 252 189 195
0.04891470819711685 0.02363661862909794 0.20000000298023224 230 158 170
0.049631912261247635 0.023754803463816643 0.20100000500679016 216 144 156
0.05399386212229729 0.024227535352110863 0.20499999821186066 255 177 189
0.054475899785757065 0.024227535352110863 0.20499999821186066 255 178 190
0.05522602051496506 0.024345718324184418 0.20600000023841858 255 179 195
0.05598084628582001 0.024463901296257973 0.2070000022649765 249 170 186
0.056467585265636444 0.024463901296257973 0.2070000022649765 240 163 185
0.05722946673631668 0.024582084268331528 0.20800000429153442 252 175 197
0.005564321763813496 0.02374529466032982 0.19699999690055847 255 244 182
0.006027546711266041 0.02374529466032982 0.19699999690055847 255 251 189
0.006490771193057299 0.02374529466032982 0.19699999690055847 255 253 209
0.0069539956748485565 0.02374529466032982 0.19699999690055847 255 247 203
0.007417220156639814 0.02374529466032982 0.19699999690055847 234 205 180
0.00776043813675642 0.023383691906929016 0.1940000057220459 230 201 176
0.00817425549030304 0.023263156414031982 0.19300000369548798 233 204 183
0.008628074079751968 0.023263156414031982 0.19300000369548798 255 236 215
0.00973073486238718 0.02266048453748226 0.18799999356269836 255 255 245
0.010172797366976738 0.02266048453748226 0.18799999356269836 255 255 245
0.010998107492923737 0.022539949044585228 0.18700000643730164 255 255 247
0.01143781840801239 0.022539949044585228 0.18700000643730164 255 255 243
0.011877529323101044 0.022539949044585228 0.18700000643730164 255 255 243
0.013563450425863266 0.022419415414333344 0.1860000044107437 255 239 236
0.013925536535680294 0.02229888178408146 0.1850000023841858 255 248 245
0.01436054427176714 0.02229888178408146 0.1850000023841858 255 248 245
0.03141750022768974 0.02205781266093254 0.18299999833106995 255 242 220
0.03184780478477478 0.02205781266093254 0.18299999833106995 255 236 220
0.03227810934185982 0.02205781266093254 0.18299999833106995 255 227 211
0.032708413898944855 0.02205781266093254 0.18299999833106995 255 200 190
0.03313871845602989 0.02205781266093254 0.18299999833106995 177 114 104
0.03634840250015259 0.022178346291184425 0.18400000035762787 255 211 198
0.03698095679283142 0.02229888178408146 0.1850000023841858 255 238 225
0.03741596266627312 0.02229888178408146 0.1850000023841858 255 246 241
0.03785097226500511 0.02229888178408146 0.1850000023841858 255 244 239
0.03849292919039726 0.022419415414333344 0.1860000044107437 255 225 223
0.03893028944730759 0.022419415414333344 0.1860000044107437 234 181 179
0.04402366653084755 0.0235042255371809 0.19499999284744263 255 203 188
0.04425407573580742 0.023383691906929016 0.1940000057220459 255 210 195
0.04471024498343468 0.023383691906929016 0.1940000057220459 255 207 198
0.04539922997355461 0.0235042255371809 0.19499999284744263 255 209 200
0.0458577536046505 0.0235042255371809 0.19499999284744263 255 208 199
0.04655379429459572 0.023624761030077934 0.19599999487400055 252 193 184
0.0472545400261879 0.02374529466032982 0.19699999690055847 245 185 181
0.04771776124835014 0.02374529466032982 0.19699999690055847 244 184 180
0.04842556267976761 0.023865830153226852 0.1979999989271164 251 189 188
0.049138061702251434 0.023986363783478737 0.19900000095367432 224 162 161
0.04985526576638222 0.02410689741373062 0.20000000298023224 203 133 137
0.05032554641366005 0.02410689741373062 0.20000000298023224 211 141 145
0.05104980245232582 0.024227432906627655 0.20100000500679016 232 158 163
0.05177876353263855 0.02434796653687954 0.20200000703334808 253 179 184
0.05251242592930794 0.024468502029776573 0.2029999941587448 247 178 189
0.05298975855112076 0.024468502029776573 0.2029999941587448 241 172 183
0.05373047664761543 0.024589035660028458 0.20399999618530273 241 166 181
0.05421016365289688 0.024589035660028458 0.20399999618530273 247 172 187
0.054957933723926544 0.02470957115292549 0.20499999821186066 255 179 196
0.055710408836603165 0.024830104783177376 0.20600000023841858 253 177 194
0.005536076612770557 0.024085633456707 0.19599999487400055 255 252 188
0.0059969499707221985 0.024085633456707 0.19599999487400055 255 252 188
0.006424874998629093 0.023962747305631638 0.19499999284744263 255 255 213
0.00688339676707983 0.023962747305631638 0.19499999284744263 255 255 214
0.007304267957806587 0.023839861154556274 0.1940000057220459 255 248 224
0.007680433802306652 0.023594090715050697 0.19200000166893005 226 213 189
0.008089547976851463 0.023471204563975334 0.19099999964237213 226 214 196
0.008493958972394466 0.02334831841289997 0.1899999976158142 255 248 230
0.008940723724663258 0.02334831841289997 0.1899999976158142 255 255 245
0.009338080883026123 0.023225432261824608 0.1889999955892563 255 255 245
0.00973073486238718 0.023102546110749245 0.18799999356269836 254 255 249
0.010172797366976738 0.023102546110749245 0.18799999356269836 254 255 249
0.010558397509157658 0.02297965995967388 0.18700000643730164 254 255 249
0.010998107492923737 0.02297965995967388 0.18700000643730164 254 255 249
0.01143781840801239 0.02297965995967388 0.18700000643730164 254 255 249
0.011877529323101044 0.02297965995967388 0.18700000643730164 254 255 249
0.013563450425863266 0.02285677380859852 0.1860000044107437 255 252 249
0.013925536535680294 0.022733889520168304 0.1850000023841858 255 253 249
0.01436054427176714 0.022733889520168304 0.1850000023841858 255 253 249
0.01471557654440403 0.02261100336909294 0.18400000035762787 255 254 249
0.015148232690989971 0.02261100336909294 0.18400000035762787 255 254 249
0.01549621019512415 0.022488117218017578 0.18299999833106995 255 254 249
0.01592651568353176 0.022488117218017578 0.18299999833106995 255 254 249
0.0163568202406168 0.022488117218017578 0.18299999833106995 255 254 245
0.01830606907606125 0.022242344915866852 0.1809999942779541 255 244 225
0.018731672316789627 0.022242344915866852 0.1809999942779541 255 248 218
0.019157273694872856 0.022242344915866852 0.1809999942779541 255 248 218
0.019474683329463005 0.02211945876479149 0.18000000715255737 255 249 216
0.019897934049367905 0.02211945876479149 0.18000000715255737 255 249 216
0.020321184769272804 0.02211945876479149 0.18000000715255737 255 249 213
0.020744435489177704 0.02211945876479149 0.18000000715255737 255 246 210
0.021167688071727753 0.02211945876479149 0.18000000715255737 255 241 214
0.021590938791632652 0.02211945876479149 0.18000000715255737 255 229 202
0.025400197133421898 0.02211945876479149 0.18000000715255737 167 105 106
0.025823447853326797 0.02211945876479149 0.18000000715255737 162 100 101
0.026246698573231697 0.02211945876479149 0.18000000715255737 160 98 97
0.026818115264177322 0.022242344915866852 0.1809999942779541 153 91 90
0.02926597371697426 0.022488117218017578 0.18299999833106995 255 252 231
0.029696280136704445 0.022488117218017578 0.18299999833106995 255 252 231
0.030126584693789482 0.022488117218017578 0.18299999833106995 255 253 239
0.03055688925087452 0.022488117218017578 0.18299999833106995 255 252 238
0.030987193807959557 0.022488117218017578 0.18299999833106995 255 252 240
0.03141750022768974 0.022488117218017578 0.18299999833106995 255 252 240
0.03184780478477478 0.022488117218017578 0.18299999833106995 255 251 239
0.03227810934185982 0.022488117218017578 0.18299999833106995 255 253 241
0.032708413898944855 0.022488117218017578 0.18299999833106995 255 247 233
0.03313871845602989 0.022488117218017578 0.18299999833106995 254 225 211
0.035483088344335556 0.02261100336909294 0.18400000035762787 243 190 175
0.03591574355959892 0.02261100336909294 0.18400000035762787 255 237 222
0.03634840250015259 0.02261100336909294 0.18400000035762787 255 251 238
0.036781057715415955 0.02261100336909294 0.18400000035762787 255 252 239
0.03721371293067932 0.02261100336909294 0.18400000035762787 255 253 245
0.03785097226500511 0.022733889520168304 0.1850000023841858 255 253 245
0.03828597813844681 0.022733889520168304 0.1850000023841858 255 249 241
0.03893028944730759 0.02285677380859852 0.1860000044107437 255 242 234
0.03936764970421791 0.02285677380859852 0.1860000044107437 254 180 183
0.04001901298761368 0.02297965995967388 0.18700000643730164 153 79 82
0.0431206151843071 0.023471204563975334 0.19099999964237213 255 215 194
0.043797846883535385 0.023594090715050697 0.19200000166893005 255 216 195
0.044249314814805984 0.023594090715050697 0.19200000166893005 253 211 199
0.04539922997355461 0.023962747305631638 0.19499999284744263 239 197 185
0.045622583478689194 0.023839861154556274 0.1940000057220459 232 183 171
0.04607875645160675 0.023839861154556274 0.1940000057220459 224 175 163
0.04677479714155197 0.023962747305631638 0.19499999284744263 238 188 181
0.04723331704735756 0.023962747305631638 0.19499999284744263 254 204 197
0.04793641343712807 0.024085633456707 0.19599999487400055 255 213 207
0.048644211143255234 0.024208519607782364 0.19699999690055847 253 205 199
0.04935671389102936 0.024331405758857727 0.1979999989271164 221 166 165
0.05007391795516014 0.02445429190993309 0.19900000095367432 255 201 200
0.05079582333564758 0.024577176198363304 0.20000000298023224 255 219 224
0.051266103982925415 0.024577176198363304 0.20000000298023224 255 225 230
0.051995061337947845 0.024700062349438667 0.20100000500679016 255 229 240
0.05272872745990753 0.02482294850051403 0.20200000703334808 255 221 232
0.05320370942354202 0.02482294850051403 0.20200000703334808 255 191 216
0.0539444275200367 0.024945834651589394 0.2029999941587448 245 176 201
0.05468984693288803 0.025068720802664757 0.20399999618530273 253 176 198
0.05543997138738632 0.02519160695374012 0.20499999821186066 255 179 201
0.005507831461727619 0.024421269074082375 0.19499999284744263 255 255 189
0.005966353230178356 0.024421269074082375 0.19499999284744263 255 255 190
0.006391926668584347 0.024296032264828682 0.1940000057220459 255 255 220
0.006848097313195467 0.024296032264828682 0.1940000057220459 255 255 221
0.00726661691442132 0.02417079545557499 0.19300000369548798 255 255 235
0.007640431635081768 0.023920319974422455 0.19099999964237213 251 249 228
0.008089547976851463 0.023920319974422455 0.19099999964237213 246 243 229
0.008493958972394466 0.023795083165168762 0.1899999976158142 255 255 241
0.008893667720258236 0.02366984635591507 0.1889999955892563 255 255 247
0.009338080883026123 0.02366984635591507 0.1889999955892563 255 255 247
0.00973073486238718 0.023544607684016228 0.18799999356269836 254 255 249
0.010172797366976738 0.023544607684016228 0.18799999356269836 254 255 249
0.010558397509157658 0.023419370874762535 0.18700000643730164 254 255 251
0.010998107492923737 0.023419370874762535 0.18700000643730164 254 255 251
0.01143781840801239 0.023419370874762535 0.18700000643730164 254 255 251
0.011877529323101044 0.023419370874762535 0.18700000643730164 254 255 251
0.012317240238189697 0.023419370874762535 0.18700000643730164 254 255 251
0.01275695115327835 0.023419370874762535 0.18700000643730164 254 255 251
0.013126091100275517 0.023294134065508842 0.1860000044107437 254 255 251
0.013563450425863266 0.023294134065508842 0.1860000044107437 254 255 251
0.014000809751451015 0.023294134065508842 0.1860000044107437 254 255 251
0.01436054427176714 0.02316889725625515 0.1850000023841858 254 255 251
0.01471557654440403 0.023043658584356308 0.18400000035762787 254 255 251
0.015148232690989971 0.023043658584356308 0.18400000035762787 254 255 251
0.01549621019512415 0.022918421775102615 0.18299999833106995 254 255 251
0.01592651568353176 0.022918421775102615 0.18299999833106995 254 255 251
0.0162674393504858 0.022793184965848923 0.18199999630451202 254 255 249
0.01669539324939251 0.022793184965848923 0.18199999630451202 254 255 249
0.01788046769797802 0.02266794815659523 0.1809999942779541 255 254 240
0.01830606907606125 0.02266794815659523 0.1809999942779541 255 255 241
0.018731672316789627 0.02266794815659523 0.1809999942779541 255 255 239
0.019157273694872856 0.02266794815659523 0.1809999942779541 255 255 239
0.019474683329463005 0.022542709484696388 0.18000000715255737 255 255 239
0.019897934049367905 0.022542709484696388 0.18000000715255737 255 255 239
0.020321184769272804 0.022542709484696388 0.18000000715255737 255 255 239
0.020744435489177704 0.022542709484696388 0.18000000715255737 255 255 239
0.021167688071727753 0.022542709484696388 0.18000000715255737 255 255 235
0.021590938791632652 0.022542709484696388 0.18000000715255737 255 255 235
0.022014189511537552 0.022542709484696388 0.18000000715255737 255 240 223
0.02243744023144245 0.022542709484696388 0.18000000715255737 211 163 146
0.02328394167125225 0.022542709484696388 0.18000000715255737 255 217 200
0.02370719239115715 0.022542709484696388 0.18000000715255737 255 239 215
0.02413044311106205 0.022542709484696388 0.18000000715255737 255 244 220
0.02455369383096695 0.022542709484696388 0.18000000715255737 255 249 232
0.024976946413517 0.022542709484696388 0.18000000715255737 255 250 233
0.025400197133421898 0.022542709484696388 0.18000000715255737 255 250 241
0.025823447853326797 0.022542709484696388 0.18000000715255737 255 250 241
0.026246698573231697 0.022542709484696388 0.18000000715255737 255 248 238
0.026818115264177322 0.02266794815659523 0.1809999942779541 255 239 229
0.0272437185049057 0.02266794815659523 0.1809999942779541 251 221 205
0.02766931988298893 0.02266794815659523 0.1809999942779541 236 206 190
0.02867809683084488 0.022793184965848923 0.18199999630451202 255 251 231
0.029106050729751587 0.022793184965848923 0.18199999630451202 255 255 241
0.029534004628658295 0.022793184965848923 0.18199999630451202 255 255 241
0.030126584693789482 0.022918421775102615 0.18299999833106995 255 255 247
0.03055688925087452 0.022918421775102615 0.18299999833106995 255 255 247
0.030987193807959557 0.022918421775102615 0.18299999833106995 255 255 247
0.03141750022768974 0.022918421775102615 0.18299999833106995 255 255 247
0.03184780478477478 0.022918421775102615 0.18299999833106995 255 255 245
0.03227810934185982 0.022918421775102615 0.18299999833106995 255 255 245
0.032708413898944855 0.022918421775102615 0.18299999833106995 255 255 231
0.03313871845602989 0.022918421775102615 0.18299999833106995 255 255 231
0.033385589718818665 0.022793184965848923 0.18199999630451202 241 198 173
0.033813539892435074 0.022793184965848923 0.18199999630451202 140 97 72
0.03529024496674538 0.022918421775102615 0.18299999833106995 255 249 232
0.035720549523830414 0.022918421775102615 0.18299999833106995 255 250 233
0.03615085408091545 0.022918421775102615 0.18299999833106995 255 254 244
0.036781057715415955 0.023043658584356308 0.18400000035762787 255 255 245
0.03721371293067932 0.023043658584356308 0.18400000035762787 255 254 249
0.03785097226500511 0.02316889725625515 0.1850000023841858 255 254 249
0.03828597813844681 0.02316889725625515 0.1850000023841858 255 254 243
0.03893028944730759 0.023294134065508842 0.1860000044107437 255 254 243
0.03936764970421791 0.023294134065508842 0.1860000044107437 255 226 218
0.04001901298761368 0.023419370874762535 0.18700000643730164 206 165 157
0.041335850954055786 0.02366984635591507 0.1889999955892563 255 197 182
0.0417802631855011 0.02366984635591507 0.1889999955892563 254 208 181
0.04222467914223671 0.02366984635591507 0.1889999955892563 255 241 214
0.04289485514163971 0.023795083165168762 0.1899999976158142 255 252 229
0.04356973245739937 0.023920319974422455 0.19099999964237213 255 252 229
0.04401884973049164 0.023920319974422455 0.19099999964237213 255 249 236
0.04446796700358391 0.023920319974422455 0.19099999964237213 255 242 229
0.04491708055138588 0.023920319974422455 0.19099999964237213 236 202 192
0.04560371860861778 0.024045556783676147 0.19200000166893005 228 194 184
0.046295054256916046 0.02417079545557499 0.19300000369548798 255 219 214
0.046748872846364975 0.02417079545557499 0.19300000369548798 255 230 225
0.047447267919778824 0.024296032264828682 0.1940000057220459 255 239 234
0.04815036430954933 0.024421269074082375 0.19499999284744263 255 239 234
0.0488581620156765 0.024546505883336067 0.19599999487400055 249 202 203
0.049570661038160324 0.02467174455523491 0.19699999690055847 251 204 205
0.05028786510229111 0.0247969813644886 0.1979999989271164 255 238 246
0.05100977048277855 0.024922218173742294 0.19900000095367432 255 239 247
0.05173638090491295 0.025047456845641136 0.20000000298023224 255 241 253
0.05246769264340401 0.02517269365489483 0.20100000500679016 255 224 236
0.05294032394886017 0.02517269365489483 0.20100000500679016 255 207 228
0.053678691387176514 0.02529793046414852 0.20200000703334808 241 184 205
0.05442176014184952 0.025423167273402214 0.2029999941587448 244 167 193
0.05489909276366234 0.025423167273402214 0.2029999941587448 250 173 199
0.005507831461727619 0.02487979084253311 0.19499999284744263 255 255 191
0.005935756489634514 0.02475220337510109 0.1940000057220459 255 255 191
0.006391926668584347 0.02475220337510109 0.1940000057220459 255 255 223
0.006812797859311104 0.024624614045023918 0.19300000369548798 255 255 223
0.007228965871036053 0.024497024714946747 0.19200000166893005 255 255 235
0.007640431635081768 0.024369437247514725 0.19099999964237213 255 255 235
0.008047194220125675 0.024241847917437553 0.1899999976158142 254 255 241
0.008493958972394466 0.024241847917437553 0.1899999976158142 254 255 241
0.008893667720258236 0.024114258587360382 0.1889999955892563 254 255 249
0.009338080883026123 0.024114258587360382 0.1889999955892563 254 255 249
0.00973073486238718 0.02398667111992836 0.18799999356269836 254 255 249
0.010172797366976738 0.02398667111992836 0.18799999356269836 254 255 249
0.010558397509157658 0.02385908178985119 0.18700000643730164 254 255 249
0.010998107492923737 0.02385908178985119 0.18700000643730164 254 255 249
0.01143781840801239 0.02385908178985119 0.18700000643730164 254 255 249
0.011877529323101044 0.02385908178985119 0.18700000643730164 254 255 249
0.012317240238189697 0.02385908178985119 0.18700000643730164 254 255 249
0.01275695115327835 0.02385908178985119 0.18700000643730164 254 255 249
0.013126091100275517 0.023731492459774017 0.1860000044107437 254 255 249
0.013563450425863266 0.023731492459774017 0.1860000044107437 254 255 249
0.014000809751451015 0.023731492459774017 0.1860000044107437 254 255 249
0.01436054427176714 0.023603904992341995 0.1850000023841858 254 255 249
0.014795552007853985 0.023603904992341995 0.1850000023841858 254 255 249
0.01592651568353176 0.023348728194832802 0.18299999833106995 254 255 249
0.0162674393504858 0.02322113886475563 0.18199999630451202 254 255 249
0.01669539324939251 0.02322113886475563 0.18199999630451202 254 255 249
0.017123347148299217 0.02322113886475563 0.18199999630451202 254 255 249
0.01745486445724964 0.02309354953467846 0.1809999942779541 254 255 249
0.01788046769797802 0.02309354953467846 0.1809999942779541 254 255 249
0.01830606907606125 0.02309354953467846 0.1809999942779541 254 255 249
0.018731672316789627 0.02309354953467846 0.1809999942779541 254 255 247
0.019157273694872856 0.02309354953467846 0.1809999942779541 254 255 247
0.019474683329463005 0.022965962067246437 0.18000000715255737 254 255 247
0.019897934049367905 0.022965962067246437 0.18000000715255737 254 255 247
0.020321184769272804 0.022965962067246437 0.18000000715255737 254 255 247
0.020744435489177704 0.022965962067246437 0.18000000715255737 254 255 247
0.021167688071727753 0.022965962067246437 0.18000000715255737 254 255 245
0.021590938791632652 0.022965962067246437 0.18000000715255737 254 255 245
0.022014189511537552 0.022965962067246437 0.18000000715255737 255 251 235
0.02243744023144245 0.022965962067246437 0.18000000715255737 224 207 191
0.02286069095134735 0.022965962067246437 0.18000000715255737 255 243 221
0.02328394167125225 0.022965962067246437 0.18000000715255737 255 251 229
0.02370719239115715 0.022965962067246437 0.18000000715255737 255 252 228
0.02413044311106205 0.022965962067246437 0.18000000715255737 255 253 229
0.02455369383096695 0.022965962067246437 0.18000000715255737 255 254 238
0.024976946413517 0.022965962067246437 0.18000000715255737 255 255 239
0.025400197133421898 0.022965962067246437 0.18000000715255737 255 253 242
0.025823447853326797 0.022965962067246437 0.18000000715255737 255 254 243
0.026246698573231697 0.022965962067246437 0.18000000715255737 255 254 243
0.026818115264177322 0.02309354953467846 0.1809999942779541 255 253 242
0.0272437185049057 0.02309354953467846 0.1809999942779541 255 253 239
0.02766931988298893 0.02309354953467846 0.1809999942779541 255 253 239
0.02825014293193817 0.02322113886475563 0.18199999630451202 255 255 241
0.02867809683084488 0.02322113886475563 0.18199999630451202 255 255 241
0.029106050729751587 0.02322113886475563 0.18199999630451202 254 255 247
0.029534004628658295 0.02322113886475563 0.18199999630451202 254 255 247
0.029961958527565002 0.02322113886475563 0.18199999630451202 254 255 249
0.03038991242647171 0.02322113886475563 0.18199999630451202 254 255 249
0.030817866325378418 0.02322113886475563 0.18199999630451202 254 255 251
0.031245820224285126 0.02322113886475563 0.18199999630451202 254 255 251
0.03184780478477478 0.023348728194832802 0.18299999833106995 254 255 247
0.03227810934185982 0.023348728194832802 0.18299999833106995 254 255 247
0.03252968192100525 0.02322113886475563 0.18199999630451202 255 255 238
0.03295763581991196 0.02322113886475563 0.18199999630451202 255 255 238
0.03490455821156502 0.02309354953467846 0.1809999942779541 255 255 241
0.035330161452293396 0.02309354953467846 0.1809999942779541 255 255 241
0.03595330938696861 0.02322113886475563 0.18199999630451202 254 255 249
0.03638126328587532 0.02322113886475563 0.18199999630451202 254 255 249
0.03680921718478203 0.02322113886475563 0.18199999630451202 254 255 249
0.03744177147746086 0.023348728194832802 0.18299999833106995 254 255 249
0.0378720760345459 0.023348728194832802 0.18299999833106995 255 255 247
0.03851168230175972 0.023476315662264824 0.18400000035762787 255 255 247
0.0391559936106205 0.023603904992341995 0.1850000023841858 255 237 225
0.039805006235837936 0.023731492459774017 0.1860000044107437 247 223 211
0.0406750813126564 0.02398667111992836 0.18799999356269836 254 215 195
0.041117142885923386 0.02398667111992836 0.18799999356269836 247 208 188
0.0417802631855011 0.024114258587360382 0.1889999955892563 255 245 220
0.04222467914223671 0.024114258587360382 0.1889999955892563 255 247 222
0.04289485514163971 0.024241847917437553 0.1899999976158142 255 254 232
0.04356973245739937 0.024369437247514725 0.19099999964237213 255 255 233
0.04401884973049164 0.024369437247514725 0.19099999964237213 255 253 245
0.04446796700358391 0.024369437247514725 0.19099999964237213 255 253 245
0.04491708055138588 0.024369437247514725 0.19099999964237213 255 244 241
0.04560371860861778 0.024497024714946747 0.19200000166893005 255 241 238
0.046295054256916046 0.024624614045023918 0.19300000369548798 255 246 242
0.046748872846364975 0.024624614045023918 0.19300000369548798 255 247 243
0.047447267919778824 0.02475220337510109 0.1940000057220459 255 247 240
0.04790343716740608 0.02475220337510109 0.1940000057220459 255 239 232
0.04835960641503334 0.02475220337510109 0.1940000057220459 244 201 205
0.049067407846450806 0.02487979084253311 0.19499999284744263 229 186 190
0.05003388598561287 0.025134969502687454 0.19699999690055847 255 225 237
0.05075344070792198 0.025262556970119476 0.1979999989271164 255 238 250
0.05147770047187805 0.025390146300196648 0.19900000095367432 255 235 245
0.05220666155219078 0.02551773563027382 0.20000000298023224 255 240 250
0.052676938474178314 0.02551773563027382 0.20000000298023224 255 220 238
0.05341295525431633 0.02564532309770584 0.20100000500679016 240 193 211
0.054153669625520706 0.025772912427783012 0.20200000703334808 234 161 182
0.05489909276366234 0.025900499895215034 0.2029999941587448 241 168 189
0.005479585845023394 0.025208372622728348 0.1940000057220459 255 255 192
0.005935756489634514 0.025208372622728348 0.1940000057220459 255 255 190
0.006358978804200888 0.025078432634472847 0.19300000369548798 255 255 224
0.006812797859311104 0.025078432634472847 0.19300000369548798 255 255 224
0.007228965871036053 0.024948492646217346 0.19200000166893005 255 255 235
0.007640431635081768 0.024818552657961845 0.19099999964237213 255 255 235
0.008047194220125675 0.024688612669706345 0.1899999976158142 254 255 241
0.008493958972394466 0.024688612669706345 0.1899999976158142 254 255 241
0.008893667720258236 0.024558672681450844 0.1889999955892563 254 255 249
0.009288673289120197 0.024428732693195343 0.18799999356269836 254 255 249
0.00973073486238718 0.024428732693195343 0.18799999356269836 254 255 249
0.010172797366976738 0.024428732693195343 0.18799999356269836 254 255 249
0.010558397509157658 0.024298792704939842 0.18700000643730164 254 255 249
0.010998107492923737 0.024298792704939842 0.18700000643730164 254 255 249
0.01143781840801239 0.024298792704939842 0.18700000643730164 254 255 249
0.011877529323101044 0.024298792704939842 0.18700000643730164 254 255 249
0.012317240238189697 0.024298792704939842 0.18700000643730164 254 255 249
0.01275695115327835 0.024298792704939842 0.18700000643730164 254 255 249
0.013126091100275517 0.02416885271668434 0.1860000044107437 254 255 249
0.013563450425863266 0.02416885271668434 0.1860000044107437 254 255 249
0.014000809751451015 0.02416885271668434 0.1860000044107437 254 255 249
0.01436054427176714 0.02403891272842884 0.1850000023841858 254 255 249
0.01471557654440403 0.02390897274017334 0.18400000035762787 254 255 249
0.015148232690989971 0.02390897274017334 0.18400000035762787 254 255 249
0.01549621019512415 0.02377903275191784 0.18299999833106995 254 255 249
0.015839485451579094 0.023649092763662338 0.18199999630451202 254 255 249
0.0162674393504858 0.023649092763662338 0.18199999630451202 254 255 249
0.01669539324939251 0.023649092763662338 0.18199999630451202 254 255 249
0.017029263079166412 0.023519152775406837 0.1809999942779541 254 255 249
0.01745486445724964 0.023519152775406837 0.1809999942779541 254 255 249
0.01788046769797802 0.023519152775406837 0.1809999942779541 254 255 249
0.01830606907606125 0.023519152775406837 0.1809999942779541 254 255 249
0.018731672316789627 0.023519152775406837 0.1809999942779541 254 255 249
0.019157273694872856 0.023519152775406837 0.1809999942779541 254 255 249
0.019582876935601234 0.023519152775406837 0.1809999942779541 254 255 249
0.020008478313684464 0.023519152775406837 0.1809999942779541 254 255 249
0.020321184769272804 0.023389212787151337 0.18000000715255737 254 255 249
0.020744435489177704 0.023389212787151337 0.18000000715255737 254 255 249
0.021167688071727753 0.023389212787151337 0.18000000715255737 254 255 249
0.021590938791632652 0.023389212787151337 0.18000000715255737 254 255 249
0.022014189511537552 0.023389212787151337 0.18000000715255737 255 255 243
0.02243744023144245 0.023389212787151337 0.18000000715255737 241 242 229
0.02286069095134735 0.023389212787151337 0.18000000715255737 255 255 240
0.02328394167125225 0.023389212787151337 0.18000000715255737 255 255 241
0.02370719239115715 0.023389212787151337 0.18000000715255737 255 255 243
0.02413044311106205 0.023389212787151337 0.18000000715255737 255 255 243
0.02455369383096695 0.023389212787151337 0.18000000715255737 255 255 247
0.024976946413517 0.023389212787151337 0.18000000715255737 255 255 247
0.025400197133421898 0.023389212787151337 0.18000000715255737 255 255 249
0.025823447853326797 0.023389212787151337 0.18000000715255737 255 255 249
0.026246698573231697 0.023389212787151337 0.18000000715255737 255 255 249
0.026818115264177322 0.023519152775406837 0.1809999942779541 255 255 249
0.0272437185049057 0.023519152775406837 0.1809999942779541 255 255 245
0.02766931988298893 0.023519152775406837 0.1809999942779541 254 255 244
0.028094923123717308 0.023519152775406837 0.1809999942779541 254 255 244
0.028520524501800537 0.023519152775406837 0.1809999942779541 255 255 245
0.029106050729751587 0.023649092763662338 0.18199999630451202 254 255 247
0.029534004628658295 0.023649092763662338 0.18199999630451202 254 255 247
0.029961958527565002 0.023649092763662338 0.18199999630451202 254 255 249
0.03038991242647171 0.023649092763662338 0.18199999630451202 254 255 249
0.030817866325378418 0.023649092763662338 0.18199999630451202 254 255 249
0.031245820224285126 0.023649092763662338 0.18199999630451202 254 255 249
0.031673774123191833 0.023649092763662338 0.18199999630451202 254 255 249
0.03210172802209854 0.023649092763662338 0.18199999630451202 254 255 249
0.03252968192100525 0.023649092763662338 0.18199999630451202 253 255 242
0.03295763581991196 0.023649092763662338 0.18199999630451202 252 254 241
0.033385589718818665 0.023649092763662338 0.18199999630451202 255 254 229
0.03362775221467018 0.023519152775406837 0.1809999942779541 255 255 231
0.03405335545539856 0.023519152775406837 0.1809999942779541 255 255 235
0.03447895869612694 0.023519152775406837 0.1809999942779541 255 255 235
0.03490455821156502 0.023519152775406837 0.1809999942779541 254 255 245
0.035330161452293396 0.023519152775406837 0.1809999942779541 254 255 245
0.03595330938696861 0.023649092763662338 0.18199999630451202 254 255 249
0.03638126328587532 0.023649092763662338 0.18199999630451202 254 255 249
0.03680921718478203 0.023649092763662338 0.18199999630451202 254 255 249
0.03744177147746086 0.02377903275191784 0.18299999833106995 254 255 249
0.0378720760345459 0.02377903275191784 0.18299999833106995 254 255 249
0.038302380591630936 0.02377903275191784 0.18299999833106995 254 255 249
0.038944341242313385 0.02390897274017334 0.18400000035762787 255 251 243
0.03937699645757675 0.02390897274017334 0.18400000035762787 251 237 229
0.04002600908279419 0.02403891272842884 0.1850000023841858 252 226 211
0.040679726749658585 0.02416885271668434 0.1860000044107437 249 223 208
0.04133814573287964 0.024298792704939842 0.18700000643730164 255 250 234
0.04200126603245735 0.024428732693195343 0.18799999356269836 255 251 235
0.042443327605724335 0.024428732693195343 0.18799999356269836 255 255 241
0.043113503605127335 0.024558672681450844 0.1889999955892563 255 255 241
0.043557919561862946 0.024558672681450844 0.1889999955892563 255 255 247
0.04400233179330826 0.024558672681450844 0.1889999955892563 254 255 246
0.04444674402475357 0.024558672681450844 0.1889999955892563 254 239 238
0.045128677040338516 0.024688612669706345 0.1899999976158142 237 222 221
0.04581531509757042 0.024818552657961845 0.19099999964237213 244 222 224
0.04650665074586868 0.024948492646217346 0.19200000166893005 255 247 249
0.0472026951611042 0.025078432634472847 0.19300000369548798 253 232 231
0.04765651375055313 0.025078432634472847 0.19300000369548798 248 227 226
0.04835960641503334 0.025208372622728348 0.1940000057220459 245 207 211
0.049067407846450806 0.02533831261098385 0.19499999284744263 234 196 200
0.05003388598561287 0.02559819258749485 0.19699999690055847 238 197 205
0.05075344070792198 0.02572813257575035 0.1979999989271164 255 227 235
0.05147770047187805 0.025858072564005852 0.19900000095367432 255 236 242
0.05220666155219078 0.025988014414906502 0.20000000298023224 255 237 243
0.052676938474178314 0.025988014414906502 0.20000000298023224 255 230 243
0.05341295525431633 0.026117954403162003 0.20100000500679016 255 216 229
0.054153669625520706 0.026247894391417503 0.20200000703334808 239 171 190
0.05489909276366234 0.026377834379673004 0.2029999941587448 227 159 178
0.005479585845023394 0.025664543733000755 0.1940000057220459 255 254 186
0.0059051597490906715 0.025532251223921776 0.19300000369548798 255 255 190
0.006358978804200888 0.025532251223921776 0.19300000369548798 255 255 220
0.006777498405426741 0.025399960577487946 0.19200000166893005 255 255 219
0.007191315293312073 0.025267669931054115 0.19099999964237213 253 255 231
0.007640431635081768 0.025267669931054115 0.19099999964237213 255 255 233
0.008047194220125675 0.025135377421975136 0.1899999976158142 254 255 241
0.008449253626167774 0.025003086775541306 0.1889999955892563 254 255 241
0.008893667720258236 0.025003086775541306 0.1889999955892563 254 255 247
0.009288673289120197 0.024870794266462326 0.18799999356269836 254 255 247
0.00973073486238718 0.024870794266462326 0.18799999356269836 254 255 249
0.010118686594069004 0.024738503620028496 0.18700000643730164 254 255 249
0.010558397509157658 0.024738503620028496 0.18700000643730164 254 255 249
0.010998107492923737 0.024738503620028496 0.18700000643730164 254 255 249
0.01143781840801239 0.024738503620028496 0.18700000643730164 254 255 249
0.011877529323101044 0.024738503620028496 0.18700000643730164 254 255 249
0.012317240238189697 0.024738503620028496 0.18700000643730164 254 255 249
0.01275695115327835 0.024738503620028496 0.18700000643730164 254 255 249
0.013126091100275517 0.024606211110949516 0.1860000044107437 254 255 249
0.013563450425863266 0.024606211110949516 0.1860000044107437 254 255 249
0.014000809751451015 0.024606211110949516 0.1860000044107437 254 255 249
0.01436054427176714 0.024473920464515686 0.1850000023841858 254 255 249
0.01471557654440403 0.024341629818081856 0.18400000035762787 254 255 249
0.015065905638039112 0.024209337309002876 0.18299999833106995 254 255 249
0.015411531552672386 0.024077046662569046 0.18199999630451202 254 255 249
0.015839485451579094 0.024077046662569046 0.18199999630451202 254 255 249
0.0162674393504858 0.024077046662569046 0.18199999630451202 254 255 249
0.01669539324939251 0.024077046662569046 0.18199999630451202 254 255 249
0.017029263079166412 0.023944754153490067 0.1809999942779541 254 255 249
0.01745486445724964 0.023944754153490067 0.1809999942779541 254 255 249
0.01788046769797802 0.023944754153490067 0.1809999942779541 254 255 249
0.01830606907606125 0.023944754153490067 0.1809999942779541 254 255 249
0.018731672316789627 0.023944754153490067 0.1809999942779541 254 255 249
0.019157273694872856 0.023944754153490067 0.1809999942779541 254 255 249
0.019582876935601234 0.023944754153490067 0.1809999942779541 254 255 249
0.020008478313684464 0.023944754153490067 0.1809999942779541 254 255 249
0.020321184769272804 0.023812463507056236 0.18000000715255737 254 255 249
0.020744435489177704 0.023812463507056236 0.18000000715255737 254 255 249
0.021167688071727753 0.023812463507056236 0.18000000715255737 254 255 249
0.021590938791632652 0.023812463507056236 0.18000000715255737 254 255 249
0.022014189511537552 0.023812463507056236 0.18000000715255737 254 255 247
0.02243744023144245 0.023812463507056236 0.18000000715255737 252 254 245
0.02286069095134735 0.023812463507056236 0.18000000715255737 252 254 245
0.02328394167125225 0.023812463507056236 0.18000000715255737 254 255 247
0.02370719239115715 0.023812463507056236 0.18000000715255737 254 255 249
0.02413044311106205 0.023812463507056236 0.18000000715255737 254 255 249
0.02455369383096695 0.023812463507056236 0.18000000715255737 254 255 249
0.024976946413517 0.023812463507056236 0.18000000715255737 254 255 249
0.025400197133421898 0.023812463507056236 0.18000000715255737 254 255 249
0.025823447853326797 0.023812463507056236 0.18000000715255737 254 255 249
0.026246698573231697 0.023812463507056236 0.18000000715255737 254 255 249
0.026669949293136597 0.023812463507056236 0.18000000715255737 254 255 249
0.0272437185049057 0.023944754153490067 0.1809999942779541 254 255 245
0.02766931988298893 0.023944754153490067 0.1809999942779541 247 249 238
0.028094923123717308 0.023944754153490067 0.1809999942779541 253 255 242
0.028520524501800537 0.023944754153490067 0.1809999942779541 254 255 243
0.028946127742528915 0.023944754153490067 0.1809999942779541 254 255 245
0.029534004628658295 0.024077046662569046 0.18199999630451202 254 255 245
0.029961958527565002 0.024077046662569046 0.18199999630451202 254 255 249
0.03038991242647171 0.024077046662569046 0.18199999630451202 254 255 249
0.030817866325378418 0.024077046662569046 0.18199999630451202 254 255 249
0.031245820224285126 0.024077046662569046 0.18199999630451202 254 255 249
0.031673774123191833 0.024077046662569046 0.18199999630451202 254 255 249
0.03210172802209854 0.024077046662569046 0.18199999630451202 254 255 249
0.03252968192100525 0.024077046662569046 0.18199999630451202 254 255 247
0.03295763581991196 0.024077046662569046 0.18199999630451202 253 255 246
0.0332021489739418 0.023944754153490067 0.1809999942779541 254 253 236
0.03362775221467018 0.023944754153490067 0.1809999942779541 250 249 232
0.03405335545539856 0.023944754153490067 0.1809999942779541 255 255 238
0.03447895869612694 0.023944754153490067 0.1809999942779541 255 255 239
0.03490455821156502 0.023944754153490067 0.1809999942779541 254 255 247
0.035330161452293396 0.023944754153490067 0.1809999942779541 254 255 247
0.035755764693021774 0.023944754153490067 0.1809999942779541 254 255 249
0.03638126328587532 0.024077046662569046 0.18199999630451202 254 255 249
0.03680921718478203 0.024077046662569046 0.18199999630451202 254 255 249
0.037237171083688736 0.024077046662569046 0.18199999630451202 254 255 249
0.0378720760345459 0.024209337309002876 0.18299999833106995 254 255 247
0.038302380591630936 0.024209337309002876 0.18299999833106995 254 255 247
0.038944341242313385 0.024341629818081856 0.18400000035762787 255 252 245
0.03937699645757675 0.024341629818081856 0.18400000035762787 241 230 223
0.04002600908279419 0.024473920464515686 0.1850000023841858 242 224 215
0.040461018681526184 0.024473920464515686 0.1850000023841858 250 232 223
0.04111708700656891 0.024606211110949516 0.1860000044107437 255 252 240
0.041554443538188934 0.024606211110949516 0.1860000044107437 255 253 241
0.042217567563056946 0.024738503620028496 0.18700000643730164 254 255 247
0.0426572784781456 0.024738503620028496 0.18700000643730164 254 255 247
0.0433274544775486 0.024870794266462326 0.18799999356269836 254 255 249
0.04376951605081558 0.024870794266462326 0.18799999356269836 254 255 249
0.044211577624082565 0.024870794266462326 0.18799999356269836 255 249 249
0.04489115998148918 0.025003086775541306 0.1889999955892563 221 211 211
0.04557544365525246 0.025135377421975136 0.1899999976158142 220 200 201
0.0460222065448761 0.025135377421975136 0.1899999976158142 255 246 247
0.04671354591846466 0.025267669931054115 0.19099999964237213 255 245 244
0.04740958660840988 0.025399960577487946 0.19200000166893005 253 230 229
0.04811033234000206 0.025532251223921776 0.19300000369548798 255 221 227
0.049067407846450806 0.025796834379434586 0.19499999284744263 237 203 209
0.04952592775225639 0.025796834379434586 0.19499999284744263 234 195 204
0.050497110933065414 0.026061417534947395 0.19699999690055847 255 226 235
0.051219016313552856 0.026193710044026375 0.1979999989271164 255 236 244
0.051945626735687256 0.026326000690460205 0.19900000095367432 255 232 240
0.052676938474178314 0.026458293199539185 0.20000000298023224 255 226 240
0.053147219121456146 0.026458293199539185 0.20000000298023224 245 210 224
0.05388558283448219 0.026590583845973015 0.20100000500679016 255 197 214
0.0546286515891552 0.026722874492406845 0.20200000703334808 236 173 190
0.005479585845023394 0.026120714843273163 0.1940000057220459 255 255 181
0.0059051597490906715 0.025986071676015854 0.19300000369548798 255 255 186
0.006358978804200888 0.025986071676015854 0.19300000369548798 255 255 211
0.006777498405426741 0.025851428508758545 0.19200000166893005 255 255 211
0.007191315293312073 0.025716785341501236 0.19099999964237213 253 255 227
0.007640431635081768 0.025716785341501236 0.19099999964237213 254 255 228
0.008047194220125675 0.025582142174243927 0.1899999976158142 254 255 237
0.008449253626167774 0.025447499006986618 0.1889999955892563 254 255 237
0.008893667720258236 0.025447499006986618 0.1889999955892563 254 255 247
0.009288673289120197 0.02531285770237446 0.18799999356269836 254 255 247
0.00973073486238718 0.02531285770237446 0.18799999356269836 254 255 249
0.010118686594069004 0.02517821453511715 0.18700000643730164 254 255 249
0.010558397509157658 0.02517821453511715 0.18700000643730164 254 255 249
0.010998107492923737 0.02517821453511715 0.18700000643730164 254 255 249
0.01143781840801239 0.02517821453511715 0.18700000643730164 254 255 249
0.011877529323101044 0.02517821453511715 0.18700000643730164 254 255 249
0.012251372449100018 0.02504357136785984 0.1860000044107437 254 255 249
0.012688731774687767 0.02504357136785984 0.1860000044107437 254 255 249
0.013126091100275517 0.02504357136785984 0.1860000044107437 254 255 249
0.013563450425863266 0.02504357136785984 0.1860000044107437 254 255 249
0.013925536535680294 0.02490892820060253 0.1850000023841858 254 255 249
0.01436054427176714 0.02490892820060253 0.1850000023841858 254 255 249
0.015065905638039112 0.024639641866087914 0.18299999833106995 254 255 249
0.015411531552672386 0.024505000561475754 0.18199999630451202 254 255 249
0.015839485451579094 0.024505000561475754 0.18199999630451202 254 255 249
0.0162674393504858 0.024505000561475754 0.18199999630451202 254 255 249
0.01669539324939251 0.024505000561475754 0.18199999630451202 254 255 249
0.017029263079166412 0.024370357394218445 0.1809999942779541 254 255 249
0.01745486445724964 0.024370357394218445 0.1809999942779541 254 255 249
0.01788046769797802 0.024370357394218445 0.1809999942779541 254 255 249
0.01830606907606125 0.024370357394218445 0.1809999942779541 254 255 249
0.018731672316789627 0.024370357394218445 0.1809999942779541 254 255 249
0.019157273694872856 0.024370357394218445 0.1809999942779541 254 255 249
0.019582876935601234 0.024370357394218445 0.1809999942779541 254 255 249
0.020008478313684464 0.024370357394218445 0.1809999942779541 254 255 249
0.020321184769272804 0.024235714226961136 0.18000000715255737 254 255 249
0.020744435489177704 0.024235714226961136 0.18000000715255737 254 255 249
0.021167688071727753 0.024235714226961136 0.18000000715255737 254 255 249
0.021590938791632652 0.024235714226961136 0.18000000715255737 254 255 249
0.022014189511537552 0.024235714226961136 0.18000000715255737 254 255 249
0.02243744023144245 0.024235714226961136 0.18000000715255737 249 250 244
0.02286069095134735 0.024235714226961136 0.18000000715255737 253 254 250
0.02328394167125225 0.024235714226961136 0.18000000715255737 254 255 251
0.02370719239115715 0.024235714226961136 0.18000000715255737 254 255 251
0.02413044311106205 0.024235714226961136 0.18000000715255737 254 255 251
0.02455369383096695 0.024235714226961136 0.18000000715255737 254 255 251
0.024976946413517 0.024235714226961136 0.18000000715255737 254 255 251
0.025400197133421898 0.024235714226961136 0.18000000715255737 254 255 249
0.025823447853326797 0.024235714226961136 0.18000000715255737 254 255 249
0.026246698573231697 0.024235714226961136 0.18000000715255737 254 255 249
0.026669949293136597 0.024235714226961136 0.18000000715255737 254 255 249
0.0272437185049057 0.024370357394218445 0.1809999942779541 253 255 242
0.02766931988298893 0.024370357394218445 0.1809999942779541 247 249 236
0.028094923123717308 0.024370357394218445 0.1809999942779541 250 252 234
0.028520524501800537 0.024370357394218445 0.1809999942779541 255 255 239
0.028946127742528915 0.024370357394218445 0.1809999942779541 254 255 243
0.029371729120612144 0.024370357394218445 0.1809999942779541 254 255 243
0.029961958527565002 0.024505000561475754 0.18199999630451202 254 255 249
0.03038991242647171 0.024505000561475754 0.18199999630451202 254 255 249
0.030817866325378418 0.024505000561475754 0.18199999630451202 254 255 249
0.031245820224285126 0.024505000561475754 0.18199999630451202 254 255 249
0.031673774123191833 0.024505000561475754 0.18199999630451202 254 255 249
0.03210172802209854 0.024505000561475754 0.18199999630451202 254 255 249
0.03252968192100525 0.024505000561475754 0.18199999630451202 254 255 247
0.03295763581991196 0.024505000561475754 0.18199999630451202 252 254 245
0.0332021489739418 0.024370357394218445 0.1809999942779541 252 251 234
0.03362775221467018 0.024370357394218445 0.1809999942779541 245 244 227
0.03405335545539856 0.024370357394218445 0.1809999942779541 255 255 238
0.03447895869612694 0.024370357394218445 0.1809999942779541 255 255 239
0.03490455821156502 0.024370357394218445 0.1809999942779541 254 255 245
0.035330161452293396 0.024370357394218445 0.1809999942779541 254 255 245
0.035755764693021774 0.024370357394218445 0.1809999942779541 254 255 249
0.03638126328587532 0.024505000561475754 0.18199999630451202 254 255 249
0.03680921718478203 0.024505000561475754 0.18199999630451202 254 255 249
0.037237171083688736 0.024505000561475754 0.18199999630451202 254 255 249
0.0378720760345459 0.024639641866087914 0.18299999833106995 254 255 247
0.038302380591630936 0.024639641866087914 0.18299999833106995 253 255 246
0.038944341242313385 0.024774285033345222 0.18400000035762787 255 251 242
0.03937699645757675 0.024774285033345222 0.18400000035762787 240 229 220
0.03980965539813042 0.024774285033345222 0.18400000035762787 237 219 210
0.040461018681526184 0.02490892820060253 0.1850000023841858 255 240 231
0.04111708700656891 0.02504357136785984 0.1860000044107437 255 254 245
0.041554443538188934 0.02504357136785984 0.1860000044107437 255 254 245
0.04199180379509926 0.02504357136785984 0.1860000044107437 254 255 249
0.0426572784781456 0.02517821453511715 0.18700000643730164 254 255 249
0.04309698939323425 0.02517821453511715 0.18700000643730164 254 255 249
0.04376951605081558 0.02531285770237446 0.18799999356269836 254 255 249
0.044211577624082565 0.02531285770237446 0.18799999356269836 255 253 251
0.04465363919734955 0.02531285770237446 0.18799999356269836 244 239 237
0.045335572212934494 0.025447499006986618 0.1889999955892563 223 201 203
0.0460222065448761 0.025582142174243927 0.1899999976158142 252 230 232
0.04671354591846466 0.025716785341501236 0.19099999964237213 255 243 243
0.04740958660840988 0.025851428508758545 0.19200000166893005 255 233 233
0.04811033234000206 0.025986071676015854 0.19300000369548798 255 225 234
0.0488157793879509 0.026120714843273163 0.1940000057220459 254 217 226
0.04952592775225639 0.026255356147885323 0.19499999284744263 238 199 208
0.05024078115820885 0.02638999931514263 0.19599999487400055 255 219 228
0.05096033588051796 0.02652464248239994 0.19699999690055847 255 228 244
0.05168459191918373 0.02665928564965725 0.1979999989271164 255 224 240
0.05241355299949646 0.02679392881691456 0.19900000095367432 255 218 233
0.053147219121456146 0.026928571984171867 0.20000000298023224 255 219 234
0.05361749604344368 0.026928571984171867 0.20000000298023224 255 204 221
0.054358214139938354 0.027063213288784027 0.20100000500679016 238 177 194
0.005479585845023394 0.02657688409090042 0.1940000057220459 255 255 177
0.0059051597490906715 0.026439890265464783 0.19300000369548798 255 255 181
0.006358978804200888 0.026439890265464783 0.19300000369548798 255 255 198
0.006777498405426741 0.026302896440029144 0.19200000166893005 255 255 198
0.007191315293312073 0.026165902614593506 0.19099999964237213 254 255 213
0.007640431635081768 0.026165902614593506 0.19099999964237213 250 252 209
0.008047194220125675 0.026028906926512718 0.1899999976158142 253 255 234
0.008449253626167774 0.02589191310107708 0.1889999955892563 254 255 235
0.008893667720258236 0.02589191310107708 0.1889999955892563 254 255 245
0.009288673289120197 0.02575491927564144 0.18799999356269836 254 255 245
0.00973073486238718 0.02575491927564144 0.18799999356269836 254 255 249
0.010118686594069004 0.025617925450205803 0.18700000643730164 254 255 249
0.010558397509157658 0.025617925450205803 0.18700000643730164 254 255 249
0.010998107492923737 0.025617925450205803 0.18700000643730164 254 255 249
0.01143781840801239 0.025617925450205803 0.18700000643730164 254 255 251
0.011814013123512268 0.025480929762125015 0.1860000044107437 254 255 251
0.012251372449100018 0.025480929762125015 0.1860000044107437 254 255 251
0.012688731774687767 0.025480929762125015 0.1860000044107437 254 255 251
0.013126091100275517 0.025480929762125015 0.1860000044107437 254 255 251
0.013563450425863266 0.025480929762125015 0.1860000044107437 254 255 251
0.013925536535680294 0.025343935936689377 0.1850000023841858 254 255 251
0.014282919466495514 0.02520694211125374 0.18400000035762787 254 255 251
0.0146356001496315 0.0250699482858181 0.18299999833106995 254 255 251
0.014983577653765678 0.024932952597737312 0.18199999630451202 254 255 251
0.015411531552672386 0.024932952597737312 0.18199999630451202 254 255 251
0.015839485451579094 0.024932952597737312 0.18199999630451202 254 255 251
0.0162674393504858 0.024932952597737312 0.18199999630451202 254 255 249
0.01669539324939251 0.024932952597737312 0.18199999630451202 254 255 249
0.017029263079166412 0.024795958772301674 0.1809999942779541 254 255 249
0.01745486445724964 0.024795958772301674 0.1809999942779541 254 255 249
0.01788046769797802 0.024795958772301674 0.1809999942779541 254 255 249
0.01830606907606125 0.024795958772301674 0.1809999942779541 254 255 249
0.018731672316789627 0.024795958772301674 0.1809999942779541 254 255 249
0.019157273694872856 0.024795958772301674 0.1809999942779541 254 255 249
0.019582876935601234 0.024795958772301674 0.1809999942779541 254 255 249
0.020008478313684464 0.024795958772301674 0.1809999942779541 254 255 249
0.020321184769272804 0.024658964946866035 0.18000000715255737 254 255 249
0.020744435489177704 0.024658964946866035 0.18000000715255737 254 255 249
0.021167688071727753 0.024658964946866035 0.18000000715255737 254 255 249
0.021590938791632652 0.024658964946866035 0.18000000715255737 254 255 249
0.022014189511537552 0.024658964946866035 0.18000000715255737 254 255 251
0.02243744023144245 0.024658964946866035 0.18000000715255737 250 251 247
0.02286069095134735 0.024658964946866035 0.18000000715255737 254 255 251
0.02328394167125225 0.024658964946866035 0.18000000715255737 254 255 251
0.02370719239115715 0.024658964946866035 0.18000000715255737 254 255 251
0.02413044311106205 0.024658964946866035 0.18000000715255737 254 255 251
0.02455369383096695 0.024658964946866035 0.18000000715255737 254 255 251
0.024976946413517 0.024658964946866035 0.18000000715255737 254 255 251
0.025400197133421898 0.024658964946866035 0.18000000715255737 254 255 251
0.025823447853326797 0.024658964946866035 0.18000000715255737 254 255 251
0.026246698573231697 0.024658964946866035 0.18000000715255737 254 255 249
0.026669949293136597 0.024658964946866035 0.18000000715255737 253 254 248
0.0272437185049057 0.024795958772301674 0.1809999942779541 253 255 240
0.02766931988298893 0.024795958772301674 0.1809999942779541 247 250 234
0.028094923123717308 0.024795958772301674 0.1809999942779541 241 241 219
0.028520524501800537 0.024795958772301674 0.1809999942779541 253 253 231
0.028946127742528915 0.024795958772301674 0.1809999942779541 254 255 239
0.029371729120612144 0.024795958772301674 0.1809999942779541 254 255 239
0.029961958527565002 0.024932952597737312 0.18199999630451202 254 255 247
0.03038991242647171 0.024932952597737312 0.18199999630451202 254 255 247
0.030817866325378418 0.024932952597737312 0.18199999630451202 254 255 249
0.031245820224285126 0.024932952597737312 0.18199999630451202 254 255 249
0.031673774123191833 0.024932952597737312 0.18199999630451202 254 255 249
0.03210172802209854 0.024932952597737312 0.18199999630451202 254 255 249
0.03252968192100525 0.024932952597737312 0.18199999630451202 253 255 246
0.03295763581991196 0.024932952597737312 0.18199999630451202 246 248 239
0.0332021489739418 0.024795958772301674 0.1809999942779541 238 238 218
0.03362775221467018 0.024795958772301674 0.1809999942779541 245 245 225
0.03405335545539856 0.024795958772301674 0.1809999942779541 255 255 237
0.03447895869612694 0.024795958772301674 0.1809999942779541 255 255 237
0.03490455821156502 0.024795958772301674 0.1809999942779541 254 255 243
0.035330161452293396 0.024795958772301674 0.1809999942779541 254 255 243
0.035755764693021774 0.024795958772301674 0.1809999942779541 254 255 249
0.03618136793375015 0.024795958772301674 0.1809999942779541 254 255 249
0.03680921718478203 0.024932952597737312 0.18199999630451202 254 255 249
0.037237171083688736 0.024932952597737312 0.18199999630451202 254 255 249
0.0378720760345459 0.0250699482858181 0.18299999833106995 254 255 249
0.038302380591630936 0.0250699482858181 0.18299999833106995 253 254 248
0.038944341242313385 0.02520694211125374 0.18400000035762787 255 249 241
0.03937699645757675 0.02520694211125374 0.18400000035762787 237 223 215
0.03980965539813042 0.02520694211125374 0.18400000035762787 240 222 211
0.040461018681526184 0.025343935936689377 0.1850000023841858 255 247 236
0.04089602455496788 0.025343935936689377 0.1850000023841858 255 253 243
0.041554443538188934 0.025480929762125015 0.1860000044107437 255 253 243
0.04199180379509926 0.025480929762125015 0.1860000044107437 254 255 249
0.0426572784781456 0.025617925450205803 0.18700000643730164 254 255 249
0.04309698939323425 0.025617925450205803 0.18700000643730164 254 255 249
0.04376951605081558 0.02575491927564144 0.18799999356269836 254 255 249
0.044211577624082565 0.02575491927564144 0.18799999356269836 255 252 249
0.04465363919734955 0.02575491927564144 0.18799999356269836 253 245 242
0.045335572212934494 0.02589191310107708 0.1889999955892563 228 202 202
0.0460222065448761 0.026028906926512718 0.1899999976158142 249 223 223
0.04646897315979004 0.026028906926512718 0.1899999976158142 255 233 235
0.04716266319155693 0.026165902614593506 0.19099999964237213 255 226 228
0.04811033234000206 0.026439890265464783 0.19300000369548798 253 218 232
0.0488157793879509 0.02657688409090042 0.1940000057220459 248 213 227
0.04952592775225639 0.02671387791633606 0.19499999284744263 244 194 213
0.05024078115820885 0.026850873604416847 0.19599999487400055 237 187 206
0.05096033588051796 0.026987867429852486 0.19699999690055847 253 201 220
0.05168459191918373 0.027124861255288124 0.1979999989271164 255 203 222
0.05241355299949646 0.027261855080723763 0.19900000095367432 255 220 237
0.05288148298859596 0.027261855080723763 0.19900000095367432 255 224 241
0.05361749604344368 0.02739885076880455 0.20000000298023224 255 213 230
0.054358214139938354 0.02753584459424019 0.20100000500679016 231 168 185
0.0059051597490906715 0.02689370885491371 0.19300000369548798 255 255 178
0.006358978804200888 0.02689370885491371 0.19300000369548798 255 255 188
0.006777498405426741 0.026754364371299744 0.19200000166893005 255 255 189
0.007191315293312073 0.026615018025040627 0.19099999964237213 255 255 205
0.007640431635081768 0.026615018025040627 0.19099999964237213 247 243 191
0.008047194220125675 0.02647567167878151 0.1899999976158142 253 255 229
0.008449253626167774 0.02633632719516754 0.1889999955892563 255 255 231
0.008893667720258236 0.02633632719516754 0.1889999955892563 254 255 245
0.009288673289120197 0.026196980848908424 0.18799999356269836 254 255 245
0.00973073486238718 0.026196980848908424 0.18799999356269836 254 255 249
0.010118686594069004 0.026057634502649307 0.18700000643730164 254 255 249
0.010558397509157658 0.026057634502649307 0.18700000643730164 254 255 249
0.010998107492923737 0.026057634502649307 0.18700000643730164 254 255 249
0.011376653797924519 0.02591829001903534 0.1860000044107437 254 255 251
0.011814013123512268 0.02591829001903534 0.1860000044107437 254 255 251
0.012251372449100018 0.02591829001903534 0.1860000044107437 254 255 251
0.012688731774687767 0.02591829001903534 0.1860000044107437 254 255 251
0.013126091100275517 0.02591829001903534 0.1860000044107437 254 255 251
0.013563450425863266 0.02591829001903534 0.1860000044107437 254 255 251
0.013925536535680294 0.025778943672776222 0.1850000023841858 254 255 251
0.014282919466495514 0.025639599189162254 0.18400000035762787 254 255 251
0.0146356001496315 0.025500252842903137 0.18299999833106995 254 255 251
0.014983577653765678 0.02536090649664402 0.18199999630451202 254 255 251
0.015411531552672386 0.02536090649664402 0.18199999630451202 254 255 251
0.015839485451579094 0.02536090649664402 0.18199999630451202 254 255 251
0.0162674393504858 0.02536090649664402 0.18199999630451202 254 255 249
0.01669539324939251 0.02536090649664402 0.18199999630451202 254 255 249
0.017123347148299217 0.02536090649664402 0.18199999630451202 254 255 247
0.017551301047205925 0.02536090649664402 0.18199999630451202 254 255 247
0.017979254946112633 0.02536090649664402 0.18199999630451202 254 255 247
0.01830606907606125 0.025221562013030052 0.1809999942779541 254 255 247
0.018731672316789627 0.025221562013030052 0.1809999942779541 254 255 247
0.019157273694872856 0.025221562013030052 0.1809999942779541 254 255 247
0.019582876935601234 0.025221562013030052 0.1809999942779541 254 255 249
0.020008478313684464 0.025221562013030052 0.1809999942779541 254 255 249
0.020434081554412842 0.025221562013030052 0.1809999942779541 254 255 249
0.020744435489177704 0.025082215666770935 0.18000000715255737 254 255 249
0.021167688071727753 0.025082215666770935 0.18000000715255737 254 255 249
0.021590938791632652 0.025082215666770935 0.18000000715255737 254 255 249
0.022014189511537552 0.025082215666770935 0.18000000715255737 254 255 247
0.02243744023144245 0.025082215666770935 0.18000000715255737 233 235 226
0.02286069095134735 0.025082215666770935 0.18000000715255737 253 254 245
0.02328394167125225 0.025082215666770935 0.18000000715255737 255 255 247
0.02370719239115715 0.025082215666770935 0.18000000715255737 254 255 249
0.02413044311106205 0.025082215666770935 0.18000000715255737 254 255 249
0.02455369383096695 0.025082215666770935 0.18000000715255737 254 255 249
0.024976946413517 0.025082215666770935 0.18000000715255737 254 255 249
0.025400197133421898 0.025082215666770935 0.18000000715255737 254 255 249
0.025823447853326797 0.025082215666770935 0.18000000715255737 254 255 249
0.026246698573231697 0.025082215666770935 0.18000000715255737 254 255 249
0.026669949293136597 0.025082215666770935 0.18000000715255737 254 255 249
0.0272437185049057 0.025221562013030052 0.1809999942779541 253 255 237
0.02766931988298893 0.025221562013030052 0.1809999942779541 234 236 218
0.028094923123717308 0.025221562013030052 0.1809999942779541 237 233 208
0.028520524501800537 0.025221562013030052 0.1809999942779541 252 248 223
0.028946127742528915 0.025221562013030052 0.1809999942779541 255 255 235
0.029371729120612144 0.025221562013030052 0.1809999942779541 255 255 235
0.029797332361340523 0.025221562013030052 0.1809999942779541 254 255 245
0.03038991242647171 0.02536090649664402 0.18199999630451202 254 255 245
0.030817866325378418 0.02536090649664402 0.18199999630451202 254 255 249
0.031245820224285126 0.02536090649664402 0.18199999630451202 254 255 249
0.031673774123191833 0.02536090649664402 0.18199999630451202 254 255 249
0.03210172802209854 0.02536090649664402 0.18199999630451202 254 255 249
0.03252968192100525 0.02536090649664402 0.18199999630451202 252 254 241
0.03295763581991196 0.02536090649664402 0.18199999630451202 253 255 242
0.0332021489739418 0.025221562013030052 0.1809999942779541 253 248 226
0.03362775221467018 0.025221562013030052 0.1809999942779541 234 229 207
0.03405335545539856 0.025221562013030052 0.1809999942779541 251 247 222
0.03447895869612694 0.025221562013030052 0.1809999942779541 255 255 231
0.03490455821156502 0.025221562013030052 0.1809999942779541 255 255 241
0.035330161452293396 0.025221562013030052 0.1809999942779541 255 255 241
0.035755764693021774 0.025221562013030052 0.1809999942779541 254 255 247
0.03618136793375015 0.025221562013030052 0.1809999942779541 254 255 247
0.03680921718478203 0.02536090649664402 0.18199999630451202 254 255 249
0.037237171083688736 0.02536090649664402 0.18199999630451202 254 255 249
0.0378720760345459 0.025500252842903137 0.18299999833106995 255 255 249
0.038302380591630936 0.025500252842903137 0.18299999833106995 255 255 249
0.038944341242313385 0.025639599189162254 0.18400000035762787 252 236 231
0.03937699645757675 0.025639599189162254 0.18400000035762787 233 217 212
0.03980965539813042 0.025639599189162254 0.18400000035762787 252 229 224
0.040461018681526184 0.025778943672776222 0.1850000023841858 255 247 242
0.04089602455496788 0.025778943672776222 0.1850000023841858 255 253 247
0.041554443538188934 0.02591829001903534 0.1860000044107437 255 253 247
0.04199180379509926 0.02591829001903534 0.1860000044107437 254 255 249
0.04242916405200958 0.02591829001903534 0.1860000044107437 254 255 249
0.04309698939323425 0.026057634502649307 0.18700000643730164 254 255 249
0.043536700308322906 0.026057634502649307 0.18700000643730164 254 255 249
0.04397641122341156 0.026057634502649307 0.18700000643730164 255 253 247
0.04465363919734955 0.026196980848908424 0.18799999356269836 250 243 237
0.045335572212934494 0.02633632719516754 0.1889999955892563 222 191 191
0.045779984444379807 0.02633632719516754 0.1889999955892563 235 204 204
0.04646897315979004 0.02647567167878151 0.1899999976158142 255 223 230
0.04716266319155693 0.026615018025040627 0.19099999964237213 255 228 235
0.04786105453968048 0.026754364371299744 0.19200000166893005 255 226 241
0.04856415092945099 0.02689370885491371 0.19300000369548798 239 201 216
0.04952592775225639 0.027172399684786797 0.19499999284744263 237 185 202
0.05024078115820885 0.027311746031045914 0.19599999487400055 229 177 194
0.05096033588051796 0.02745109237730503 0.19699999690055847 247 183 206
0.05168459191918373 0.027590436860919 0.1979999989271164 253 189 212
0.052150171250104904 0.027590436860919 0.1979999989271164 255 201 223
0.05288148298859596 0.027729783207178116 0.19900000095367432 255 215 237
0.05361749604344368 0.027869129553437233 0.20000000298023224 255 209 229
0.05408777669072151 0.027869129553437233 0.20000000298023224 242 172 192
0.006358978804200888 0.02734752744436264 0.19300000369548798 255 255 185
0.006777498405426741 0.027205830439925194 0.19200000166893005 255 255 184
0.007191315293312073 0.027064133435487747 0.19099999964237213 255 241 183
0.007640431635081768 0.027064133435487747 0.19099999964237213 235 221 163
0.008047194220125675 0.0269224364310503 0.1899999976158142 255 255 221
0.008449253626167774 0.026780739426612854 0.1889999955892563 255 255 223
0.008893667720258236 0.026780739426612854 0.1889999955892563 254 255 243
0.009288673289120197 0.026639042422175407 0.18799999356269836 254 255 243
0.00973073486238718 0.026639042422175407 0.18799999356269836 254 255 249
0.010118686594069004 0.02649734541773796 0.18700000643730164 254 255 249
0.010558397509157658 0.02649734541773796 0.18700000643730164 254 255 249
0.010998107492923737 0.02649734541773796 0.18700000643730164 254 255 249
0.011376653797924519 0.026355648413300514 0.1860000044107437 254 255 251
0.011814013123512268 0.026355648413300514 0.1860000044107437 254 255 251
0.012251372449100018 0.026355648413300514 0.1860000044107437 254 255 251
0.012688731774687767 0.026355648413300514 0.1860000044107437 254 255 251
0.013126091100275517 0.026355648413300514 0.1860000044107437 254 255 251
0.0146356001496315 0.025930557399988174 0.18299999833106995 254 255 251
0.015065905638039112 0.025930557399988174 0.18299999833106995 254 255 251
0.015411531552672386 0.025788860395550728 0.18199999630451202 254 255 251
0.015839485451579094 0.025788860395550728 0.18199999630451202 254 255 251
0.0162674393504858 0.025788860395550728 0.18199999630451202 254 255 249
0.01669539324939251 0.025788860395550728 0.18199999630451202 254 255 249
0.017123347148299217 0.025788860395550728 0.18199999630451202 254 255 240
0.017551301047205925 0.025788860395550728 0.18199999630451202 252 254 238
0.017979254946112633 0.025788860395550728 0.18199999630451202 253 255 240
0.01840720698237419 0.025788860395550728 0.18199999630451202 254 255 241
0.018731672316789627 0.02564716339111328 0.1809999942779541 254 255 247
0.019157273694872856 0.02564716339111328 0.1809999942779541 254 255 247
0.019582876935601234 0.02564716339111328 0.1809999942779541 254 255 249
0.020008478313684464 0.02564716339111328 0.1809999942779541 254 255 249
0.020434081554412842 0.02564716339111328 0.1809999942779541 254 255 249
0.02085968293249607 0.02564716339111328 0.1809999942779541 254 255 249
0.021167688071727753 0.025505466386675835 0.18000000715255737 254 255 247
0.021590938791632652 0.025505466386675835 0.18000000715255737 254 255 247
0.022014189511537552 0.025505466386675835 0.18000000715255737 255 255 236
0.02243744023144245 0.025505466386675835 0.18000000715255737 213 211 192
0.02286069095134735 0.025505466386675835 0.18000000715255737 222 225 200
0.02328394167125225 0.025505466386675835 0.18000000715255737 255 255 233
0.02370719239115715 0.025505466386675835 0.18000000715255737 254 255 241
0.02413044311106205 0.025505466386675835 0.18000000715255737 254 255 241
0.02455369383096695 0.025505466386675835 0.18000000715255737 254 255 247
0.024976946413517 0.025505466386675835 0.18000000715255737 254 255 247
0.025400197133421898 0.025505466386675835 0.18000000715255737 254 255 247
0.025823447853326797 0.025505466386675835 0.18000000715255737 254 255 247
0.026246698573231697 0.025505466386675835 0.18000000715255737 254 255 245
0.026669949293136597 0.025505466386675835 0.18000000715255737 254 255 245
0.0272437185049057 0.02564716339111328 0.1809999942779541 255 254 231
0.02766931988298893 0.02564716339111328 0.1809999942779541 225 223 200
0.028094923123717308 0.02564716339111328 0.1809999942779541 223 211 184
0.028520524501800537 0.02564716339111328 0.1809999942779541 252 240 213
0.028946127742528915 0.02564716339111328 0.1809999942779541 255 255 229
0.029371729120612144 0.02564716339111328 0.1809999942779541 255 255 229
0.029797332361340523 0.02564716339111328 0.1809999942779541 254 255 241
0.030222933739423752 0.02564716339111328 0.1809999942779541 254 255 241
0.03064853698015213 0.02564716339111328 0.1809999942779541 254 255 247
0.03107413835823536 0.02564716339111328 0.1809999942779541 254 255 247
0.031673774123191833 0.025788860395550728 0.18199999630451202 254 255 245
0.03210172802209854 0.025788860395550728 0.18199999630451202 254 255 245
0.03252968192100525 0.025788860395550728 0.18199999630451202 248 251 230
0.03295763581991196 0.025788860395550728 0.18199999630451202 253 255 235
0.0332021489739418 0.02564716339111328 0.1809999942779541 255 247 217
0.03362775221467018 0.02564716339111328 0.1809999942779541 227 217 187
0.03405335545539856 0.02564716339111328 0.1809999942779541 249 243 207
0.03447895869612694 0.02564716339111328 0.1809999942779541 255 255 220
0.03490455821156502 0.02564716339111328 0.1809999942779541 255 255 237
0.035330161452293396 0.02564716339111328 0.1809999942779541 255 255 237
0.035755764693021774 0.02564716339111328 0.1809999942779541 254 255 247
0.03618136793375015 0.02564716339111328 0.1809999942779541 254 255 247
0.03680921718478203 0.025788860395550728 0.18199999630451202 254 255 249
0.037237171083688736 0.025788860395550728 0.18199999630451202 254 255 249
0.0378720760345459 0.025930557399988174 0.18299999833106995 255 255 251
0.038302380591630936 0.025930557399988174 0.18299999833106995 244 244 240
0.03873268514871597 0.025930557399988174 0.18299999833106995 247 224 223
0.03937699645757675 0.02607225440442562 0.18400000035762787 227 204 203
0.03980965539813042 0.02607225440442562 0.18400000035762787 236 203 204
0.040461018681526184 0.026213951408863068 0.1850000023841858 254 221 222
0.04089602455496788 0.026213951408863068 0.1850000023841858 255 251 246
0.041554443538188934 0.026355648413300514 0.1860000044107437 255 252 247
0.04199180379509926 0.026355648413300514 0.1860000044107437 254 255 249
0.04242916405200958 0.026355648413300514 0.1860000044107437 254 255 249
0.04309698939323425 0.02649734541773796 0.18700000643730164 254 255 249
0.043536700308322906 0.02649734541773796 0.18700000643730164 254 255 249
0.04397641122341156 0.02649734541773796 0.18700000643730164 255 252 247
0.04465363919734955 0.026639042422175407 0.18799999356269836 236 227 222
0.045335572212934494 0.026780739426612854 0.1889999955892563 224 188 190
0.045779984444379807 0.026780739426612854 0.1889999955892563 227 191 193
0.04646897315979004 0.0269224364310503 0.1899999976158142 255 220 229
0.04716266319155693 0.027064133435487747 0.19099999964237213 255 224 233
0.04786105453968048 0.027205830439925194 0.19200000166893005 255 224 240
0.04856415092945099 0.02734752744436264 0.19300000369548798 253 211 227
0.049271948635578156 0.027489224448800087 0.1940000057220459 252 201 214
0.04998445138335228 0.027630923315882683 0.19499999284744263 227 176 189
0.05096033588051796 0.027914317324757576 0.19699999690055847 245 171 196
0.051423560827970505 0.027914317324757576 0.19699999690055847 253 179 204
0.052150171250104904 0.028056014329195023 0.1979999989271164 250 176 201
0.05261574685573578 0.028056014329195023 0.1979999989271164 255 192 217
0.05334940925240517 0.02819771133363247 0.19900000095367432 255 191 213
0.008047194220125675 0.027369201183319092 0.1899999976158142 246 243 200
0.008449253626167774 0.027225153520703316 0.1889999955892563 255 255 215
0.008893667720258236 0.027225153520703316 0.1889999955892563 254 255 239
0.009288673289120197 0.02708110585808754 0.18799999356269836 254 255 239
0.00973073486238718 0.02708110585808754 0.18799999356269836 254 255 247
0.010118686594069004 0.026937056332826614 0.18700000643730164 254 255 247
0.010558397509157658 0.026937056332826614 0.18700000643730164 254 255 249
0.010998107492923737 0.026937056332826614 0.18700000643730164 254 255 249
0.011376653797924519 0.02679300867021084 0.1860000044107437 254 255 251
0.011814013123512268 0.02679300867021084 0.1860000044107437 254 255 251
0.012251372449100018 0.02679300867021084 0.1860000044107437 254 255 245
0.012688731774687767 0.02679300867021084 0.1860000044107437 254 255 245
0.013055521063506603 0.026648959144949913 0.1850000023841858 254 255 245
0.013490528799593449 0.026648959144949913 0.1850000023841858 254 255 245
0.013850263319909573 0.026504911482334137 0.18400000035762787 254 255 247
0.014282919466495514 0.026504911482334137 0.18400000035762787 254 255 247
0.0146356001496315 0.02636086381971836 0.18299999833106995 254 255 249
0.015065905638039112 0.02636086381971836 0.18299999833106995 254 255 249
0.015411531552672386 0.026216814294457436 0.18199999630451202 254 255 249
0.015839485451579094 0.026216814294457436 0.18199999630451202 254 255 249
0.0162674393504858 0.026216814294457436 0.18199999630451202 254 255 245
0.01669539324939251 0.026216814294457436 0.18199999630451202 254 255 245
0.017123347148299217 0.026216814294457436 0.18199999630451202 249 245 220
0.017551301047205925 0.026216814294457436 0.18199999630451202 217 213 188
0.017979254946112633 0.026216814294457436 0.18199999630451202 252 255 234
0.01840720698237419 0.026216814294457436 0.18199999630451202 255 255 237
0.0188351608812809 0.026216814294457436 0.18199999630451202 254 255 241
0.019157273694872856 0.02607276663184166 0.1809999942779541 254 255 241
0.019582876935601234 0.02607276663184166 0.1809999942779541 254 255 245
0.020008478313684464 0.02607276663184166 0.1809999942779541 254 255 245
0.020434081554412842 0.02607276663184166 0.1809999942779541 254 255 245
0.02085968293249607 0.02607276663184166 0.1809999942779541 254 255 245
0.02128528617322445 0.02607276663184166 0.1809999942779541 255 255 239
0.021590938791632652 0.025928717106580734 0.18000000715255737 255 255 239
0.022014189511537552 0.025928717106580734 0.18000000715255737 255 253 223
0.02243744023144245 0.025928717106580734 0.18000000715255737 213 203 173
0.02286069095134735 0.025928717106580734 0.18000000715255737 205 200 159
0.02328394167125225 0.025928717106580734 0.18000000715255737 255 255 217
0.02370719239115715 0.025928717106580734 0.18000000715255737 255 255 228
0.02413044311106205 0.025928717106580734 0.18000000715255737 255 255 229
0.02455369383096695 0.025928717106580734 0.18000000715255737 255 255 239
0.024976946413517 0.025928717106580734 0.18000000715255737 255 255 239
0.025400197133421898 0.025928717106580734 0.18000000715255737 254 255 241
0.025823447853326797 0.025928717106580734 0.18000000715255737 250 253 237
0.026246698573231697 0.025928717106580734 0.18000000715255737 252 254 236
0.026669949293136597 0.025928717106580734 0.18000000715255737 252 254 236
0.0272437185049057 0.02607276663184166 0.1809999942779541 255 250 227
0.02766931988298893 0.02607276663184166 0.1809999942779541 229 218 195
0.028094923123717308 0.02607276663184166 0.1809999942779541 216 189 165
0.028520524501800537 0.02607276663184166 0.1809999942779541 247 220 196
0.028946127742528915 0.02607276663184166 0.1809999942779541 255 255 227
0.029371729120612144 0.02607276663184166 0.1809999942779541 255 255 227
0.029797332361340523 0.02607276663184166 0.1809999942779541 254 255 237
0.030222933739423752 0.02607276663184166 0.1809999942779541 254 255 237
0.03064853698015213 0.02607276663184166 0.1809999942779541 254 255 239
0.03107413835823536 0.02607276663184166 0.1809999942779541 254 255 239
0.03149973973631859 0.02607276663184166 0.1809999942779541 254 255 237
0.03210172802209854 0.026216814294457436 0.18199999630451202 252 255 235
0.03252968192100525 0.026216814294457436 0.18199999630451202 247 241 215
0.03277654945850372 0.02607276663184166 0.1809999942779541 252 246 220
0.0332021489739418 0.02607276663184166 0.1809999942779541 249 226 196
0.03362775221467018 0.02607276663184166 0.1809999942779541 229 206 176
0.03405335545539856 0.02607276663184166 0.1809999942779541 245 230 193
0.03447895869612694 0.02607276663184166 0.1809999942779541 255 253 216
0.03490455821156502 0.02607276663184166 0.1809999942779541 255 255 230
0.035330161452293396 0.02607276663184166 0.1809999942779541 255 255 231
0.035755764693021774 0.02607276663184166 0.1809999942779541 254 255 243
0.03638126328587532 0.026216814294457436 0.18199999630451202 254 255 243
0.03680921718478203 0.026216814294457436 0.18199999630451202 254 255 247
0.037237171083688736 0.026216814294457436 0.18199999630451202 254 255 247
0.0378720760345459 0.02636086381971836 0.18299999833106995 255 253 249
0.038302380591630936 0.02636086381971836 0.18299999833106995 246 241 237
0.03873268514871597 0.02636086381971836 0.18299999833106995 250 219 221
0.03937699645757675 0.026504911482334137 0.18400000035762787 228 197 199
0.03980965539813042 0.026504911482334137 0.18400000035762787 238 193 198
0.040461018681526184 0.026648959144949913 0.1850000023841858 238 193 198
0.04089602455496788 0.026648959144949913 0.1850000023841858 255 239 239
0.041554443538188934 0.02679300867021084 0.1860000044107437 255 247 247
0.04199180379509926 0.02679300867021084 0.1860000044107437 255 253 247
0.04242916405200958 0.02679300867021084 0.1860000044107437 255 252 246
0.04309698939323425 0.026937056332826614 0.18700000643730164 255 254 249
0.043536700308322906 0.026937056332826614 0.18700000643730164 255 253 248
0.04397641122341156 0.026937056332826614 0.18700000643730164 255 246 247
0.04465363919734955 0.02708110585808754 0.18799999356269836 232 212 213
0.04509570077061653 0.02708110585808754 0.18799999356269836 227 187 190
0.045779984444379807 0.027225153520703316 0.1889999955892563 228 188 191
0.04646897315979004 0.027369201183319092 0.1899999976158142 255 213 223
0.04716266319155693 0.027513250708580017 0.19099999964237213 255 218 228
0.04786105453968048 0.027657298371195793 0.19200000166893005 255 213 229
0.04856415092945099 0.02780134789645672 0.19300000369548798 255 214 230
0.049271948635578156 0.027945395559072495 0.1940000057220459 255 199 215
0.04998445138335228 0.02808944508433342 0.19499999284744263 231 173 189
0.05334940925240517 0.028665637597441673 0.19900000095367432 255 177 195
0.008047194220125675 0.027815967798233032 0.1899999976158142 219 196 148
0.008449253626167774 0.027669567614793777 0.1889999955892563 255 253 205
0.008893667720258236 0.027669567614793777 0.1889999955892563 254 255 230
0.009288673289120197 0.027523167431354523 0.18799999356269836 255 255 231
0.00973073486238718 0.027523167431354523 0.18799999356269836 254 255 241
0.010118686594069004 0.027376767247915268 0.18700000643730164 254 255 241
0.010558397509157658 0.027376767247915268 0.18700000643730164 254 255 245
0.010939294472336769 0.027230367064476013 0.1860000044107437 254 255 245
0.011376653797924519 0.027230367064476013 0.1860000044107437 255 255 239
0.011814013123512268 0.027230367064476013 0.1860000044107437 255 255 239
0.012251372449100018 0.027230367064476013 0.1860000044107437 255 253 223
0.012620512396097183 0.027083968743681908 0.1850000023841858 239 236 206
0.013055521063506603 0.027083968743681908 0.1850000023841858 239 238 212
0.013490528799593449 0.027083968743681908 0.1850000023841858 255 254 228
0.013850263319909573 0.026937568560242653 0.18400000035762787 254 255 237
0.014205295592546463 0.026791168376803398 0.18299999833106995 254 255 237
0.0146356001496315 0.026791168376803398 0.18299999833106995 252 255 241
0.015065905638039112 0.026791168376803398 0.18299999833106995 252 255 241
0.015411531552672386 0.026644768193364143 0.18199999630451202 252 255 241
0.015839485451579094 0.026644768193364143 0.18199999630451202 252 255 241
0.0162674393504858 0.026644768193364143 0.18199999630451202 255 255 230
0.01669539324939251 0.026644768193364143 0.18199999630451202 255 255 230
0.017123347148299217 0.026644768193364143 0.18199999630451202 247 233 198
0.017551301047205925 0.026644768193364143 0.18199999630451202 200 186 151
0.017979254946112633 0.026644768193364143 0.18199999630451202 251 251 220
0.01840720698237419 0.026644768193364143 0.18199999630451202 255 255 227
0.0188351608812809 0.026644768193364143 0.18199999630451202 254 255 235
0.019263114780187607 0.026644768193364143 0.18199999630451202 254 255 235
0.019582876935601234 0.02649836800992489 0.1809999942779541 252 255 237
0.020008478313684464 0.02649836800992489 0.1809999942779541 252 255 237
0.020434081554412842 0.02649836800992489 0.1809999942779541 253 255 234
0.02085968293249607 0.02649836800992489 0.1809999942779541 253 255 234
0.02128528617322445 0.02649836800992489 0.1809999942779541 255 254 225
0.021710887551307678 0.02649836800992489 0.1809999942779541 255 251 222
0.022014189511537552 0.026351967826485634 0.18000000715255737 251 228 196
0.02243744023144245 0.026351967826485634 0.18000000715255737 199 176 144
0.02286069095134735 0.026351967826485634 0.18000000715255737 195 176 129
0.02328394167125225 0.026351967826485634 0.18000000715255737 255 253 206
0.02370719239115715 0.026351967826485634 0.18000000715255737 255 255 213
0.02413044311106205 0.026351967826485634 0.18000000715255737 255 255 213
0.02455369383096695 0.026351967826485634 0.18000000715255737 255 255 224
0.024976946413517 0.026351967826485634 0.18000000715255737 255 255 224
0.025400197133421898 0.026351967826485634 0.18000000715255737 255 255 229
0.025823447853326797 0.026351967826485634 0.18000000715255737 255 255 229
0.026246698573231697 0.026351967826485634 0.18000000715255737 254 248 222
0.026818115264177322 0.02649836800992489 0.1809999942779541 255 250 224
0.0272437185049057 0.02649836800992489 0.1809999942779541 255 244 218
0.02766931988298893 0.02649836800992489 0.1809999942779541 220 198 172
0.028094923123717308 0.02649836800992489 0.1809999942779541 186 139 117
0.028520524501800537 0.02649836800992489 0.1809999942779541 231 184 162
0.028946127742528915 0.02649836800992489 0.1809999942779541 253 224 199
0.029371729120612144 0.02649836800992489 0.1809999942779541 255 248 223
0.029797332361340523 0.02649836800992489 0.1809999942779541 255 255 230
0.030222933739423752 0.02649836800992489 0.1809999942779541 255 254 229
0.03064853698015213 0.02649836800992489 0.1809999942779541 255 255 230
0.03107413835823536 0.02649836800992489 0.1809999942779541 255 255 230
0.03149973973631859 0.02649836800992489 0.1809999942779541 255 255 223
0.03192534297704697 0.02649836800992489 0.1809999942779541 251 248 216
0.03252968192100525 0.026644768193364143 0.18199999630451202 255 235 207
0.03277654945850372 0.02649836800992489 0.1809999942779541 243 221 193
0.0332021489739418 0.02649836800992489 0.1809999942779541 224 185 154
0.03362775221467018 0.02649836800992489 0.1809999942779541 224 185 154
0.03405335545539856 0.02649836800992489 0.1809999942779541 231 200 161
0.03447895869612694 0.02649836800992489 0.1809999942779541 255 235 196
0.03490455821156502 0.02649836800992489 0.1809999942779541 255 255 219
0.035330161452293396 0.02649836800992489 0.1809999942779541 255 255 219
0.035755764693021774 0.02649836800992489 0.1809999942779541 255 255 235
0.03638126328587532 0.026644768193364143 0.18199999630451202 255 255 235
0.03680921718478203 0.026644768193364143 0.18199999630451202 255 255 239
0.037237171083688736 0.026644768193364143 0.18199999630451202 255 255 239
0.0378720760345459 0.026791168376803398 0.18299999833106995 255 239 234
0.038302380591630936 0.026791168376803398 0.18299999833106995 242 226 221
0.03873268514871597 0.026791168376803398 0.18299999833106995 254 211 215
0.03937699645757675 0.026937568560242653 0.18400000035762787 238 195 199
0.03980965539813042 0.026937568560242653 0.18400000035762787 241 191 195
0.040461018681526184 0.027083968743681908 0.1850000023841858 250 200 204
0.04089602455496788 0.027083968743681908 0.1850000023841858 250 212 212
0.041554443538188934 0.027230367064476013 0.1860000044107437 255 234 234
0.04199180379509926 0.027230367064476013 0.1860000044107437 255 243 241
0.04242916405200958 0.027230367064476013 0.1860000044107437 255 237 235
0.04309698939323425 0.027376767247915268 0.18700000643730164 255 249 245
0.043536700308322906 0.027376767247915268 0.18700000643730164 255 248 244
0.04397641122341156 0.027376767247915268 0.18700000643730164 255 225 227
0.04465363919734955 0.027523167431354523 0.18799999356269836 248 210 212
0.04509570077061653 0.027523167431354523 0.18799999356269836 242 187 195
0.045779984444379807 0.027669567614793777 0.1889999955892563 241 186 194
0.04646897315979004 0.027815967798233032 0.1899999976158142 255 203 215
0.04716266319155693 0.027962366119027138 0.19099999964237213 255 206 218
0.04786105453968048 0.028108766302466393 0.19200000166893005 255 212 224
0.04856415092945099 0.028255166485905647 0.19300000369548798 255 212 224
0.049271948635578156 0.028401566669344902 0.1940000057220459 255 199 216
0.04998445138335228 0.028547966852784157 0.19499999284744263 250 175 192
0.008449253626167774 0.02811397984623909 0.1889999955892563 255 243 193
0.008893667720258236 0.02811397984623909 0.1889999955892563 255 255 217
0.009288673289120197 0.027965229004621506 0.18799999356269836 255 255 217
0.00973073486238718 0.027965229004621506 0.18799999356269836 255 255 229
0.010118686594069004 0.02781647816300392 0.18700000643730164 255 255 229
0.010558397509157658 0.02781647816300392 0.18700000643730164 255 255 231
0.010939294472336769 0.027667727321386337 0.1860000044107437 255 255 231
0.011376653797924519 0.027667727321386337 0.1860000044107437 255 253 219
0.011814013123512268 0.027667727321386337 0.1860000044107437 255 253 219
0.012185504660010338 0.027518976479768753 0.1850000023841858 255 241 194
0.012620512396097183 0.027518976479768753 0.1850000023841858 239 214 167
0.012984950095415115 0.02737022377550602 0.18400000035762787 255 245 203
0.013417607173323631 0.02737022377550602 0.18400000035762787 255 253 211
0.013774990104138851 0.027221472933888435 0.18299999833106995 255 255 219
0.014205295592546463 0.027221472933888435 0.18299999833106995 255 255 219
0.014555624686181545 0.02707272209227085 0.18199999630451202 255 255 227
0.014983577653765678 0.02707272209227085 0.18199999630451202 255 255 227
0.015411531552672386 0.02707272209227085 0.18199999630451202 255 255 225
0.015839485451579094 0.02707272209227085 0.18199999630451202 255 255 225
0.0162674393504858 0.02707272209227085 0.18199999630451202 255 252 214
0.01669539324939251 0.02707272209227085 0.18199999630451202 255 253 215
0.017979254946112633 0.02707272209227085 0.18199999630451202 231 205 165
0.01840720698237419 0.02707272209227085 0.18199999630451202 255 250 210
0.0188351608812809 0.02707272209227085 0.18199999630451202 255 255 218
0.019263114780187607 0.02707272209227085 0.18199999630451202 255 255 219
0.019691068679094315 0.02707272209227085 0.18199999630451202 255 255 222
0.020008478313684464 0.026923971250653267 0.1809999942779541 255 255 222
0.020434081554412842 0.026923971250653267 0.1809999942779541 255 254 220
0.02085968293249607 0.026923971250653267 0.1809999942779541 255 253 219
0.02128528617322445 0.026923971250653267 0.1809999942779541 255 242 208
0.021710887551307678 0.026923971250653267 0.1809999942779541 255 247 213
0.022136490792036057 0.026923971250653267 0.1809999942779541 255 212 183
0.02328394167125225 0.026775220409035683 0.18000000715255737 255 240 193
0.02370719239115715 0.026775220409035683 0.18000000715255737 255 253 205
0.02413044311106205 0.026775220409035683 0.18000000715255737 255 252 204
0.02455369383096695 0.026775220409035683 0.18000000715255737 255 254 213
0.024976946413517 0.026775220409035683 0.18000000715255737 255 245 204
0.025400197133421898 0.026775220409035683 0.18000000715255737 251 231 195
0.025823447853326797 0.026775220409035683 0.18000000715255737 255 238 202
0.026246698573231697 0.026775220409035683 0.18000000715255737 255 241 212
0.026669949293136597 0.026775220409035683 0.18000000715255737 255 243 214
0.027093200013041496 0.026775220409035683 0.18000000715255737 255 229 210
0.027516450732946396 0.026775220409035683 0.18000000715255737 237 182 163
0.028946127742528915 0.026923971250653267 0.1809999942779541 255 201 179
0.029371729120612144 0.026923971250653267 0.1809999942779541 255 235 213
0.029797332361340523 0.026923971250653267 0.1809999942779541 255 249 221
0.030222933739423752 0.026923971250653267 0.1809999942779541 255 248 220
0.03064853698015213 0.026923971250653267 0.1809999942779541 255 252 218
0.03107413835823536 0.026923971250653267 0.1809999942779541 255 252 218
0.03149973973631859 0.026923971250653267 0.1809999942779541 255 252 215
0.03192534297704697 0.026923971250653267 0.1809999942779541 255 250 213
0.03252968192100525 0.02707272209227085 0.18199999630451202 255 233 205
0.03277654945850372 0.026923971250653267 0.1809999942779541 255 210 182
0.03447895869612694 0.026923971250653267 0.1809999942779541 255 220 189
0.03490455821156502 0.026923971250653267 0.1809999942779541 255 248 211
0.035330161452293396 0.026923971250653267 0.1809999942779541 255 248 211
0.03595330938696861 0.02707272209227085 0.18199999630451202 255 252 219
0.03638126328587532 0.02707272209227085 0.18199999630451202 255 252 219
0.03680921718478203 0.02707272209227085 0.18199999630451202 255 250 227
0.037237171083688736 0.02707272209227085 0.18199999630451202 255 249 226
0.0378720760345459 0.027221472933888435 0.18299999833106995 255 240 233
0.038302380591630936 0.027221472933888435 0.18299999833106995 255 230 223
0.03873268514871597 0.027221472933888435 0.18299999833106995 255 209 212
0.03937699645757675 0.02737022377550602 0.18400000035762787 255 193 196
0.03980965539813042 0.02737022377550602 0.18400000035762787 255 187 190
0.040461018681526184 0.027518976479768753 0.1850000023841858 255 201 204
0.04089602455496788 0.027518976479768753 0.1850000023841858 255 215 219
0.041554443538188934 0.027667727321386337 0.1860000044107437 255 223 227
0.04199180379509926 0.027667727321386337 0.1860000044107437 255 232 232
0.04242916405200958 0.027667727321386337 0.1860000044107437 255 226 226
0.04309698939323425 0.02781647816300392 0.18700000643730164 255 234 238
0.043536700308322906 0.02781647816300392 0.18700000643730164 255 229 233
0.04397641122341156 0.02781647816300392 0.18700000643730164 255 215 227
0.04465363919734955 0.027965229004621506 0.18799999356269836 255 206 218
0.04509570077061653 0.027965229004621506 0.18799999356269836 255 179 193
0.04646897315979004 0.028262732550501823 0.1899999976158142 255 182 197
0.04716266319155693 0.028411483392119408 0.19099999964237213 255 197 212
0.0476117804646492 0.028411483392119408 0.19099999964237213 255 199 215
0.04856415092945099 0.028708985075354576 0.19300000369548798 255 191 207
0.049271948635578156 0.02885773591697216 0.1940000057220459 255 179 198
0.008893667720258236 0.02855839394032955 0.1889999955892563 239 215 161
0.009288673289120197 0.02840729057788849 0.18799999356269836 255 253 199
0.00973073486238718 0.02840729057788849 0.18799999356269836 255 250 204
0.010118686594069004 0.028256189078092575 0.18700000643730164 254 240 194
0.01050193514674902 0.028105085715651512 0.1860000044107437 255 235 197
0.010939294472336769 0.028105085715651512 0.1860000044107437 255 236 198
0.011315489187836647 0.0279539842158556 0.1850000023841858 255 229 184
0.011750496923923492 0.0279539842158556 0.1850000023841858 255 222 177
0.01334468461573124 0.027651777490973473 0.18299999833106995 255 229 179
0.013774990104138851 0.027651777490973473 0.18299999833106995 255 239 192
0.014127670787274837 0.02750067599117756 0.18199999630451202 255 240 193
0.014555624686181545 0.02750067599117756 0.18199999630451202 255 241 193
0.014983577653765678 0.02750067599117756 0.18199999630451202 255 241 193
0.015411531552672386 0.02750067599117756 0.18199999630451202 255 240 193
0.015839485451579094 0.02750067599117756 0.18199999630451202 255 240 193
0.0162674393504858 0.02750067599117756 0.18199999630451202 255 233 188
0.01840720698237419 0.02750067599117756 0.18199999630451202 255 233 189
0.0188351608812809 0.02750067599117756 0.18199999630451202 255 241 190
0.019263114780187607 0.02750067599117756 0.18199999630451202 255 241 190
0.019582876935601234 0.027349572628736496 0.1809999942779541 255 241 196
0.020008478313684464 0.027349572628736496 0.1809999942779541 255 241 196
0.020434081554412842 0.027349572628736496 0.1809999942779541 255 237 198
0.02085968293249607 0.027349572628736496 0.1809999942779541 255 237 198
0.02128528617322445 0.027349572628736496 0.1809999942779541 255 229 199
0.021710887551307678 0.027349572628736496 0.1809999942779541 255 220 190
0.023413296788930893 0.027349572628736496 0.1809999942779541 255 213 176
0.02383890002965927 0.027349572628736496 0.1809999942779541 255 232 191
0.0242645014077425 0.027349572628736496 0.1809999942779541 255 226 185
0.02455369383096695 0.027198471128940582 0.18000000715255737 255 233 196
0.024976946413517 0.027198471128940582 0.18000000715255737 255 233 196
0.025400197133421898 0.027198471128940582 0.18000000715255737 255 219 186
0.025823447853326797 0.027198471128940582 0.18000000715255737 255 220 187
0.026246698573231697 0.027198471128940582 0.18000000715255737 255 214 187
0.026669949293136597 0.027198471128940582 0.18000000715255737 255 213 186
0.027093200013041496 0.027198471128940582 0.18000000715255737 255 197 182
0.029371729120612144 0.027349572628736496 0.1809999942779541 255 197 178
0.029797332361340523 0.027349572628736496 0.1809999942779541 255 217 190
0.030222933739423752 0.027349572628736496 0.1809999942779541 255 227 200
0.03064853698015213 0.027349572628736496 0.1809999942779541 255 228 194
0.03107413835823536 0.027349572628736496 0.1809999942779541 255 232 198
0.03149973973631859 0.027349572628736496 0.1809999942779541 255 221 190
0.03192534297704697 0.027349572628736496 0.1809999942779541 255 208 177
0.032350946217775345 0.027349572628736496 0.1809999942779541 255 200 176
0.035525355488061905 0.02750067599117756 0.18199999630451202 255 212 182
0.03595330938696861 0.02750067599117756 0.18199999630451202 255 218 184
0.03638126328587532 0.02750067599117756 0.18199999630451202 255 218 184
0.03680921718478203 0.02750067599117756 0.18199999630451202 255 214 191
0.037237171083688736 0.02750067599117756 0.18199999630451202 255 200 177
