-0.03017002 -0.03040474 0.28284994
-0.03011828 -0.03044091 0.28278893
-0.03024166 -0.03045629 0.28270966
-0.03031557 -0.03049722 0.28262597
-0.03005409 -0.03069676 0.28236333
-0.03005870 -0.03073289 0.28230962
-0.03008668 -0.03076814 0.28225827
-0.02983947 -0.03098369 0.28199998
-0.02981190 -0.03102661 0.28194588
-0.02985315 -0.03107223 0.28187892
-0.02981585 -0.03111137 0.28183156
-0.02956663 -0.03134001 0.28161564
-0.02957450 -0.03138492 0.28156352
-0.02956832 -0.03143886 0.28151062
-0.02948870 -0.03149910 0.28147081
-0.02948792 -0.03155606 0.28141117
-0.02951333 -0.03162183 0.28134197
-0.02960055 -0.03167384 0.28129163
-0.02923486 -0.03184532 0.28125289
-0.02923735 -0.03190201 0.28120461
-0.02924297 -0.03196988 0.28114909
-0.02918390 -0.03201851 0.28112632
-0.02923951 -0.03207300 0.28107047
-0.02924947 -0.03212961 0.28102788
-0.02927557 -0.03219840 0.28098193
-0.02946801 -0.03227050 0.28090525
-0.02920404 -0.03237141 0.28094220
-0.02928112 -0.03249880 0.28087458
-0.02932341 -0.03257341 0.28085014
-0.02927230 -0.03292939 0.28075746
-0.02933332 -0.03308302 0.28069958
-0.02914098 -0.03336173 0.28065217
-0.02939599 -0.03365730 0.28054738
-0.02929845 -0.03406395 0.28050327
-0.02923199 -0.03412262 0.28051203
-0.02928672 -0.03418413 0.28049824
-0.02934159 -0.03424589 0.28048694
-0.02919668 -0.03450412 0.28051829
-0.02912945 -0.03456904 0.28053874
-0.02912173 -0.03466160 0.28054827
-0.02917315 -0.03474099 0.28054559
-0.02910540 -0.03480581 0.28056678
-0.02884439 -0.03506859 0.28067958
-0.02941271 -0.03519620 0.28064355
-0.02940441 -0.03526813 0.28066906
-0.02883951 -0.03532146 0.28073549
-0.02887015 -0.03539187 0.28073952
-0.02891856 -0.03547440 0.28074127
-0.02887297 -0.03554596 0.28078091
-0.02882231 -0.03565911 0.28087252
-0.02893575 -0.03577324 0.28093052
-0.02889162 -0.03604161 0.28115752
-0.02894199 -0.03611613 0.28119993
-0.02892661 -0.03615937 0.28123939
-0.02903971 -0.03623377 0.28126433
-0.02906001 -0.03629682 0.28131202
-0.02899195 -0.03648540 0.28149876
-0.02905697 -0.03655759 0.28153527
-0.02923284 -0.03698013 0.28182206
-0.02928417 -0.03703122 0.28184760
-0.02939462 -0.03709707 0.28187779
-0.02934536 -0.03715363 0.28193989
-0.02930919 -0.03739069 0.28220138
-0.02936316 -0.03741596 0.28221500
-0.02933818 -0.03744614 0.28226259
-0.02948744 -0.03748561 0.28229132
-0.02932324 -0.03756426 0.28242418
-0.02927748 -0.03755846 0.28247648
-0.02935567 -0.03757222 0.28251338
-0.02919136 -0.03754967 0.28258669
-0.02915008 -0.03755065 0.28262883
-0.02913506 -0.03754909 0.28266370
-0.02917373 -0.03755796 0.28270745
-0.02910844 -0.03755418 0.28277451
-0.02886958 -0.03748913 0.28282708
-0.02898707 -0.03753239 0.28283077
-0.02901715 -0.03754226 0.28282806
-0.02915178 -0.03756899 0.28281105
-0.02927362 -0.03759917 0.28279328
-0.02935859 -0.03762674 0.28278723
-0.02943852 -0.03766046 0.28278729
-0.02955367 -0.03767817 0.28277490
-0.02939367 -0.03768977 0.28285170
-0.02946517 -0.03773113 0.28283530
-0.02936352 -0.03794876 0.28272843
-0.02975592 -0.03792626 0.28266987
-0.02885765 -0.03813384 0.28272605
-0.02886247 -0.03816028 0.28266293
-0.02892080 -0.03818402 0.28256539
-0.02897763 -0.03819073 0.28251663
-0.02909684 -0.03821145 0.28242224
-0.02932399 -0.03820149 0.28234354
-0.02919086 -0.03835960 0.28219378
-0.02915432 -0.03839825 0.28215584
-0.02895138 -0.03847790 0.28213114
-0.02898872 -0.03850801 0.28208375
-0.02911101 -0.03851680 0.28203058
-0.02917908 -0.03856192 0.28196600
-0.02913835 -0.03861616 0.28193274
-0.02882444 -0.03876742 0.28191611
-0.02872831 -0.03884166 0.28189397
-0.02869784 -0.03890397 0.28186291
-0.02875168 -0.03892877 0.28182051
-0.02875168 -0.03900296 0.28177947
-0.02877192 -0.03905025 0.28175095
-0.02885144 -0.03908162 0.28170696
-0.02871068 -0.03923612 0.28170443
-0.02867902 -0.03928525 0.28171101
-0.02869798 -0.03934496 0.28169358
-0.02873281 -0.03937307 0.28167605
-0.02875176 -0.03942719 0.28166291
-0.02859959 -0.03950507 0.28166848
-0.02855994 -0.03954122 0.28166974
-0.02878528 -0.03958453 0.28164047
-0.02837943 -0.03961536 0.28172836
-0.02841615 -0.03968109 0.28171581
-0.02845825 -0.03971650 0.28170422
-0.02847628 -0.03976732 0.28169745
-0.02851698 -0.03982934 0.28168446
-0.02858831 -0.03987486 0.28166300
-0.02864568 -0.03992096 0.28164378
-0.02841756 -0.04017388 0.28173441
-0.02843555 -0.04022235 0.28172758
-0.02842622 -0.04029984 0.28173888
-0.02846488 -0.04037184 0.28172553
-0.02849705 -0.04042764 0.28171688
-0.02854395 -0.04048704 0.28170353
-0.02863764 -0.04051313 0.28167823
-0.02844452 -0.04070080 0.28177494
-0.02845444 -0.04080909 0.28179395
-0.02847094 -0.04090462 0.28179863
-0.02851160 -0.04096968 0.28178743
-0.02849856 -0.04106339 0.28181124
-0.02854330 -0.04117454 0.28180617
-0.02856729 -0.04124563 0.28181225
-0.02867076 -0.04130369 0.28179544
-0.02851086 -0.04141176 0.28190261
-0.02857267 -0.04146913 0.28188798
-0.02856988 -0.04157320 0.28191379
-0.02895564 -0.04149526 0.28186381
-0.02858576 -0.04173804 0.28195179
-0.02861743 -0.04180077 0.28195915
-0.02871571 -0.04183969 0.28194526
-0.02855748 -0.04201913 0.28206614
-0.02860353 -0.04208997 0.28207016
-0.02870463 -0.04213649 0.28204882
-0.02876771 -0.04219430 0.28205326
-0.02874748 -0.04252904 0.28213853
-0.02878479 -0.04256960 0.28214321
-0.02876723 -0.04262341 0.28216544
-0.02884735 -0.04265420 0.28215703
-0.02892039 -0.04268283 0.28214717
-0.02892128 -0.04274245 0.28216177
-0.02900370 -0.04276223 0.28215626
-0.02872863 -0.04290887 0.28229073
-0.02876178 -0.04299981 0.28231099
-0.02876513 -0.04305620 0.28233436
-0.02880497 -0.04314170 0.28235269
-0.02880951 -0.04324118 0.28239945
-0.02883405 -0.04330296 0.28242233
-0.02894179 -0.04336048 0.28242230
-0.02906262 -0.04339733 0.28242719
-0.02893091 -0.04349831 0.28254730
-0.02888492 -0.04354201 0.28260809
-0.02891030 -0.04356977 0.28263485
-0.02893627 -0.04359406 0.28265807
-0.02891721 -0.04361656 0.28269562
-0.02897633 -0.04365804 0.28274149
-0.02897400 -0.04367597 0.28277832
-0.02901844 -0.04369895 0.28280583
-0.02887182 -0.04371396 0.28293768
-0.02915403 -0.04373545 0.28292719
-0.02929080 -0.04372487 0.28293070
-0.02932822 -0.04383437 0.28306440
-0.02923601 -0.04440055 0.28301445
-0.02925628 -0.04442082 0.28299016
-0.02925628 -0.04442082 0.28299016
-0.02927749 -0.04444095 0.28296787
-0.02929894 -0.04445729 0.28294370
-0.02941371 -0.04443545 0.28290319
-0.02929879 -0.04449115 0.28293946
-0.02932777 -0.04457796 0.28293690
-0.02935801 -0.04468885 0.28294355
-0.02942187 -0.04474505 0.28293186
-0.02945029 -0.04483938 0.28293115
-0.02951948 -0.04490273 0.28291440
-0.02963828 -0.04495425 0.28288418
-0.02933636 -0.04533352 0.28305098
-0.02939166 -0.04547013 0.28306028
-0.02957060 -0.04555748 0.28300363
-0.02989866 -0.04549297 0.28292292
-0.02969466 -0.04570418 0.28299361
-0.02973973 -0.04575089 0.28298843
-0.02958134 -0.04590470 0.28309801
-0.02967971 -0.04595222 0.28306824
-0.02974715 -0.04609302 0.28308317
-0.03009741 -0.04603053 0.28297311
-0.02989868 -0.04622443 0.28306499
-0.02997913 -0.04626471 0.28304511
-0.03000155 -0.04634906 0.28306010
-0.02988362 -0.04647951 0.28315410
-0.03000304 -0.04652449 0.28312027
-0.03005685 -0.04664369 0.28314242
-0.03011392 -0.04671495 0.28314379
-0.03024555 -0.04679374 0.28312692
-0.03039012 -0.04683244 0.28309146
-0.03046270 -0.04716082 0.28318644
-0.03048903 -0.04721776 0.28319934
-0.03054835 -0.04727764 0.28319860
-0.03062945 -0.04734247 0.28319350
-0.03072202 -0.04738560 0.28318253
-0.03089957 -0.04735180 0.28314462
-0.03077050 -0.04767492 0.28329328
-0.03084189 -0.04772706 0.28328681
-0.03097588 -0.04774022 0.28325260
-0.03100001 -0.04780531 0.28327480
-0.03113395 -0.04782037 0.28324413
-0.03124242 -0.04783416 0.28322747
-0.03125836 -0.04804403 0.28333732
-0.03118473 -0.04813135 0.28341445
-0.03122299 -0.04818153 0.28344661
-0.03119646 -0.04823218 0.28348777
-0.03123741 -0.04827037 0.28351352
-0.03125502 -0.04831642 0.28355491
-0.03144544 -0.04826504 0.28354076
-0.03117387 -0.04846169 0.28374457
-0.03117608 -0.04849312 0.28380397
-0.03126210 -0.04848266 0.28381047
-0.03139073 -0.04847227 0.28382570
-0.03137879 -0.04849240 0.28386703
-0.03144798 -0.04849096 0.28390166
-0.03146682 -0.04854342 0.28408527
-0.03163522 -0.04850181 0.28403431
-0.03169573 -0.04850771 0.28404433
-0.03169077 -0.04881421 0.28415635
-0.03176998 -0.04882473 0.28411388
-0.03185278 -0.04884582 0.28405154
-0.03186589 -0.04889413 0.28402749
-0.03196354 -0.04888691 0.28395611
-0.03203271 -0.04891190 0.28390342
-0.03208040 -0.04893649 0.28386885
-0.03216197 -0.04894529 0.28382781
-0.03198279 -0.04915648 0.28392947
-0.03198662 -0.04932816 0.28395149
-0.03203090 -0.04945433 0.28395924
-0.03229483 -0.04966980 0.28391209
-0.03244326 -0.04972776 0.28386983
-0.03257843 -0.04983186 0.28385198
-0.03272631 -0.04993397 0.28383309
-0.03254450 -0.05009915 0.28394580
-0.03257711 -0.05015633 0.28394952
-0.03274572 -0.05018235 0.28388450
-0.03284568 -0.05019077 0.28385627
-0.03285319 -0.05028007 0.28387654
-0.03288914 -0.05035190 0.28388122
-0.03304901 -0.05035988 0.28383666
-0.03292079 -0.05061298 0.28394833
-0.03301996 -0.05068372 0.28392816
-0.03315016 -0.05076145 0.28390101
-0.03318110 -0.05087673 0.28392655
-0.03332184 -0.05090761 0.28388014
-0.03355821 -0.05091652 0.28383899
-0.03368836 -0.05116753 0.28389123
-0.03370213 -0.05127487 0.28392407
-0.03377000 -0.05131418 0.28391433
-0.03389315 -0.05137446 0.28391552
-0.03418888 -0.05163337 0.28398648
-0.03425461 -0.05167159 0.28399774
-0.03435202 -0.05165892 0.28397533
-0.03444683 -0.05168055 0.28397679
-0.03463066 -0.05196641 0.28410381
-0.03469406 -0.05198454 0.28411588
-0.03486923 -0.05189205 0.28404561
-0.03489651 -0.05193526 0.28407091
-0.03511277 -0.05203255 0.28416896
-0.03514409 -0.05204688 0.28420845
-0.03522033 -0.05202216 0.28419411
-0.03525824 -0.05202327 0.28422537
-0.03529292 -0.05217240 0.28446302
-0.03551048 -0.05197729 0.28431356
-0.03566017 -0.05229240 0.28400573
-0.03566580 -0.05233923 0.28397673
-0.03566839 -0.05241572 0.28393283
-0.03566475 -0.05251801 0.28392807
-0.03570953 -0.05252132 0.28385675
-0.03574686 -0.05253718 0.28381982
-0.03588427 -0.05247773 0.28372464
-0.03619443 -0.05220393 0.28352430
-0.03599904 -0.05258866 0.28369832
-0.03604851 -0.05266256 0.28369355
-0.03610959 -0.05271899 0.28367504
-0.03617460 -0.05275783 0.28364444
-0.03628169 -0.05278873 0.28359553
-0.03636565 -0.05282237 0.28356734
-0.03648819 -0.05281743 0.28351316
-0.03660408 -0.05278169 0.28346503
-0.03656017 -0.05297612 0.28355914
-0.03664777 -0.05301876 0.28354743
-0.03676042 -0.05302208 0.28349987
-0.03686616 -0.05306263 0.28348449
-0.03699900 -0.05305896 0.28344733
-0.03710299 -0.05309379 0.28342387
-0.03720328 -0.05312363 0.28339744
-0.03718657 -0.05334359 0.28347921
-0.03728825 -0.05336715 0.28345865
-0.03735609 -0.05338744 0.28344846
-0.03755757 -0.05330681 0.28336957
-0.03764486 -0.05332632 0.28335166
-0.03775939 -0.05370199 0.28343856
-0.03785058 -0.05373700 0.28342277
-0.03793970 -0.05377562 0.28341869
-0.03809102 -0.05376101 0.28337842
-0.03845115 -0.05400031 0.28340983
-0.03854171 -0.05404666 0.28341591
-0.03865162 -0.05404048 0.28339806
-0.03871676 -0.05410662 0.28342688
-0.03901417 -0.05438936 0.28354105
-0.03908636 -0.05441058 0.28353867
-0.03945465 -0.05412286 0.28342113
-0.03922988 -0.05446737 0.28355622
-0.03950542 -0.05426539 0.28344792
-0.03940772 -0.05446527 0.28354231
-0.03961162 -0.05437170 0.28350544
-0.03953486 -0.05454820 0.28363088
-0.03956280 -0.05458214 0.28367668
-0.03966039 -0.05458088 0.28370380
-0.03968538 -0.05461075 0.28374833
-0.03975384 -0.05462478 0.28379419
-0.03989967 -0.05453981 0.28377965
-0.03987614 -0.05474050 0.28402984
-0.03987614 -0.05474050 0.28402984
-0.03991563 -0.05471799 0.28401297
-0.03995326 -0.05469206 0.28399909
-0.04001261 -0.05465762 0.28399414
-0.04001261 -0.05465762 0.28399414
-0.04005312 -0.05461421 0.28396964
-0.04014382 -0.05453331 0.28396064
-0.03986875 -0.05478847 0.28414035
-0.03993074 -0.05479253 0.28420466
-0.04039822 -0.05435197 0.28404793
-0.04042384 -0.05437757 0.28410158
-0.04047932 -0.05436936 0.28416812
-0.04020802 -0.05474175 0.28437454
-0.04031579 -0.05468046 0.28438300
-0.04031311 -0.05475099 0.28460538
-0.04038331 -0.05472577 0.28466502
-0.04035527 -0.05475077 0.28471652
-0.04041273 -0.05473220 0.28478840
-0.04046981 -0.05470436 0.28482655
-0.04050146 -0.05469288 0.28488058
-0.04059789 -0.05462204 0.28490007
-0.04063440 -0.05459970 0.28495628
-0.04046524 -0.05473474 0.28508753
-0.04053099 -0.05469461 0.28509140
-0.04089836 -0.05429051 0.28493696
-0.04061109 -0.05464084 0.28511176
-0.04081922 -0.05442789 0.28503039
-0.04067010 -0.05460159 0.28514302
-0.04070213 -0.05457469 0.28513652
-0.04084901 -0.05442365 0.28510553
-0.04052914 -0.05470593 0.28524327
-0.04060341 -0.05466092 0.28523591
-0.04101487 -0.05360118 0.28474075
-0.04078566 -0.05453425 0.28523880
-0.04084616 -0.05447286 0.28522286
-0.04089920 -0.05441174 0.28521150
-0.04099036 -0.05428946 0.28518578
-0.04100364 -0.05455247 0.28536946
-0.04110218 -0.05446840 0.28523096
-0.04119318 -0.05467440 0.28505555
-0.04102369 -0.05539664 0.28539306
-0.04105411 -0.05533741 0.28529701
-0.04107909 -0.05536712 0.28523314
-0.04117633 -0.05515005 0.28504488
-0.04121681 -0.05512152 0.28496695
-0.04126934 -0.05505356 0.28484771
-0.04139091 -0.05509556 0.28468025
-0.04128033 -0.05561833 0.28488812
-0.04131883 -0.05562320 0.28485006
-0.04138738 -0.05558816 0.28477654
-0.04161480 -0.05509951 0.28446895
-0.04153101 -0.05556108 0.28463107
-0.04154690 -0.05561947 0.28463960
-0.04160895 -0.05562561 0.28458884
-0.04161764 -0.05601820 0.28476149
-0.04174021 -0.05607050 0.28470233
-0.04185607 -0.05606401 0.28462172
-0.04201588 -0.05597946 0.28447074
-0.04215877 -0.05598925 0.28438795
-0.04230854 -0.05596116 0.28428885
-0.04245175 -0.05587549 0.28416535
-0.04264669 -0.05571560 0.28399029
-0.04272920 -0.05595154 0.28406721
-0.04278375 -0.05599023 0.28405786
-0.04287947 -0.05583068 0.28392759
-0.04316314 -0.05601016 0.28384346
-0.04321868 -0.05607524 0.28383878
-0.04334425 -0.05590138 0.28367957
-0.04339697 -0.05596849 0.28367120
-0.04345049 -0.05603690 0.28366709
-0.04357624 -0.05586657 0.28352344
-0.04362726 -0.05593858 0.28351244
-0.04373636 -0.05622719 0.28360152
-0.04381618 -0.05651473 0.28372613
-0.04393554 -0.05665214 0.28376865
-0.04442887 -0.05582213 0.28332067
-0.04425059 -0.05679817 0.28377643
-0.04443515 -0.05675790 0.28372371
-0.04468257 -0.05661779 0.28362766
-0.04496628 -0.05627728 0.28342217
-0.04501294 -0.05655588 0.28362262
-0.04507075 -0.05658479 0.28366032
-0.04514490 -0.05662852 0.28370112
-0.04526524 -0.05655492 0.28366449
-0.04538110 -0.05641308 0.28360951
-0.04543505 -0.05650412 0.28368679
-0.04555761 -0.05672878 0.28391358
-0.04565577 -0.05673682 0.28398404
-0.04587895 -0.05661910 0.28401536
-0.04598392 -0.05656760 0.28404692
-0.04610446 -0.05655089 0.28410652
-0.04619807 -0.05647991 0.28413850
-0.04636022 -0.05652543 0.28431061
-0.04645723 -0.05644289 0.28432480
-0.04654116 -0.05641625 0.28439420
-0.04660880 -0.05640201 0.28445199
-0.04669831 -0.05623971 0.28442308
-0.04680754 -0.05610300 0.28443605
-0.04688758 -0.05611328 0.28450420
-0.04694966 -0.05609803 0.28455365
-0.04698071 -0.05631083 0.28474280
-0.04704860 -0.05627455 0.28477710
-0.04712334 -0.05621668 0.28479564
-0.04719182 -0.05611210 0.28477779
-0.04727716 -0.05603622 0.28479442
-0.04735439 -0.05599313 0.28483126
-0.04742146 -0.05586720 0.28480032
-0.04749909 -0.05584413 0.28484809
-0.04752439 -0.05602097 0.28503671
-0.04759525 -0.05595262 0.28504962
-0.04765369 -0.05591382 0.28507853
-0.04774008 -0.05550996 0.28493801
-0.04781096 -0.05567792 0.28504235
-0.04800110 -0.05566024 0.28526717
-0.04803409 -0.05562453 0.28529319
-0.04806243 -0.05560781 0.28533453
-0.04809598 -0.05549554 0.28531289
-0.04814107 -0.05538196 0.28533387
-0.04821770 -0.05547754 0.28557909
-0.04826722 -0.05522231 0.28555408
-0.04827934 -0.05536189 0.28567097
-0.04830675 -0.05527142 0.28570861
-0.04832389 -0.05511445 0.28572682
-0.04834702 -0.05511725 0.28581491
-0.04849305 -0.05547322 0.28621146
-0.04839868 -0.05502417 0.28603745
-0.04838886 -0.05494711 0.28601184
-0.04826968 -0.05566354 0.28631303
