-0.0003251967718824744 0.007657364010810852 0.14000000059604645 237 250 249
-0.00065906613599509 0.008043605834245682 0.14100000262260437 247 255 254
-0.00165370583999902 0.009038246236741543 0.14100000262260437 245 255 253
-0.00165370583999902 0.00936979241669178 0.14100000262260437 249 255 249
-0.00165370583999902 0.009701338596642017 0.14100000262260437 249 255 248
-0.001985252369195223 0.01003288570791483 0.14100000262260437 243 250 242
-0.00165370583999902 0.01003288570791483 0.14100000262260437 250 255 249
-0.00165370583999902 0.009701338596642017 0.14100000262260437 249 255 248
-0.00165370583999902 0.00936979241669178 0.14100000262260437 249 255 249
-0.0013221593108028173 0.009038246236741543 0.14100000262260437 249 255 251
-0.0009906126651912928 0.008706699125468731 0.14100000262260437 246 255 254
-0.00065906613599509 0.008375152945518494 0.14100000262260437 248 255 253
-0.0003251967718824744 0.00798655953258276 0.14000000059604645 246 255 253
3.9984033719520085e-06 0.007657364010810852 0.14000000059604645 241 255 246
0.00033319357316941023 0.007657364010810852 0.14000000059604645 243 255 248
0.0006623887456953526 0.007657364010810852 0.14000000059604645 246 255 250
0.0009915839182212949 0.007657364010810852 0.14000000059604645 246 255 250
0.0013207790907472372 0.007657364010810852 0.14000000059604645 247 255 249
0.001661759801208973 0.0077120596542954445 0.14100000262260437 247 255 249
0.0019933064468204975 0.0077120596542954445 0.14100000262260437 245 255 248
0.0023248528596013784 0.0077120596542954445 0.14100000262260437 245 255 248
0.002656399505212903 0.0077120596542954445 0.14100000262260437 245 255 250
0.0030091372318565845 0.00776675483211875 0.1420000046491623 242 255 247
0.003343035001307726 0.00776675483211875 0.1420000046491623 236 250 241
0.003676933003589511 0.00776675483211875 0.1420000046491623 230 244 235
0.004039076156914234 0.008157700300216675 0.14300000667572021 247 255 249
0.00437532551586628 0.008157700300216675 0.14300000667572021 246 255 248
0.004711574874818325 0.008157700300216675 0.14300000667572021 241 255 244
0.0050478242337703705 0.008493948727846146 0.14300000667572021 249 255 249
0.005346423014998436 0.008768448606133461 0.1420000046491623 247 255 251
0.005680320784449577 0.009102347306907177 0.1420000046491623 249 255 250
0.006014218553900719 0.009436245076358318 0.1420000046491623 249 255 247
0.006348116789013147 0.00977014284580946 0.1420000046491623 250 255 249
0.006682014558464289 0.00977014284580946 0.1420000046491623 229 244 226
0.007065320387482643 0.009838946163654327 0.14300000667572021 198 213 195
0.007401569746434689 0.009838946163654327 0.14300000667572021 235 250 234
0.007737819105386734 0.009838946163654327 0.14300000667572021 244 255 243
0.00807406846433878 0.009838946163654327 0.14300000667572021 247 255 249
0.008410317823290825 0.009502696804702282 0.14300000667572021 245 255 248
0.00874656718224287 0.009502696804702282 0.14300000667572021 246 255 253
0.009146332740783691 0.00956914946436882 0.14399999380111694 247 255 254
0.009484933689236641 0.00956914946436882 0.14399999380111694 247 255 254
0.0098917530849576 0.009635602124035358 0.14499999582767487 246 255 253
0.010232705622911453 0.009635602124035358 0.14499999582767487 243 255 255
0.01064657885581255 0.009702054783701897 0.1459999978542328 242 255 254
0.010989882983267307 0.01004535797983408 0.1459999978542328 245 255 250
0.01133318617939949 0.01004535797983408 0.1459999978542328 245 255 250
0.011676490306854248 0.010388661175966263 0.1459999978542328 249 255 251
0.012019793502986431 0.010388661175966263 0.1459999978542328 248 255 250
0.012363096699118614 0.01073196530342102 0.1459999978542328 247 255 251
0.012706400826573372 0.011075268499553204 0.1459999978542328 249 255 251
0.013049704022705555 0.011418572627007961 0.1459999978542328 249 254 244
0.013393007218837738 0.011418572627007961 0.1459999978542328 186 191 181
0.014620492234826088 0.011574991047382355 0.14800000190734863 254 255 251
0.01496849860996008 0.011226984672248363 0.14800000190734863 252 252 254
0.01496849860996008 0.011226984672248363 0.14800000190734863 252 252 254
0.014620492234826088 0.011226984672248363 0.14800000190734863 251 251 253
0.013393007218837738 0.011418572627007961 0.1459999978542328 186 191 181
0.013049704022705555 0.011075268499553204 0.1459999978542328 226 235 226
0.012706400826573372 0.01073196530342102 0.1459999978542328 240 252 244
0.012363096699118614 0.010388661175966263 0.1459999978542328 227 241 232
0.012019793502986431 0.010388661175966263 0.1459999978542328 248 255 250
0.011676490306854248 0.01004535797983408 0.1459999978542328 234 253 241
0.01133318617939949 0.01004535797983408 0.1459999978542328 245 255 250
0.010989882983267307 0.009702054783701897 0.1459999978542328 237 255 249
0.01064657885581255 0.009702054783701897 0.1459999978542328 242 255 254
0.010232705622911453 0.009635602124035358 0.14499999582767487 243 255 255
0.0098917530849576 0.009635602124035358 0.14499999582767487 246 255 253
0.009484933689236641 0.00956914946436882 0.14399999380111694 247 255 254
0.009146332740783691 0.00956914946436882 0.14399999380111694 247 255 254
0.00874656718224287 0.009502696804702282 0.14300000667572021 246 255 253
0.008410317823290825 0.009502696804702282 0.14300000667572021 245 255 248
0.00807406846433878 0.009502696804702282 0.14300000667572021 243 255 246
0.007737819105386734 0.009838946163654327 0.14300000667572021 244 255 243
0.007401569746434689 0.009838946163654327 0.14300000667572021 235 250 234
0.007065320387482643 0.009838946163654327 0.14300000667572021 198 213 195
0.006682014558464289 0.00977014284580946 0.1420000046491623 229 244 226
0.006348116789013147 0.009436245076358318 0.1420000046491623 245 255 243
0.006014218553900719 0.009102347306907177 0.1420000046491623 247 255 245
0.005720322951674461 0.008830198086798191 0.14300000667572021 246 255 250
0.005384073592722416 0.008493948727846146 0.14300000667572021 233 249 240
0.0050478242337703705 0.008157700300216675 0.14300000667572021 223 237 226
0.004711574874818325 0.008157700300216675 0.14300000667572021 241 255 244
0.00437532551586628 0.008157700300216675 0.14300000667572021 246 255 248
0.004039076156914234 0.008157700300216675 0.14300000667572021 247 255 249
0.003676933003589511 0.00776675483211875 0.1420000046491623 230 244 235
0.003343035001307726 0.00776675483211875 0.1420000046491623 236 250 241
0.0030091372318565845 0.00776675483211875 0.1420000046491623 242 255 247
0.002656399505212903 0.0077120596542954445 0.14100000262260437 245 255 250
0.0023248528596013784 0.0077120596542954445 0.14100000262260437 245 255 248
0.0019933064468204975 0.0077120596542954445 0.14100000262260437 245 255 248
0.001661759801208973 0.0077120596542954445 0.14100000262260437 247 255 249
0.0013207790907472372 0.007657364010810852 0.14000000059604645 247 255 249
0.0009915839182212949 0.007657364010810852 0.14000000059604645 246 255 250
0.0006623887456953526 0.007657364010810852 0.14000000059604645 246 255 250
0.00033319357316941023 0.007657364010810852 0.14000000059604645 243 255 248
3.9984033719520085e-06 0.007657364010810852 0.14000000059604645 241 255 246
-0.016131095588207245 0.008328840136528015 0.1459999978542328 250 255 251
-0.015787793323397636 0.008328840136528015 0.1459999978542328 245 255 249
-0.015444489195942879 0.008328840136528015 0.1459999978542328 214 226 218
-0.015101185999810696 0.008328840136528015 0.1459999978542328 189 201 193
-0.014656800776720047 0.008271793834865093 0.14499999582767487 243 255 247
-0.014315848238766193 0.008271793834865093 0.14499999582767487 250 255 251
-0.013974896632134914 0.008271793834865093 0.14499999582767487 250 255 251
-0.01363394409418106 0.00793084129691124 0.14499999582767487 248 255 250
-0.013292992487549782 0.007589889224618673 0.14499999582767487 243 255 246
-0.012952039949595928 0.007589889224618673 0.14499999582767487 245 255 249
-0.01261108834296465 0.007589889224618673 0.14499999582767487 245 255 249
-0.012270135805010796 0.007589889224618673 0.14499999582767487 248 255 250
-0.011929183267056942 0.007589889224618673 0.14499999582767487 248 255 250
-0.011588231660425663 0.007589889224618673 0.14499999582767487 247 255 245
-0.01124727912247181 0.007589889224618673 0.14499999582767487 246 255 244
-0.01090632751584053 0.007589889224618673 0.14499999582767487 242 255 245
-0.010492510162293911 0.007876145653426647 0.14399999380111694 249 255 249
-0.010153909213840961 0.007876145653426647 0.14399999380111694 245 255 249
-0.009815309196710587 0.008214746601879597 0.14399999380111694 249 255 251
-0.009410897269845009 0.008493948727846146 0.14300000667572021 249 255 249
-0.009074647910892963 0.008830198086798191 0.14300000667572021 250 254 247
-0.009074647910892963 0.009166447445750237 0.14300000667572021 252 255 249
-0.009410897269845009 0.009502696804702282 0.14300000667572021 252 255 251
-0.009747146628797054 0.009502696804702282 0.14300000667572021 252 255 251
-0.0100833959877491 0.009502696804702282 0.14300000667572021 252 255 251
-0.010419645346701145 0.009502696804702282 0.14300000667572021 252 255 251
-0.01075589470565319 0.009502696804702282 0.14300000667572021 252 255 251
-0.01116971205919981 0.00956914946436882 0.14399999380111694 252 255 251
-0.01150831300765276 0.00956914946436882 0.14399999380111694 252 255 251
-0.011846913024783134 0.00956914946436882 0.14399999380111694 252 255 251
-0.012185513973236084 0.00956914946436882 0.14399999380111694 252 255 251
-0.012524114921689034 0.00956914946436882 0.14399999380111694 252 255 251
-0.012952039949595928 0.009635602124035358 0.14499999582767487 252 255 251
-0.013292992487549782 0.009635602124035358 0.14499999582767487 252 255 251
-0.01363394409418106 0.009635602124035358 0.14499999582767487 252 255 251
-0.013974896632134914 0.009635602124035358 0.14499999582767487 252 255 251
-0.014315848238766193 0.009635602124035358 0.14499999582767487 252 255 251
-0.014656800776720047 0.009635602124035358 0.14499999582767487 252 255 251
-0.015101185999810696 0.009702054783701897 0.1459999978542328 252 255 251
-0.015444489195942879 0.009702054783701897 0.1459999978542328 252 255 251
-0.015101185999810696 0.009702054783701897 0.1459999978542328 252 255 251
-0.014656800776720047 0.009635602124035358 0.14499999582767487 252 255 251
-0.014315848238766193 0.009635602124035358 0.14499999582767487 252 255 251
-0.013974896632134914 0.009635602124035358 0.14499999582767487 252 255 251
-0.01363394409418106 0.009635602124035358 0.14499999582767487 252 255 251
-0.013292992487549782 0.009635602124035358 0.14499999582767487 252 255 251
-0.012952039949595928 0.009635602124035358 0.14499999582767487 252 255 251
-0.012524114921689034 0.00956914946436882 0.14399999380111694 252 255 251
-0.012185513973236084 0.00956914946436882 0.14399999380111694 252 255 251
-0.011846913024783134 0.00956914946436882 0.14399999380111694 252 255 251
-0.01150831300765276 0.00956914946436882 0.14399999380111694 252 255 251
-0.01116971205919981 0.00956914946436882 0.14399999380111694 252 255 251
-0.01075589470565319 0.009502696804702282 0.14300000667572021 252 255 251
-0.010419645346701145 0.009502696804702282 0.14300000667572021 252 255 251
-0.0100833959877491 0.009502696804702282 0.14300000667572021 252 255 251
-0.009747146628797054 0.009502696804702282 0.14300000667572021 252 255 251
-0.009410897269845009 0.009502696804702282 0.14300000667572021 252 255 251
-0.009074647910892963 0.009502696804702282 0.14300000667572021 252 255 251
-0.009074647910892963 0.009166447445750237 0.14300000667572021 252 255 249
-0.009074647910892963 0.008830198086798191 0.14300000667572021 250 254 247
-0.009074647910892963 0.008493948727846146 0.14300000667572021 235 244 235
-0.009476708248257637 0.008214746601879597 0.14399999380111694 242 255 250
-0.009815309196710587 0.007876145653426647 0.14399999380111694 231 243 235
-0.010153909213840961 0.007876145653426647 0.14399999380111694 245 255 249
-0.010492510162293911 0.007876145653426647 0.14399999380111694 249 255 249
-0.01090632751584053 0.007589889224618673 0.14499999582767487 242 255 245
-0.01124727912247181 0.007589889224618673 0.14499999582767487 246 255 244
-0.011588231660425663 0.007589889224618673 0.14499999582767487 247 255 245
-0.011929183267056942 0.007589889224618673 0.14499999582767487 248 255 250
-0.012270135805010796 0.007589889224618673 0.14499999582767487 248 255 250
-0.01261108834296465 0.007589889224618673 0.14499999582767487 245 255 249
-0.012952039949595928 0.007589889224618673 0.14499999582767487 245 255 249
-0.013292992487549782 0.007589889224618673 0.14499999582767487 243 255 246
-0.01363394409418106 0.00793084129691124 0.14499999582767487 248 255 250
-0.013974896632134914 0.00793084129691124 0.14499999582767487 250 255 254
-0.014315848238766193 0.008271793834865093 0.14499999582767487 250 255 251
-0.014656800776720047 0.008271793834865093 0.14499999582767487 243 255 247
-0.015101185999810696 0.008328840136528015 0.1459999978542328 189 201 193
-0.015444489195942879 0.008328840136528015 0.1459999978542328 214 226 218
-0.015787793323397636 0.008328840136528015 0.1459999978542328 245 255 249
