0.08670008927583694 0.08737248182296753 0.2290000021457672 191 170 108
0.08723855763673782 0.08737248182296753 0.2290000021457672 219 189 116
0.08816032856702805 0.087754026055336 0.23000000417232513 244 214 141
0.08908680826425552 0.08813556283712387 0.23100000619888306 246 214 138
0.08962998539209366 0.08867873251438141 0.23100000619888306 255 246 162
0.0901731550693512 0.08867873251438141 0.23100000619888306 255 251 165
0.09071632474660873 0.08922190964221954 0.23100000619888306 255 255 172
0.09086443483829498 0.08937648683786392 0.23000000417232513 254 254 190
0.09140525758266449 0.08937648683786392 0.23000000417232513 255 255 192
0.09154631197452545 0.08952636271715164 0.2290000021457672 255 255 198
0.09168266505002975 0.0896715372800827 0.2280000001192093 253 255 215
0.092218779027462 0.09020765125751495 0.2280000001192093 251 255 207
0.09275490045547485 0.0907437726855278 0.2280000001192093 251 255 228
0.0932910144329071 0.0907437726855278 0.2280000001192093 255 255 202
0.09382713586091995 0.09127988666296005 0.2280000001192093 255 255 213
0.09394937753677368 0.09141330420970917 0.22699999809265137 244 239 180
0.0944831445813179 0.09194707125425339 0.22699999809265137 255 255 213
0.0954354852437973 0.092888243496418 0.2280000001192093 255 255 211
0.09597160667181015 0.09342435747385025 0.2280000001192093 255 255 223
0.09608444571495056 0.09301460534334183 0.22699999809265137 255 254 205
0.09661821275949478 0.09354837238788605 0.22699999809265137 255 255 209
0.097151979804039 0.09354837238788605 0.22699999809265137 242 237 176
0.09768574684858322 0.09408213943243027 0.22699999809265137 255 255 198
0.09821950644254684 0.09461589902639389 0.22699999809265137 255 255 194
0.09831824153661728 0.09473050385713577 0.22599999606609344 250 250 190
0.09884965419769287 0.09473050385713577 0.22599999606609344 221 215 150
0.09938106685876846 0.09526192396879196 0.22599999606609344 212 211 144
0.09991248697042465 0.09579333662986755 0.22599999606609344 204 200 134
0.10044389963150024 0.09632474929094315 0.22599999606609344 177 172 102
0.10044389963150024 0.09685616940259933 0.22599999606609344 213 204 138
0.10142210870981216 0.09781850129365921 0.22699999809265137 184 162 109
0.10097531229257584 0.09791899472475052 0.22599999606609344 214 192 135
0.1005285233259201 0.09801479429006577 0.22499999403953552 251 241 180
0.10150673240423203 0.09845041483640671 0.22599999606609344 208 198 137
0.10158664733171463 0.09854385256767273 0.22499999403953552 226 214 144
0.10158664733171463 0.09907291829586029 0.22499999403953552 255 255 189
0.10060843825340271 0.09915930777788162 0.2240000069141388 248 255 206
0.10008172690868378 0.09915930777788162 0.2240000069141388 250 255 208
0.09955501556396484 0.09863259643316269 0.2240000069141388 250 255 223
0.09902830421924591 0.09810588508844376 0.2240000069141388 254 255 220
0.09947039186954498 0.09801479429006577 0.22499999403953552 255 255 210
0.09894133359193802 0.0974857285618782 0.22499999403953552 252 255 222
0.09938106685876846 0.09738758206367493 0.22599999606609344 254 255 210
0.09938106685876846 0.09685616940259933 0.22599999606609344 244 246 185
0.09884965419769287 0.09632474929094315 0.22599999606609344 255 255 195
0.09831824153661728 0.09632474929094315 0.22599999606609344 250 255 221
0.09778682142496109 0.09579333662986755 0.22599999606609344 252 255 215
0.0972554087638855 0.09526192396879196 0.22599999606609344 252 255 233
0.0967239961028099 0.09473050385713577 0.22599999606609344 251 255 218
0.09661821275949478 0.09461589902639389 0.22699999809265137 251 255 228
0.09608444571495056 0.09461589902639389 0.22699999809265137 252 255 229
0.09597160667181015 0.09449659287929535 0.2280000001192093 252 255 239
0.0954354852437973 0.09449659287929535 0.2280000001192093 254 255 241
0.09489937126636505 0.0939604789018631 0.2280000001192093 254 255 249
0.0943632498383522 0.09342435747385025 0.2280000001192093 254 255 247
0.09382713586091995 0.092888243496418 0.2280000001192093 253 255 246
0.0932910144329071 0.09235212206840515 0.2280000001192093 254 255 239
0.09275490045547485 0.09235212206840515 0.2280000001192093 254 255 249
0.09262324869632721 0.09221870452165604 0.2290000021457672 254 255 247
0.09208478033542633 0.09221870452165604 0.2290000021457672 254 255 249
0.09154631197452545 0.09168023616075516 0.2290000021457672 254 255 249
0.09100784361362457 0.09114176779985428 0.2290000021457672 254 255 245
0.0904693752527237 0.0906032994389534 0.2290000021457672 254 255 241
0.08993089944124222 0.0906032994389534 0.2290000021457672 254 255 241
0.08978279680013657 0.09045812487602234 0.23000000417232513 255 255 228
0.08924197405576706 0.08991730213165283 0.23000000417232513 255 255 186
0.08870115131139755 0.08937648683786392 0.23000000417232513 255 255 174
0.08816032856702805 0.08937648683786392 0.23000000417232513 255 248 156
0.08761951327323914 0.08883566409349442 0.23000000417232513 241 220 133
0.08670008927583694 0.08844942599534988 0.2290000021457672 237 204 135
0.08616162091493607 0.08844942599534988 0.2290000021457672 217 184 115
0.08562315255403519 0.08791095018386841 0.2290000021457672 181 167 119
0.08616162091493607 0.08844942599534988 0.2290000021457672 217 184 115
0.08670008927583694 0.08844942599534988 0.2290000021457672 237 204 135
0.08761951327323914 0.08937648683786392 0.23000000417232513 245 227 135
0.08816032856702805 0.08937648683786392 0.23000000417232513 255 248 156
0.08870115131139755 0.08991730213165283 0.23000000417232513 255 255 182
0.08924197405576706 0.09045812487602234 0.23000000417232513 255 255 210
0.08939243108034134 0.0906032994389534 0.2290000021457672 254 255 241
0.08993089944124222 0.0906032994389534 0.2290000021457672 254 255 241
0.0904693752527237 0.09114176779985428 0.2290000021457672 254 255 245
0.09100784361362457 0.09168023616075516 0.2290000021457672 254 255 249
0.09154631197452545 0.09221870452165604 0.2290000021457672 254 255 249
0.09208478033542633 0.09221870452165604 0.2290000021457672 254 255 249
0.09262324869632721 0.09221870452165604 0.2290000021457672 254 255 247
0.09275490045547485 0.09235212206840515 0.2280000001192093 254 255 249
0.0932910144329071 0.092888243496418 0.2280000001192093 254 255 247
0.09382713586091995 0.09342435747385025 0.2280000001192093 254 255 249
0.0943632498383522 0.0939604789018631 0.2280000001192093 254 255 249
0.09489937126636505 0.09449659287929535 0.2280000001192093 254 255 249
0.0954354852437973 0.09449659287929535 0.2280000001192093 254 255 241
0.09597160667181015 0.0950327143073082 0.2280000001192093 253 255 246
0.09608444571495056 0.09461589902639389 0.22699999809265137 252 255 229
0.09661821275949478 0.09514966607093811 0.22699999809265137 252 254 241
0.0967239961028099 0.09526192396879196 0.22599999606609344 253 255 234
0.0972554087638855 0.09579333662986755 0.22599999606609344 253 255 244
0.09778682142496109 0.09579333662986755 0.22599999606609344 252 255 215
0.09831824153661728 0.09632474929094315 0.22599999606609344 250 255 221
0.09884965419769287 0.09685616940259933 0.22599999606609344 255 255 196
0.09938106685876846 0.09738758206367493 0.22599999606609344 254 255 210
0.09894133359193802 0.0974857285618782 0.22499999403953552 252 255 222
0.09947039186954498 0.09801479429006577 0.22499999403953552 255 255 210
0.09902830421924591 0.09810588508844376 0.2240000069141388 254 255 220
0.09902830421924591 0.09863259643316269 0.2240000069141388 253 255 226
0.09955501556396484 0.09915930777788162 0.2240000069141388 251 254 236
0.10008172690868378 0.09915930777788162 0.2240000069141388 250 255 208
0.10060843825340271 0.09968601912260056 0.2240000069141388 251 255 226
0.10068365931510925 0.0997653529047966 0.22300000488758087 252 255 219
0.10068365931510925 0.1002897173166275 0.22300000488758087 253 255 232
0.10068365931510925 0.0997653529047966 0.22300000488758087 252 255 219
0.10060843825340271 0.09968601912260056 0.2240000069141388 251 255 226
0.10060843825340271 0.09915930777788162 0.2240000069141388 248 255 206
0.10158664733171463 0.09907291829586029 0.22499999403953552 255 255 189
0.10166186839342117 0.09915930777788162 0.2240000069141388 251 251 187
0.1021885797381401 0.09968601912260056 0.2240000069141388 255 255 193
0.10173238068819046 0.0997653529047966 0.22300000488758087 255 255 190
0.10225673764944077 0.0997653529047966 0.22300000488758087 255 255 192
0.10278110206127167 0.1002897173166275 0.22300000488758087 253 241 169
0.1037687137722969 0.10021273046731949 0.2240000069141388 220 206 132
0.10382982343435287 0.0997653529047966 0.22300000488758087 184 160 119
0.10435418039560318 0.0997653529047966 0.22300000488758087 165 141 100
0.10382982343435287 0.0997653529047966 0.22300000488758087 184 160 119
0.1037687137722969 0.10021273046731949 0.2240000069141388 220 206 132
0.10324200242757797 0.10021273046731949 0.2240000069141388 255 242 168
0.10225673764944077 0.0997653529047966 0.22300000488758087 255 255 192
0.1021885797381401 0.09968601912260056 0.2240000069141388 255 255 193
0.1021885797381401 0.09915930777788162 0.2240000069141388 242 236 169
0.10211571305990219 0.09907291829586029 0.22499999403953552 240 237 166
0.10158664733171463 0.09854385256767273 0.22499999403953552 226 214 144
0.10150673240423203 0.09845041483640671 0.22599999606609344 208 198 137
0.10097531229257584 0.09791899472475052 0.22599999606609344 214 192 135
0.10142210870981216 0.09781850129365921 0.22699999809265137 184 162 109
0.10142210870981216 0.09728473424911499 0.22699999809265137 170 154 110
0.10044389963150024 0.09632474929094315 0.22599999606609344 177 172 102
0.10088834166526794 0.09621720016002655 0.22699999809265137 156 152 86
0.09991248697042465 0.09579333662986755 0.22599999606609344 204 200 134
0.09938106685876846 0.09526192396879196 0.22599999606609344 212 211 144
0.09884965419769287 0.09473050385713577 0.22599999606609344 221 215 150
0.09875327348709106 0.09461589902639389 0.22699999809265137 229 227 163
0.09821950644254684 0.09461589902639389 0.22699999809265137 255 255 194
0.09768574684858322 0.09408213943243027 0.22699999809265137 255 255 198
0.097151979804039 0.09354837238788605 0.22699999809265137 242 237 176
0.09661821275949478 0.09354837238788605 0.22699999809265137 255 255 209
0.09608444571495056 0.09301460534334183 0.22699999809265137 255 254 205
0.09555067867040634 0.09248083829879761 0.22699999809265137 249 247 199
0.09501691162586212 0.09194707125425339 0.22699999809265137 246 233 180
0.0944831445813179 0.09141330420970917 0.22699999809265137 227 222 163
0.09394937753677368 0.09087953716516495 0.22699999809265137 246 233 170
0.09382713586091995 0.0907437726855278 0.2280000001192093 245 244 187
0.0932910144329071 0.0907437726855278 0.2280000001192093 255 255 202
0.09275490045547485 0.09020765125751495 0.2280000001192093 251 255 207
0.092218779027462 0.0896715372800827 0.2280000001192093 255 255 194
0.09168266505002975 0.08913541585206985 0.2280000001192093 255 255 200
0.0919460728764534 0.08937648683786392 0.23000000417232513 255 255 189
0.09140525758266449 0.08937648683786392 0.23000000417232513 255 255 192
0.09125949442386627 0.08922190964221954 0.23100000619888306 255 255 179
0.09071632474660873 0.08922190964221954 0.23100000619888306 255 255 172
0.0901731550693512 0.08867873251438141 0.23100000619888306 255 251 165
0.08962998539209366 0.08867873251438141 0.23100000619888306 255 246 162
0.08908680826425552 0.08813556283712387 0.23100000619888306 246 214 138
0.08816032856702805 0.087754026055336 0.23000000417232513 244 214 141
0.08723855763673782 0.08737248182296753 0.2290000021457672 219 189 116
0.07636149227619171 0.08923111110925674 0.2460000067949295 245 194 124
0.07693993300199509 0.08980955183506012 0.2460000067949295 255 224 151
0.07783349603414536 0.09017463028430939 0.24699999392032623 255 243 153
0.07841429114341736 0.09017463028430939 0.24699999392032623 255 250 160
0.07899508625268936 0.09017463028430939 0.24699999392032623 255 255 166
0.07957588136196136 0.09017463028430939 0.24699999392032623 255 255 167
0.07950762659311295 0.0900205597281456 0.24500000476837158 255 255 174
0.08008372038602829 0.0900205597281456 0.24500000476837158 254 255 172
0.08033058792352676 0.0896531343460083 0.24400000274181366 255 255 172
0.08057275414466858 0.0892857015132904 0.24300000071525574 254 251 167
0.08081021904945374 0.08891826868057251 0.24199999868869781 255 255 171
0.08137925714254379 0.08891826868057251 0.24199999868869781 255 255 171
0.08160965889692307 0.08855083584785461 0.2409999966621399 255 255 176
0.08183536678552628 0.08818341046571732 0.23999999463558197 255 255 179
0.08171303570270538 0.08800818026065826 0.23800000548362732 255 255 186
0.08227267116308212 0.08800818026065826 0.23800000548362732 255 253 181
0.08248426765203476 0.08819567412137985 0.2370000034570694 255 240 165
0.08304154872894287 0.08819567412137985 0.2370000034570694 236 220 145
0.08324608951807022 0.08837847411632538 0.23600000143051147 236 207 154
0.08344592899084091 0.08855656534433365 0.23499999940395355 191 164 113
0.08399850875139236 0.08855656534433365 0.23499999940395355 129 112 96
0.08399850875139236 0.08855656534433365 0.23499999940395355 129 112 96
0.08344592899084091 0.0880039855837822 0.23499999940395355 194 165 112
0.08324608951807022 0.08837847411632538 0.23600000143051147 236 207 154
0.08304154872894287 0.08819567412137985 0.2370000034570694 236 220 145
0.08304154872894287 0.08763839304447174 0.2370000034570694 233 212 141
0.08248426765203476 0.08819567412137985 0.2370000034570694 255 240 165
0.08227267116308212 0.08800818026065826 0.23800000548362732 255 253 181
0.08171303570270538 0.08800818026065826 0.23800000548362732 255 255 186
0.08183536678552628 0.08818341046571732 0.23999999463558197 255 255 179
0.08160965889692307 0.08855083584785461 0.2409999966621399 255 255 176
0.08137925714254379 0.08891826868057251 0.24199999868869781 255 255 171
0.08081021904945374 0.08891826868057251 0.24199999868869781 255 255 171
0.08057275414466858 0.0892857015132904 0.24300000071525574 254 251 167
0.08033058792352676 0.0896531343460083 0.24400000274181366 255 255 172
0.08008372038602829 0.0900205597281456 0.24500000476837158 254 255 172
0.07950762659311295 0.0900205597281456 0.24500000476837158 255 255 174
0.07957588136196136 0.09017463028430939 0.24699999392032623 255 255 167
0.07899508625268936 0.09017463028430939 0.24699999392032623 255 255 166
0.07841429114341736 0.09017463028430939 0.24699999392032623 255 250 160
0.07783349603414536 0.09017463028430939 0.24699999392032623 255 243 153
0.07693993300199509 0.08923111110925674 0.2460000067949295 250 199 129
0.07636149227619171 0.08923111110925674 0.2460000067949295 245 194 124
