-0.03557072952389717 -0.0002137739211320877 0.12300000339746475 252 255 249
-0.035281505435705185 -0.0002137739211320877 0.12300000339746475 252 255 249
-0.0349922850728035 -0.0002137739211320877 0.12300000339746475 252 255 249
-0.03470306470990181 -0.0002137739211320877 0.12300000339746475 252 255 249
-0.03413405641913414 -0.00021203592768870294 0.12200000137090683 252 255 249
-0.03384718298912048 -0.00021203592768870294 0.12200000137090683 252 255 249
-0.03383539989590645 -0.0002137739211320877 0.12300000339746475 252 255 249
-0.03327344357967377 7.483414810849354e-05 0.12200000137090683 250 255 251
-0.03298657387495041 7.483414810849354e-05 0.12200000137090683 250 255 251
-0.03269970417022705 0.00036170423845760524 0.12200000137090683 250 255 251
-0.03241283446550369 0.00036170423845760524 0.12200000137090683 250 255 251
-0.032125964760780334 0.00036170423845760524 0.12200000137090683 250 255 251
-0.031839095056056976 0.0006485743215307593 0.12200000137090683 252 255 249
-0.03155222535133362 0.0006485743215307593 0.12200000137090683 252 255 249
-0.03100907988846302 0.0006432580994442105 0.12099999934434891 252 255 249
-0.03072456084191799 0.0006432580994442105 0.12099999934434891 252 255 249
-0.030440043658018112 0.0006432580994442105 0.12099999934434891 252 255 249
-0.030155524611473083 0.0006432580994442105 0.12099999934434891 252 255 249
-0.029871005564928055 0.0006432580994442105 0.12099999934434891 252 255 249
-0.029586486518383026 0.0006432580994442105 0.12099999934434891 252 255 249
-0.029301967471837997 0.0006432580994442105 0.12099999934434891 252 255 249
-0.029017450287938118 0.0006432580994442105 0.12099999934434891 249 255 247
-0.02873293124139309 0.0009277767967432737 0.12099999934434891 249 255 247
-0.02844841219484806 0.0009277767967432737 0.12099999934434891 235 255 238
-0.028163893148303032 0.0009277767967432737 0.12099999934434891 164 184 167
-0.027879374101758003 0.0009277767967432737 0.12099999934434891 105 129 127
-0.02228778786957264 0.002048778347671032 0.11999999731779099 68 92 102
-0.02200562134385109 0.002048778347671032 0.11999999731779099 149 174 169
-0.02172345295548439 0.002330945571884513 0.11999999731779099 195 218 214
-0.02144128642976284 0.002330945571884513 0.11999999731779099 241 255 250
-0.02115911990404129 0.0026131130289286375 0.11999999731779099 245 255 253
-0.02087695151567459 0.0026131130289286375 0.11999999731779099 250 255 251
-0.02059478498995304 0.0026131130289286375 0.11999999731779099 250 255 251
-0.02014334499835968 0.0028711529448628426 0.11900000274181366 250 255 251
-0.01986352913081646 0.0028711529448628426 0.11900000274181366 250 255 251
-0.01958371326327324 0.0028711529448628426 0.11900000274181366 250 255 251
-0.01930389739573002 0.0028711529448628426 0.11900000274181366 250 255 251
-0.019024081528186798 0.003150968812406063 0.11900000274181366 250 255 251
-0.018901780247688293 0.0031774474773555994 0.11999999731779099 250 255 251
-0.018619613721966743 0.0031774474773555994 0.11999999731779099 250 255 251
-0.018337447196245193 0.0031774474773555994 0.11999999731779099 250 255 251
-0.018205739557743073 0.0032039261423051357 0.12099999934434891 250 255 251
-0.017921220511198044 0.0034884449560195208 0.12099999934434891 250 255 249
-0.017636703327298164 0.003772963536903262 0.12099999934434891 250 255 249
-0.017352184280753136 0.003772963536903262 0.12099999934434891 250 255 249
-0.016926610842347145 0.004023949149996042 0.11999999731779099 250 255 249
-0.016644442453980446 0.004023949149996042 0.11999999731779099 250 255 249
-0.016362275928258896 0.004023949149996042 0.11999999731779099 250 255 249
-0.016080107539892197 0.004306116607040167 0.11999999731779099 250 255 249
-0.015797941014170647 0.0045882840640842915 0.11999999731779099 250 255 249
-0.015515773557126522 0.0045882840640842915 0.11999999731779099 250 255 249
-0.015233606100082397 0.004870451055467129 0.11999999731779099 252 255 249
-0.014951438643038273 0.004870451055467129 0.11999999731779099 252 255 249
-0.014669272117316723 0.004870451055467129 0.11999999731779099 252 255 249
-0.014387104660272598 0.005152618512511253 0.11999999731779099 252 255 249
-0.014104937203228474 0.005152618512511253 0.11999999731779099 252 255 249
-0.013822769746184349 0.005152618512511253 0.11999999731779099 252 255 249
-0.013540602289140224 0.005152618512511253 0.11999999731779099 252 255 249
-0.0132584348320961 0.005152618512511253 0.11999999731779099 252 255 249
-0.01297626830637455 0.005152618512511253 0.11999999731779099 252 255 249
-0.012799885123968124 0.0051955571398139 0.12099999934434891 252 255 249
-0.012515366077423096 0.005480075720697641 0.12099999934434891 252 255 249
-0.012230847962200642 0.005480075720697641 0.12099999934434891 252 255 249
-0.011946328915655613 0.005480075720697641 0.12099999934434891 252 255 249
-0.011661809869110584 0.005480075720697641 0.12099999934434891 252 255 249
-0.01137729175388813 0.005764594301581383 0.12099999934434891 252 255 249
-0.011092772707343102 0.005764594301581383 0.12099999934434891 252 255 249
-0.010808253660798073 0.005764594301581383 0.12099999934434891 252 255 249
-0.010523735545575619 0.006049112882465124 0.12099999934434891 252 255 251
-0.010323838330805302 0.006385975982993841 0.12200000137090683 252 255 251
-0.010036968626081944 0.006385975982993841 0.12200000137090683 252 255 251
-0.00975009799003601 0.006385975982993841 0.12200000137090683 252 255 251
-0.009463228285312653 0.006385975982993841 0.12200000137090683 252 255 251
-0.00917635764926672 0.006672845687717199 0.12200000137090683 252 255 249
-0.008962352760136127 0.006727541331201792 0.12300000339746475 252 255 249
-0.008673131465911865 0.007016762625426054 0.12300000339746475 252 255 249
-0.008383910171687603 0.007016762625426054 0.12300000339746475 252 255 249
-0.008094687946140766 0.0073059843853116035 0.12300000339746475 252 255 249
-0.008094687946140766 0.007595205679535866 0.12300000339746475 252 255 249
-0.008094687946140766 0.007884426973760128 0.12300000339746475 252 255 249
-0.008094687946140766 0.00817364826798439 0.12300000339746475 252 255 249
-0.008094687946140766 0.007884426973760128 0.12300000339746475 252 255 249
-0.008094687946140766 0.007595205679535866 0.12300000339746475 252 255 249
-0.007805466651916504 0.0073059843853116035 0.12300000339746475 252 255 249
-0.007577353157103062 0.007656955160200596 0.12399999797344208 252 255 249
-0.007577353157103062 0.007365382742136717 0.12399999797344208 252 255 249
-0.007805466651916504 0.0073059843853116035 0.12300000339746475 252 255 249
-0.008094687946140766 0.007016762625426054 0.12300000339746475 252 255 249
-0.008383910171687603 0.007016762625426054 0.12300000339746475 252 255 249
-0.008673131465911865 0.006727541331201792 0.12300000339746475 252 255 249
-0.008962352760136127 0.006727541331201792 0.12300000339746475 252 255 249
-0.00917635764926672 0.006672845687717199 0.12200000137090683 252 255 249
-0.009463228285312653 0.006385975982993841 0.12200000137090683 252 255 251
-0.00975009799003601 0.006385975982993841 0.12200000137090683 252 255 251
-0.010036968626081944 0.006385975982993841 0.12200000137090683 252 255 251
-0.010323838330805302 0.006099105812609196 0.12200000137090683 252 255 251
-0.010523735545575619 0.006049112882465124 0.12099999934434891 252 255 251
-0.010808253660798073 0.005764594301581383 0.12099999934434891 252 255 249
-0.011092772707343102 0.005764594301581383 0.12099999934434891 252 255 249
-0.01137729175388813 0.005764594301581383 0.12099999934434891 252 255 249
-0.011661809869110584 0.005480075720697641 0.12099999934434891 252 255 249
-0.011946328915655613 0.005480075720697641 0.12099999934434891 252 255 249
-0.012230847962200642 0.005480075720697641 0.12099999934434891 252 255 249
-0.012515366077423096 0.005480075720697641 0.12099999934434891 252 255 249
-0.012799885123968124 0.0051955571398139 0.12099999934434891 252 255 249
-0.01297626830637455 0.005152618512511253 0.11999999731779099 252 255 249
-0.0132584348320961 0.005152618512511253 0.11999999731779099 252 255 249
-0.013540602289140224 0.005152618512511253 0.11999999731779099 252 255 249
-0.013822769746184349 0.005152618512511253 0.11999999731779099 252 255 249
-0.014104937203228474 0.005152618512511253 0.11999999731779099 252 255 249
-0.014387104660272598 0.005152618512511253 0.11999999731779099 252 255 249
-0.014669272117316723 0.004870451055467129 0.11999999731779099 252 255 249
-0.014951438643038273 0.004870451055467129 0.11999999731779099 252 255 249
-0.015233606100082397 0.0045882840640842915 0.11999999731779099 250 255 249
-0.015515773557126522 0.0045882840640842915 0.11999999731779099 250 255 249
-0.015797941014170647 0.004306116607040167 0.11999999731779099 250 255 249
-0.016080107539892197 0.004306116607040167 0.11999999731779099 250 255 249
-0.016362275928258896 0.004023949149996042 0.11999999731779099 250 255 249
-0.016644442453980446 0.004023949149996042 0.11999999731779099 250 255 249
-0.017067665234208107 0.003772963536903262 0.12099999934434891 250 255 249
-0.017352184280753136 0.003772963536903262 0.12099999934434891 250 255 249
-0.017636703327298164 0.0034884449560195208 0.12099999934434891 250 255 249
-0.017921220511198044 0.0034884449560195208 0.12099999934434891 250 255 249
-0.018205739557743073 0.0032039261423051357 0.12099999934434891 250 255 251
-0.018337447196245193 0.0031774474773555994 0.11999999731779099 250 255 251
-0.018619613721966743 0.0031774474773555994 0.11999999731779099 250 255 251
-0.018901780247688293 0.0031774474773555994 0.11999999731779099 250 255 251
-0.019024081528186798 0.003150968812406063 0.11900000274181366 250 255 251
-0.01930389739573002 0.0028711529448628426 0.11900000274181366 250 255 251
-0.01958371326327324 0.0028711529448628426 0.11900000274181366 250 255 251
-0.01986352913081646 0.0028711529448628426 0.11900000274181366 250 255 251
-0.02014334499835968 0.0028711529448628426 0.11900000274181366 250 255 251
-0.02059478498995304 0.0026131130289286375 0.11999999731779099 250 255 251
-0.02087695151567459 0.0026131130289286375 0.11999999731779099 250 255 251
-0.02115911990404129 0.002330945571884513 0.11999999731779099 241 255 250
-0.02144128642976284 0.002330945571884513 0.11999999731779099 241 255 250
-0.02172345295548439 0.002330945571884513 0.11999999731779099 195 218 214
-0.02200562134385109 0.002048778347671032 0.11999999731779099 149 174 169
-0.027879374101758003 0.0009277767967432737 0.12099999934434891 105 129 127
-0.028163893148303032 0.0009277767967432737 0.12099999934434891 164 184 167
-0.02844841219484806 0.0006432580994442105 0.12099999934434891 237 255 243
-0.02873293124139309 0.0003587394312489778 0.12099999934434891 247 255 249
-0.02873293124139309 7.422075577778742e-05 0.12099999934434891 245 255 248
-0.029017450287938118 7.422075577778742e-05 0.12099999934434891 245 255 248
-0.029301967471837997 -0.00021029791969340295 0.12099999934434891 250 255 251
-0.029586486518383026 -0.0004948166315443814 0.12099999934434891 249 255 251
-0.029871005564928055 -0.0004948166315443814 0.12099999934434891 250 255 251
-0.030155524611473083 -0.0007793352706357837 0.12099999934434891 249 255 251
-0.030440043658018112 -0.0007793352706357837 0.12099999934434891 250 255 251
-0.03072456084191799 -0.0007793352706357837 0.12099999934434891 250 255 251
-0.03100907988846302 -0.0010638539679348469 0.12099999934434891 249 255 254
-0.03155222535133362 -0.0010726461187005043 0.12200000137090683 249 255 254
-0.031839095056056976 -0.0010726461187005043 0.12200000137090683 249 255 254
-0.032125964760780334 -0.0010726461187005043 0.12200000137090683 249 255 254
-0.03241283446550369 -0.0010726461187005043 0.12200000137090683 246 255 254
-0.03269970417022705 -0.0010726461187005043 0.12200000137090683 246 255 254
-0.033256955444812775 -0.0010814383858814836 0.12300000339746475 244 255 252
-0.03354617580771446 -0.0007922168588265777 0.12300000339746475 249 255 254
-0.03383539989590645 -0.0007922168588265777 0.12300000339746475 246 255 253
-0.034124620258808136 -0.0010814383858814836 0.12300000339746475 241 255 248
-0.034413840621709824 -0.0010814383858814836 0.12300000339746475 240 255 247
-0.03470306470990181 -0.0010814383858814836 0.12300000339746475 240 255 247
-0.0349922850728035 -0.0010814383858814836 0.12300000339746475 247 255 249
-0.035281505435705185 -0.0010814383858814836 0.12300000339746475 249 255 251
-0.020030450075864792 0.0009201092179864645 0.11999999731779099 246 255 254
-0.020312616601586342 0.0012022765586152673 0.11999999731779099 249 255 250
-0.02059478498995304 0.0014844437828287482 0.11999999731779099 246 255 251
-0.02087695151567459 0.001766611123457551 0.11999999731779099 246 255 250
-0.02115911990404129 0.001766611123457551 0.11999999731779099 239 255 249
-0.02087695151567459 0.001766611123457551 0.11999999731779099 246 255 250
-0.02059478498995304 0.001766611123457551 0.11999999731779099 247 255 251
-0.020312616601586342 0.0014844437828287482 0.11999999731779099 249 255 254
-0.020030450075864792 0.0012022765586152673 0.11999999731779099 250 255 251
-0.019748283550143242 0.0009201092179864645 0.11999999731779099 249 255 254
-0.019466115161776543 0.0009201092179864645 0.11999999731779099 249 255 254
-0.019024081528186798 0.0009124416392296553 0.11900000274181366 250 255 254
-0.018744265660643578 0.0009124416392296553 0.11900000274181366 250 255 254
-0.018464449793100357 0.0009124416392296553 0.11900000274181366 250 255 254
-0.018184633925557137 0.0009124416392296553 0.11900000274181366 249 255 253
-0.017904818058013916 0.0009124416392296553 0.11900000274181366 249 255 253
-0.017625002190470695 0.0009124416392296553 0.11900000274181366 250 255 254
-0.017345186322927475 0.0011922575067728758 0.11900000274181366 250 255 251
-0.017065370455384254 0.0011922575067728758 0.11900000274181366 250 255 251
-0.016785554587841034 0.0011922575067728758 0.11900000274181366 250 255 251
-0.016505738720297813 0.0011922575067728758 0.11900000274181366 250 255 251
-0.016362275928258896 0.0014844437828287482 0.11999999731779099 250 255 254
-0.016080107539892197 0.0014844437828287482 0.11999999731779099 250 255 254
-0.015797941014170647 0.0014844437828287482 0.11999999731779099 248 255 253
-0.015515773557126522 0.001766611123457551 0.11999999731779099 250 255 254
-0.015233606100082397 0.001766611123457551 0.11999999731779099 250 255 254
-0.014951438643038273 0.002048778347671032 0.11999999731779099 250 255 251
-0.014669272117316723 0.002048778347671032 0.11999999731779099 250 255 251
-0.014387104660272598 0.002330945571884513 0.11999999731779099 250 255 251
-0.014104937203228474 0.0026131130289286375 0.11999999731779099 252 255 249
-0.01393795944750309 0.0029194075614213943 0.12099999934434891 250 255 251
-0.013653441332280636 0.0032039261423051357 0.12099999934434891 250 255 251
-0.013653441332280636 0.0034884449560195208 0.12099999934434891 250 255 251
-0.013368922285735607 0.003772963536903262 0.12099999934434891 250 255 251
-0.013084403239190578 0.0034884449560195208 0.12099999934434891 240 251 247
-0.012799885123968124 0.003772963536903262 0.12099999934434891 247 254 248
-0.012515366077423096 0.003772963536903262 0.12099999934434891 247 255 249
-0.012230847962200642 0.003772963536903262 0.12099999934434891 248 255 250
-0.011946328915655613 0.003772963536903262 0.12099999934434891 248 255 250
-0.011661809869110584 0.003772963536903262 0.12099999934434891 249 255 251
-0.01137729175388813 0.003772963536903262 0.12099999934434891 250 255 249
-0.01118444837629795 0.0035172749776393175 0.12200000137090683 247 255 245
-0.010897578671574593 0.0035172749776393175 0.12200000137090683 248 255 247
-0.01061070803552866 0.003804145148023963 0.12200000137090683 250 255 251
-0.010323838330805302 0.003804145148023963 0.12200000137090683 250 255 251
-0.010036968626081944 0.003804145148023963 0.12200000137090683 250 255 251
-0.009830016642808914 0.00383532652631402 0.12300000339746475 249 255 251
-0.009540795348584652 0.00412454828619957 0.12300000339746475 250 255 249
-0.00925157405436039 0.004413769580423832 0.12300000339746475 250 255 251
-0.008962352760136127 0.004413769580423832 0.12300000339746475 250 255 251
-0.008673131465911865 0.004702990874648094 0.12300000339746475 250 255 251
-0.008383910171687603 0.004992212634533644 0.12300000339746475 252 255 251
-0.008094687946140766 0.005281433928757906 0.12300000339746475 250 255 251
-0.007805466651916504 0.005570655222982168 0.12300000339746475 252 255 251
-0.007577353157103062 0.005907518323510885 0.12399999797344208 242 255 252
-0.007577353157103062 0.0061990912072360516 0.12399999797344208 248 255 250
-0.007285780273377895 0.006490664090961218 0.12399999797344208 252 255 251
-0.006994207389652729 0.006490664090961218 0.12399999797344208 250 255 251
-0.006702634505927563 0.006490664090961218 0.12399999797344208 250 255 251
-0.006411061622202396 0.006490664090961218 0.12399999797344208 247 255 254
-0.006168839521706104 0.006543008144944906 0.125 247 255 254
-0.005874915048480034 0.006543008144944906 0.125 249 255 254
-0.005580991040915251 0.006543008144944906 0.125 248 255 253
-0.00528706656768918 0.006543008144944906 0.125 249 255 251
-0.0050330874510109425 0.006299076601862907 0.12600000202655792 248 255 250
-0.004736811853945255 0.006299076601862907 0.12600000202655792 243 255 247
-0.004440536256879568 0.006299076601862907 0.12600000202655792 245 255 249
-0.0041771517135202885 0.006647696252912283 0.12700000405311584 249 255 251
-0.003878524526953697 0.006647696252912283 0.12700000405311584 249 255 251
-0.003579897340387106 0.006647696252912283 0.12700000405311584 247 255 251
-0.0032812703866511583 0.006946322973817587 0.12700000405311584 250 255 251
-0.0029826434329152107 0.007244950160384178 0.12700000405311584 250 255 251
-0.0026840162463486195 0.007543577346950769 0.12700000405311584 252 255 249
-0.0026840162463486195 0.007244950160384178 0.12700000405311584 248 255 249
-0.0029826434329152107 0.006946322973817587 0.12700000405311584 247 255 251
-0.0032812703866511583 0.006946322973817587 0.12700000405311584 250 255 251
-0.003579897340387106 0.006647696252912283 0.12700000405311584 247 255 251
-0.003878524526953697 0.006647696252912283 0.12700000405311584 249 255 251
-0.0041771517135202885 0.006647696252912283 0.12700000405311584 249 255 251
-0.004440536256879568 0.006299076601862907 0.12600000202655792 245 255 249
-0.004736811853945255 0.006299076601862907 0.12600000202655792 243 255 247
-0.0050330874510109425 0.006299076601862907 0.12600000202655792 248 255 250
-0.00528706656768918 0.006543008144944906 0.125 249 255 251
-0.005580991040915251 0.006543008144944906 0.125 248 255 253
-0.005874915048480034 0.006543008144944906 0.125 249 255 254
-0.006168839521706104 0.006543008144944906 0.125 247 255 254
-0.006411061622202396 0.006490664090961218 0.12399999797344208 247 255 254
-0.006702634505927563 0.006490664090961218 0.12399999797344208 250 255 251
-0.006994207389652729 0.006490664090961218 0.12399999797344208 250 255 251
-0.007285780273377895 0.0061990912072360516 0.12399999797344208 247 255 249
-0.007577353157103062 0.005907518323510885 0.12399999797344208 242 255 252
-0.007577353157103062 0.005615945439785719 0.12399999797344208 241 255 254
-0.007805466651916504 0.005281433928757906 0.12300000339746475 250 255 251
-0.008094687946140766 0.004992212634533644 0.12300000339746475 249 255 254
-0.008383910171687603 0.004702990874648094 0.12300000339746475 250 255 251
-0.008673131465911865 0.004413769580423832 0.12300000339746475 247 255 254
-0.008962352760136127 0.004413769580423832 0.12300000339746475 250 255 251
-0.00925157405436039 0.00412454828619957 0.12300000339746475 249 255 249
-0.009540795348584652 0.00412454828619957 0.12300000339746475 250 255 249
-0.009830016642808914 0.00383532652631402 0.12300000339746475 249 255 251
-0.010036968626081944 0.003804145148023963 0.12200000137090683 250 255 251
-0.010323838330805302 0.003804145148023963 0.12200000137090683 250 255 251
-0.01061070803552866 0.003804145148023963 0.12200000137090683 250 255 251
-0.010897578671574593 0.0035172749776393175 0.12200000137090683 248 255 247
-0.01118444837629795 0.0035172749776393175 0.12200000137090683 247 255 245
-0.01137729175388813 0.003772963536903262 0.12099999934434891 250 255 249
-0.011661809869110584 0.003772963536903262 0.12099999934434891 249 255 251
-0.011946328915655613 0.003772963536903262 0.12099999934434891 248 255 250
-0.012230847962200642 0.003772963536903262 0.12099999934434891 248 255 250
-0.012515366077423096 0.003772963536903262 0.12099999934434891 247 255 249
-0.012799885123968124 0.003772963536903262 0.12099999934434891 247 254 248
-0.013084403239190578 0.0034884449560195208 0.12099999934434891 240 251 247
-0.013368922285735607 0.0034884449560195208 0.12099999934434891 250 255 251
-0.013653441332280636 0.0032039261423051357 0.12099999934434891 250 255 251
-0.013653441332280636 0.0029194075614213943 0.12099999934434891 250 255 249
-0.013822769746184349 0.0026131130289286375 0.11999999731779099 252 255 249
-0.014104937203228474 0.002330945571884513 0.11999999731779099 249 255 248
-0.014387104660272598 0.002330945571884513 0.11999999731779099 250 255 251
-0.014669272117316723 0.002048778347671032 0.11999999731779099 250 255 251
-0.014951438643038273 0.001766611123457551 0.11999999731779099 250 255 254
-0.015233606100082397 0.001766611123457551 0.11999999731779099 250 255 254
-0.015515773557126522 0.001766611123457551 0.11999999731779099 250 255 254
-0.015797941014170647 0.0014844437828287482 0.11999999731779099 248 255 253
-0.016080107539892197 0.0014844437828287482 0.11999999731779099 250 255 254
-0.016362275928258896 0.0014844437828287482 0.11999999731779099 250 255 254
-0.016505738720297813 0.0011922575067728758 0.11900000274181366 250 255 251
-0.016785554587841034 0.0011922575067728758 0.11900000274181366 250 255 251
-0.017065370455384254 0.0011922575067728758 0.11900000274181366 250 255 251
-0.017345186322927475 0.0011922575067728758 0.11900000274181366 250 255 251
-0.017625002190470695 0.0009124416392296553 0.11900000274181366 250 255 254
-0.017904818058013916 0.0009124416392296553 0.11900000274181366 249 255 253
-0.018184633925557137 0.0009124416392296553 0.11900000274181366 249 255 253
-0.018464449793100357 0.0009124416392296553 0.11900000274181366 250 255 254
-0.018744265660643578 0.0009124416392296553 0.11900000274181366 250 255 254
-0.019024081528186798 0.0009124416392296553 0.11900000274181366 250 255 254
-0.019466115161776543 0.0009201092179864645 0.11999999731779099 249 255 254
-0.019748283550143242 0.0009201092179864645 0.11999999731779099 249 255 254
