-0.0579184927046299 -0.003844428574666381 0.11900000274181366 246 255 254
-0.05819830670952797 -0.0035646127071231604 0.11900000274181366 249 255 254
-0.05847812443971634 -0.00328479683957994 0.11900000274181366 242 255 251
-0.05875793844461441 -0.0030049807392060757 0.11900000274181366 246 255 248
-0.05875793844461441 -0.0024453490041196346 0.11900000274181366 250 255 247
-0.05875793844461441 -0.002165533136576414 0.11900000274181366 250 255 247
-0.05847812443971634 -0.002165533136576414 0.11900000274181366 250 255 247
-0.05819830670952797 -0.0024453490041196346 0.11900000274181366 250 255 249
-0.0579184927046299 -0.0024453490041196346 0.11900000274181366 250 255 249
-0.05763867497444153 -0.0024453490041196346 0.11900000274181366 250 255 249
-0.05735886096954346 -0.0024453490041196346 0.11900000274181366 250 255 249
-0.05659938603639603 -0.0024247998371720314 0.11800000071525574 250 255 249
-0.056321922689676285 -0.0024247998371720314 0.11800000071525574 250 255 249
-0.05604445934295654 -0.0024247998371720314 0.11800000071525574 250 255 249
-0.0557669922709465 -0.0024247998371720314 0.11800000071525574 250 255 249
-0.05548952892422676 -0.0021473353262990713 0.11800000071525574 252 255 249
-0.05521206557750702 -0.0021473353262990713 0.11800000071525574 252 255 249
-0.05493460223078728 -0.0021473353262990713 0.11800000071525574 252 255 249
-0.05465713515877724 -0.0021473353262990713 0.11800000071525574 252 255 249
-0.054379671812057495 -0.0021473353262990713 0.11800000071525574 252 255 249
-0.05410220846533775 -0.0021473353262990713 0.11800000071525574 252 255 249
-0.05382474139332771 -0.0021473353262990713 0.11800000071525574 252 255 249
-0.05309348925948143 -0.002129137748852372 0.11699999868869781 252 255 249
-0.05281837284564972 -0.0018540245946496725 0.11699999868869781 252 255 249
-0.05056344345211983 -0.0015519214794039726 0.11500000208616257 250 255 249
-0.05029303580522537 -0.0015519214794039726 0.11500000208616257 250 255 249
-0.05002262443304062 -0.0015519214794039726 0.11500000208616257 250 255 249
-0.049752213060855865 -0.0015519214794039726 0.11500000208616257 250 255 249
-0.04905152693390846 -0.0012703676475211978 0.11400000005960464 250 255 249
-0.04921139404177666 -0.0012815111549571157 0.11500000208616257 250 255 249
-0.048940982669591904 -0.0012815111549571157 0.11500000208616257 250 255 249
-0.04867057129740715 -0.0012815111549571157 0.11500000208616257 250 255 249
-0.048400163650512695 -0.0012815111549571157 0.11500000208616257 250 255 249
-0.04812975227832794 -0.0012815111549571157 0.11500000208616257 249 255 249
-0.04785934090614319 -0.0012815111549571157 0.11500000208616257 249 255 249
-0.041369494050741196 -0.0001998699299292639 0.11500000208616257 73 94 100
-0.04109908267855644 -0.0001998699299292639 0.11500000208616257 205 220 215
-0.041369494050741196 -0.0001998699299292639 0.11500000208616257 73 94 100
-0.04785934090614319 -0.0012815111549571157 0.11500000208616257 249 255 249
-0.04812975227832794 -0.0015519214794039726 0.11500000208616257 249 255 247
-0.04812975227832794 -0.0018223318038508296 0.11500000208616257 250 255 247
-0.04812975227832794 -0.0020927421282976866 0.11500000208616257 249 255 247
-0.048400163650512695 -0.0023631525691598654 0.11500000208616257 250 255 251
-0.04867057129740715 -0.0026335627771914005 0.11500000208616257 250 255 251
-0.048940982669591904 -0.0029039729852229357 0.11500000208616257 250 255 251
-0.04921139404177666 -0.0029039729852229357 0.11500000208616257 250 255 251
-0.050457604229450226 -0.003201986663043499 0.11599999666213989 250 255 254
-0.05073036625981331 -0.003201986663043499 0.11599999666213989 250 255 254
-0.05199303478002548 -0.003504703287035227 0.11699999868869781 247 255 254
-0.052268147468566895 -0.003504703287035227 0.11699999868869781 247 255 254
-0.05254326015710831 -0.003229590132832527 0.11699999868869781 249 255 254
-0.05326981469988823 -0.0032571933697909117 0.11800000071525574 249 255 254
-0.05354727804660797 -0.0032571933697909117 0.11800000071525574 245 255 253
-0.05382474139332771 -0.0029797288589179516 0.11800000071525574 249 255 254
-0.05410220846533775 -0.0029797288589179516 0.11800000071525574 247 255 251
-0.054379671812057495 -0.0029797288589179516 0.11800000071525574 247 255 251
-0.05465713515877724 -0.0029797288589179516 0.11800000071525574 247 255 247
-0.05493460223078728 -0.0029797288589179516 0.11800000071525574 247 255 247
-0.05521206557750702 -0.0029797288589179516 0.11800000071525574 249 255 250
-0.05548952892422676 -0.0032571933697909117 0.11800000071525574 250 255 251
-0.056239597499370575 -0.0035646127071231604 0.11900000274181366 250 255 254
-0.039206210523843765 -0.0015519214794039726 0.11500000208616257 247 255 254
-0.03947662189602852 -0.0012815111549571157 0.11500000208616257 249 255 254
-0.03974703326821327 -0.0010111008305102587 0.11500000208616257 249 255 254
-0.04001744091510773 -0.0007406905642710626 0.11500000208616257 250 255 254
-0.04028785228729248 -0.0007406905642710626 0.11500000208616257 249 255 254
-0.04001744091510773 -0.0007406905642710626 0.11500000208616257 250 255 254
-0.03974703326821327 -0.0007406905642710626 0.11500000208616257 250 255 254
-0.03947662189602852 -0.0010111008305102587 0.11500000208616257 250 255 254
-0.039206210523843765 -0.0012815111549571157 0.11500000208616257 249 255 254
-0.03893580287694931 -0.0015519214794039726 0.11500000208616257 249 255 254
-0.03866539150476456 -0.0015519214794039726 0.11500000208616257 249 255 254
-0.0383949801325798 -0.0015519214794039726 0.11500000208616257 249 255 254
-0.03812456876039505 -0.0015519214794039726 0.11500000208616257 249 255 254
-0.037854161113500595 -0.0015519214794039726 0.11500000208616257 247 255 251
-0.03758374974131584 -0.0012815111549571157 0.11500000208616257 252 255 254
-0.03731333836913109 -0.0012815111549571157 0.11500000208616257 250 255 254
-0.03736504167318344 -0.0012926547788083553 0.11599999666213989 250 255 254
-0.03709227964282036 -0.0012926547788083553 0.11599999666213989 248 255 253
-0.036819517612457275 -0.0012926547788083553 0.11599999666213989 249 255 254
-0.03654675558209419 -0.001019893097691238 0.11599999666213989 250 255 254
-0.03627399355173111 -0.001019893097691238 0.11599999666213989 250 255 254
-0.03600123152136803 -0.001019893097691238 0.11599999666213989 249 255 254
-0.035728469491004944 -0.0007471313583664596 0.11599999666213989 250 255 254
-0.03545571118593216 -0.0007471313583664596 0.11599999666213989 250 255 254
-0.03518294915556908 -0.0007471313583664596 0.11599999666213989 250 255 254
-0.034910187125205994 -0.00047436964814551175 0.11599999666213989 250 255 251
-0.03463742509484291 -0.00047436964814551175 0.11599999666213989 250 255 251
-0.03436466306447983 -0.00020160792337264866 0.11599999666213989 250 255 251
-0.034091901034116745 7.115377957234159e-05 0.11599999666213989 252 255 251
-0.03381913900375366 0.00034391548251733184 0.11599999666213989 250 255 249
-0.03354637697339058 0.0006166772218421102 0.11599999666213989 252 255 249
-0.033273614943027496 0.0008894389029592276 0.11599999666213989 250 255 249
-0.033273614943027496 0.001162200584076345 0.11599999666213989 252 255 249
-0.03328534588217735 0.0014473326737061143 0.11699999868869781 250 255 251
-0.03301022946834564 0.0014473326737061143 0.11699999868869781 252 255 249
-0.03273511677980423 0.0014473326737061143 0.11699999868869781 248 252 245
-0.03273744136095047 0.0017371675930917263 0.11800000071525574 248 255 247
-0.03245997801423073 0.0017371675930917263 0.11800000071525574 250 255 249
-0.03218251094222069 0.0017371675930917263 0.11800000071525574 250 255 249
-0.031905047595500946 0.0014597030822187662 0.11800000071525574 249 255 249
-0.031627584248781204 0.0014597030822187662 0.11800000071525574 250 255 251
-0.031350117176771164 0.0014597030822187662 0.11800000071525574 250 255 251
-0.0313359797000885 0.0011922575067728758 0.11900000274181366 244 255 251
-0.03105616569519043 0.0011922575067728758 0.11900000274181366 244 255 251
-0.03077634982764721 0.0014720733743160963 0.11900000274181366 252 255 254
-0.03049653396010399 0.0014720733743160963 0.11900000274181366 252 255 254
-0.030216718092560768 0.0014720733743160963 0.11900000274181366 250 255 254
-0.029936902225017548 0.0014720733743160963 0.11900000274181366 250 255 254
-0.029657086357474327 0.0017518893582746387 0.11900000274181366 250 255 251
-0.02962413802742958 0.002048778347671032 0.11999999731779099 250 255 251
-0.02934197150170803 0.002048778347671032 0.11999999731779099 250 255 251
-0.02905980311334133 0.002330945571884513 0.11999999731779099 250 255 251
-0.02877763658761978 0.0026131130289286375 0.11999999731779099 252 255 251
-0.028495468199253082 0.0028952802531421185 0.11999999731779099 252 255 251
-0.028213301673531532 0.0031774474773555994 0.11999999731779099 252 255 251
-0.027931133285164833 0.0034596147015690804 0.11999999731779099 252 255 251
-0.027648966759443283 0.003741782158613205 0.11999999731779099 250 255 251
-0.027648966759443283 0.004023949149996042 0.11999999731779099 250 255 251
-0.027594856917858124 0.0043420009315013885 0.12099999934434891 251 255 248
-0.027310337871313095 0.0043420009315013885 0.12099999934434891 246 254 241
-0.027025818824768066 0.0043420009315013885 0.12099999934434891 242 250 237
-0.026741299778223038 0.0043420009315013885 0.12099999934434891 245 255 243
-0.02645678073167801 0.0043420009315013885 0.12099999934434891 247 255 245
-0.026388563215732574 0.00437788525596261 0.12200000137090683 246 255 249
-0.026101691648364067 0.00437788525596261 0.12200000137090683 246 255 249
-0.02581482194364071 0.00437788525596261 0.12200000137090683 246 255 254
-0.025318706408143044 0.0043420009315013885 0.12099999934434891 246 255 254
-0.025034187361598015 0.0043420009315013885 0.12099999934434891 246 255 253
-0.024749670177698135 0.0043420009315013885 0.12099999934434891 247 255 254
-0.024465151131153107 0.0043420009315013885 0.12099999934434891 249 255 254
-0.02438047155737877 0.00437788525596261 0.12200000137090683 249 255 254
-0.02409360185265541 0.00437788525596261 0.12200000137090683 249 255 251
-0.023806732147932053 0.004664755426347256 0.12200000137090683 250 255 251
-0.023519862443208694 0.004664755426347256 0.12200000137090683 250 255 251
-0.02342342585325241 0.004992212634533644 0.12300000339746475 252 255 249
-0.023134205490350723 0.004992212634533644 0.12300000339746475 249 255 249
-0.022844983264803886 0.005281433928757906 0.12300000339746475 248 255 247
-0.022739142179489136 0.005324372556060553 0.12399999797344208 241 255 242
-0.02244756929576397 0.005615945439785719 0.12399999797344208 237 250 235
-0.02244756929576397 0.005324372556060553 0.12399999797344208 242 255 243
-0.022739142179489136 0.005324372556060553 0.12399999797344208 241 255 242
-0.022844983264803886 0.005281433928757906 0.12300000339746475 248 255 247
-0.023134205490350723 0.004992212634533644 0.12300000339746475 249 255 249
-0.02342342585325241 0.004702990874648094 0.12300000339746475 250 255 251
-0.023519862443208694 0.004664755426347256 0.12200000137090683 250 255 251
-0.023806732147932053 0.00437788525596261 0.12200000137090683 248 255 250
-0.02409360185265541 0.00437788525596261 0.12200000137090683 249 255 251
-0.02438047155737877 0.00437788525596261 0.12200000137090683 249 255 254
-0.024465151131153107 0.0043420009315013885 0.12099999934434891 249 255 254
-0.024749670177698135 0.0043420009315013885 0.12099999934434891 247 255 254
-0.025034187361598015 0.0043420009315013885 0.12099999934434891 246 255 253
-0.025318706408143044 0.0043420009315013885 0.12099999934434891 246 255 254
-0.02581482194364071 0.00437788525596261 0.12200000137090683 246 255 254
-0.026101691648364067 0.00437788525596261 0.12200000137090683 246 255 249
-0.026388563215732574 0.00437788525596261 0.12200000137090683 246 255 249
-0.02645678073167801 0.0043420009315013885 0.12099999934434891 247 255 245
-0.026741299778223038 0.0043420009315013885 0.12099999934434891 245 255 243
-0.027025818824768066 0.0043420009315013885 0.12099999934434891 242 250 237
-0.027310337871313095 0.0043420009315013885 0.12099999934434891 246 254 241
-0.027594856917858124 0.004057482350617647 0.12099999934434891 249 255 250
-0.027648966759443283 0.003741782158613205 0.11999999731779099 250 255 251
-0.027648966759443283 0.0034596147015690804 0.11999999731779099 247 255 254
-0.027931133285164833 0.0031774474773555994 0.11999999731779099 252 255 251
-0.028213301673531532 0.0028952802531421185 0.11999999731779099 250 255 251
-0.028495468199253082 0.0026131130289286375 0.11999999731779099 252 255 251
-0.02877763658761978 0.002330945571884513 0.11999999731779099 249 255 254
-0.02905980311334133 0.002048778347671032 0.11999999731779099 250 255 251
-0.02934197150170803 0.002048778347671032 0.11999999731779099 250 255 251
-0.02962413802742958 0.001766611123457551 0.11999999731779099 250 255 251
-0.029657086357474327 0.0017518893582746387 0.11900000274181366 250 255 251
-0.029936902225017548 0.0014720733743160963 0.11900000274181366 250 255 254
-0.030216718092560768 0.0014720733743160963 0.11900000274181366 250 255 254
-0.03049653396010399 0.0014720733743160963 0.11900000274181366 252 255 254
-0.03077634982764721 0.0014720733743160963 0.11900000274181366 252 255 254
-0.03105616569519043 0.0011922575067728758 0.11900000274181366 244 255 251
-0.0313359797000885 0.0011922575067728758 0.11900000274181366 244 255 251
-0.031350117176771164 0.0014597030822187662 0.11800000071525574 250 255 251
-0.031627584248781204 0.0014597030822187662 0.11800000071525574 250 255 251
-0.031905047595500946 0.0014597030822187662 0.11800000071525574 249 255 249
-0.03218251094222069 0.0017371675930917263 0.11800000071525574 250 255 249
-0.03245997801423073 0.0017371675930917263 0.11800000071525574 250 255 249
-0.03273744136095047 0.0017371675930917263 0.11800000071525574 248 255 247
-0.03273511677980423 0.0014473326737061143 0.11699999868869781 248 252 245
-0.03301022946834564 0.0014473326737061143 0.11699999868869781 252 255 249
-0.03328534588217735 0.0011722196359187365 0.11699999868869781 251 255 248
-0.033273614943027496 0.0008894389029592276 0.11599999666213989 250 255 249
-0.033273614943027496 0.0006166772218421102 0.11599999666213989 249 255 248
-0.03354637697339058 0.00034391548251733184 0.11599999666213989 250 255 249
-0.03381913900375366 7.115377957234159e-05 0.11599999666213989 250 255 249
-0.034091901034116745 -0.00020160792337264866 0.11599999666213989 250 255 251
-0.03436466306447983 -0.00047436964814551175 0.11599999666213989 250 255 251
-0.03463742509484291 -0.00047436964814551175 0.11599999666213989 250 255 251
-0.034910187125205994 -0.0007471313583664596 0.11599999666213989 250 255 251
-0.03518294915556908 -0.0007471313583664596 0.11599999666213989 250 255 254
-0.03545571118593216 -0.0007471313583664596 0.11599999666213989 250 255 254
-0.035728469491004944 -0.0007471313583664596 0.11599999666213989 250 255 254
-0.03600123152136803 -0.001019893097691238 0.11599999666213989 249 255 254
-0.03627399355173111 -0.001019893097691238 0.11599999666213989 250 255 254
-0.03654675558209419 -0.001019893097691238 0.11599999666213989 250 255 254
-0.036819517612457275 -0.0012926547788083553 0.11599999666213989 249 255 254
-0.03709227964282036 -0.0012926547788083553 0.11599999666213989 248 255 253
-0.03736504167318344 -0.0012926547788083553 0.11599999666213989 250 255 254
-0.03731333836913109 -0.0012815111549571157 0.11500000208616257 250 255 254
-0.03758374974131584 -0.0012815111549571157 0.11500000208616257 252 255 254
-0.037854161113500595 -0.0015519214794039726 0.11500000208616257 247 255 251
-0.03812456876039505 -0.0015519214794039726 0.11500000208616257 249 255 254
-0.0383949801325798 -0.0015519214794039726 0.11500000208616257 249 255 254
-0.03866539150476456 -0.0015519214794039726 0.11500000208616257 249 255 254
-0.03893580287694931 -0.0015519214794039726 0.11500000208616257 249 255 254
-0.040558263659477234 7.054038724163547e-05 0.11500000208616257 250 255 251
-0.04028785228729248 7.054038724163547e-05 0.11500000208616257 250 255 251
-0.04001744091510773 7.054038724163547e-05 0.11500000208616257 250 255 251
-0.03974703326821327 0.00034095070441253483 0.11500000208616257 250 255 249
-0.03947662189602852 0.00034095070441253483 0.11500000208616257 252 255 251
-0.039206210523843765 0.00034095070441253483 0.11500000208616257 252 255 251
-0.03893580287694931 0.0006113609997555614 0.11500000208616257 252 255 249
-0.03866539150476456 0.0006113609997555614 0.11500000208616257 252 255 249
-0.0383949801325798 0.0006113609997555614 0.11500000208616257 252 255 249
-0.03812456876039505 0.0006113609997555614 0.11500000208616257 252 255 249
-0.03818332776427269 0.0006166772218421102 0.11599999666213989 252 255 249
-0.03791056573390961 0.0008894389029592276 0.11599999666213989 252 255 249
-0.037637803703546524 0.0008894389029592276 0.11599999666213989 252 255 249
-0.03736504167318344 0.0008894389029592276 0.11599999666213989 252 255 249
-0.03741203993558884 0.0011722196359187365 0.11699999868869781 252 255 249
-0.037136927247047424 0.0011722196359187365 0.11699999868869781 252 255 249
-0.03686181455850601 0.0014473326737061143 0.11699999868869781 250 255 251
-0.0365867018699646 0.001722445827908814 0.11699999868869781 250 255 251
-0.03631158918142319 0.001722445827908814 0.11699999868869781 250 255 251
-0.036036476492881775 0.001997558865696192 0.11699999868869781 250 255 251
-0.03576136380434036 0.001997558865696192 0.11699999868869781 250 255 251
-0.03548624739050865 0.0022726720198988914 0.11699999868869781 250 255 251
-0.03521113470196724 0.0022726720198988914 0.11699999868869781 250 255 251
-0.03493602201342583 0.0022726720198988914 0.11699999868869781 250 255 251
-0.034660909324884415 0.002547785174101591 0.11699999868869781 252 255 251
-0.034385796636343 0.002547785174101591 0.11699999868869781 252 255 251
-0.03411068394780159 0.002547785174101591 0.11699999868869781 252 255 251
-0.03383557125926018 0.002547785174101591 0.11699999868869781 252 255 251
-0.033560458570718765 0.0028228983283042908 0.11699999868869781 252 255 251
-0.03328534588217735 0.0028228983283042908 0.11699999868869781 252 255 251
-0.03301022946834564 0.0028228983283042908 0.11699999868869781 252 255 251
-0.03301490470767021 0.0028470256365835667 0.11800000071525574 252 255 251
-0.03273744136095047 0.0028470256365835667 0.11800000071525574 252 255 251
-0.03245997801423073 0.0031244901474565268 0.11800000071525574 252 255 251
-0.03218251094222069 0.0031244901474565268 0.11800000071525574 252 255 251
-0.031905047595500946 0.0031244901474565268 0.11800000071525574 252 255 251
-0.031627584248781204 0.0031244901474565268 0.11800000071525574 252 255 251
-0.031350117176771164 0.003401954658329487 0.11800000071525574 252 255 251
-0.031072653830051422 0.0036794189363718033 0.11800000071525574 252 255 251
-0.03079518862068653 0.0036794189363718033 0.11800000071525574 252 255 251
-0.03051772527396679 0.0036794189363718033 0.11800000071525574 252 255 251
-0.030240260064601898 0.0036794189363718033 0.11800000071525574 252 255 251
-0.029962794855237007 0.003956883680075407 0.11800000071525574 252 255 251
-0.029936902225017548 0.003990416415035725 0.11900000274181366 252 255 251
-0.029657086357474327 0.003990416415035725 0.11900000274181366 252 255 251
-0.029377270489931107 0.004270232282578945 0.11900000274181366 252 255 251
-0.029097454622387886 0.004270232282578945 0.11900000274181366 252 255 251
-0.028817638754844666 0.004550048150122166 0.11900000274181366 252 255 249
-0.028537822887301445 0.004829864017665386 0.11900000274181366 252 255 249
-0.028258007019758224 0.004829864017665386 0.11900000274181366 252 255 249
-0.028213301673531532 0.005152618512511253 0.11999999731779099 252 255 249
-0.027931133285164833 0.005152618512511253 0.11999999731779099 252 255 249
-0.027648966759443283 0.005152618512511253 0.11999999731779099 252 255 249
-0.027594856917858124 0.0051955571398139 0.12099999934434891 251 255 248
-0.027310337871313095 0.0051955571398139 0.12099999934434891 250 255 245
-0.027025818824768066 0.005480075720697641 0.12099999934434891 252 255 249
-0.02696230262517929 0.005525365471839905 0.12200000137090683 252 255 249
-0.026675432920455933 0.005525365471839905 0.12200000137090683 252 255 249
-0.026388563215732574 0.005525365471839905 0.12200000137090683 252 255 249
-0.026101691648364067 0.005525365471839905 0.12200000137090683 252 255 249
-0.02581482194364071 0.005525365471839905 0.12200000137090683 252 255 249
-0.02552795223891735 0.005525365471839905 0.12200000137090683 252 255 249
-0.025241082534193993 0.005525365471839905 0.12200000137090683 252 255 249
-0.024954212829470634 0.005525365471839905 0.12200000137090683 252 255 249
-0.024667341262102127 0.00581223564222455 0.12200000137090683 252 255 251
-0.02438047155737877 0.006099105812609196 0.12200000137090683 252 255 251
-0.02438047155737877 0.006385975982993841 0.12200000137090683 252 255 249
-0.02438047155737877 0.006672845687717199 0.12200000137090683 252 255 249
-0.02438047155737877 0.006385975982993841 0.12200000137090683 252 255 249
-0.02438047155737877 0.006099105812609196 0.12200000137090683 252 255 251
-0.02438047155737877 0.00581223564222455 0.12200000137090683 252 255 251
-0.024667341262102127 0.00581223564222455 0.12200000137090683 252 255 251
-0.024954212829470634 0.005525365471839905 0.12200000137090683 252 255 249
-0.025241082534193993 0.005525365471839905 0.12200000137090683 252 255 249
-0.02552795223891735 0.005525365471839905 0.12200000137090683 252 255 249
-0.02581482194364071 0.005525365471839905 0.12200000137090683 252 255 249
-0.026101691648364067 0.005525365471839905 0.12200000137090683 252 255 249
-0.026388563215732574 0.005525365471839905 0.12200000137090683 252 255 249
-0.026675432920455933 0.005525365471839905 0.12200000137090683 252 255 249
-0.02696230262517929 0.005525365471839905 0.12200000137090683 252 255 249
-0.027025818824768066 0.005480075720697641 0.12099999934434891 252 255 249
-0.027310337871313095 0.0051955571398139 0.12099999934434891 250 255 245
-0.027594856917858124 0.0051955571398139 0.12099999934434891 251 255 248
-0.027648966759443283 0.005152618512511253 0.11999999731779099 252 255 249
-0.027931133285164833 0.005152618512511253 0.11999999731779099 252 255 249
-0.028213301673531532 0.004870451055467129 0.11999999731779099 252 255 249
-0.028258007019758224 0.004829864017665386 0.11900000274181366 252 255 249
-0.028537822887301445 0.004550048150122166 0.11900000274181366 252 255 249
-0.028817638754844666 0.004270232282578945 0.11900000274181366 252 255 251
-0.029097454622387886 0.004270232282578945 0.11900000274181366 252 255 251
-0.029377270489931107 0.004270232282578945 0.11900000274181366 252 255 251
-0.029657086357474327 0.003990416415035725 0.11900000274181366 252 255 251
-0.029936902225017548 0.003990416415035725 0.11900000274181366 252 255 251
-0.029962794855237007 0.003956883680075407 0.11800000071525574 252 255 251
-0.030240260064601898 0.0036794189363718033 0.11800000071525574 252 255 251
-0.03051772527396679 0.0036794189363718033 0.11800000071525574 252 255 251
-0.03079518862068653 0.0036794189363718033 0.11800000071525574 252 255 251
-0.031072653830051422 0.003401954658329487 0.11800000071525574 252 255 251
-0.031350117176771164 0.0031244901474565268 0.11800000071525574 252 255 251
-0.031627584248781204 0.0031244901474565268 0.11800000071525574 252 255 251
-0.031905047595500946 0.0031244901474565268 0.11800000071525574 252 255 251
-0.03218251094222069 0.0031244901474565268 0.11800000071525574 252 255 251
-0.03245997801423073 0.0031244901474565268 0.11800000071525574 252 255 251
-0.03273744136095047 0.0028470256365835667 0.11800000071525574 252 255 251
-0.03301490470767021 0.0028470256365835667 0.11800000071525574 252 255 251
-0.03301022946834564 0.0028228983283042908 0.11699999868869781 252 255 251
-0.03328534588217735 0.0028228983283042908 0.11699999868869781 252 255 251
-0.033560458570718765 0.0028228983283042908 0.11699999868869781 252 255 251
-0.03383557125926018 0.002547785174101591 0.11699999868869781 252 255 251
-0.03411068394780159 0.002547785174101591 0.11699999868869781 252 255 251
-0.034385796636343 0.002547785174101591 0.11699999868869781 252 255 251
-0.034660909324884415 0.002547785174101591 0.11699999868869781 252 255 251
-0.03493602201342583 0.0022726720198988914 0.11699999868869781 250 255 251
-0.03521113470196724 0.0022726720198988914 0.11699999868869781 250 255 251
-0.03548624739050865 0.0022726720198988914 0.11699999868869781 250 255 251
-0.03576136380434036 0.001997558865696192 0.11699999868869781 250 255 251
-0.035728469491004944 0.0017077240627259016 0.11599999666213989 250 255 251
-0.03631158918142319 0.001722445827908814 0.11699999868869781 250 255 251
-0.03627399355173111 0.0014349623816087842 0.11599999666213989 250 255 251
-0.03686181455850601 0.0011722196359187365 0.11699999868869781 252 255 249
-0.037136927247047424 0.0011722196359187365 0.11699999868869781 252 255 249
-0.03741203993558884 0.0008971064817160368 0.11699999868869781 252 255 249
-0.03736504167318344 0.0008894389029592276 0.11599999666213989 252 255 249
-0.037637803703546524 0.0008894389029592276 0.11599999666213989 252 255 249
-0.03791056573390961 0.0008894389029592276 0.11599999666213989 252 255 249
-0.03818332776427269 0.0006166772218421102 0.11599999666213989 252 255 249
-0.03812456876039505 0.0006113609997555614 0.11500000208616257 252 255 249
-0.0383949801325798 0.0006113609997555614 0.11500000208616257 252 255 249
-0.03866539150476456 0.0006113609997555614 0.11500000208616257 252 255 249
-0.03893580287694931 0.0006113609997555614 0.11500000208616257 252 255 249
-0.039206210523843765 0.00034095070441253483 0.11500000208616257 252 255 251
-0.03947662189602852 0.00034095070441253483 0.11500000208616257 252 255 251
-0.03974703326821327 7.054038724163547e-05 0.11500000208616257 250 255 251
-0.04001744091510773 7.054038724163547e-05 0.11500000208616257 250 255 251
-0.04028785228729248 7.054038724163547e-05 0.11500000208616257 250 255 251
