0.025586823001503944 0.014525479637086391 0.12800000607967377 114 103 78
0.025285843759775162 0.0148264579474926 0.12800000607967377 233 226 197
0.02498486638069153 0.0148264579474926 0.12800000607967377 209 198 164
0.02408193051815033 0.017234286293387413 0.12800000607967377 255 255 221
0.02408193051815033 0.017535263672471046 0.12800000607967377 255 255 223
0.024382909759879112 0.017535263672471046 0.12800000607967377 255 255 225
0.024683887138962746 0.01783624291419983 0.12800000607967377 254 255 247
0.02498486638069153 0.01783624291419983 0.12800000607967377 254 255 247
0.025285843759775162 0.01783624291419983 0.12800000607967377 254 255 249
0.02498486638069153 0.01783624291419983 0.12800000607967377 254 255 247
0.024683887138962746 0.01783624291419983 0.12800000607967377 254 255 247
0.024382909759879112 0.017535263672471046 0.12800000607967377 255 255 225
0.02408193051815033 0.017234286293387413 0.12800000607967377 255 255 221
0.024382909759879112 0.015428414568305016 0.12800000607967377 169 153 121
0.024683887138962746 0.015127436257898808 0.12800000607967377 177 168 133
0.02498486638069153 0.0148264579474926 0.12800000607967377 209 198 164
0.025285843759775162 0.0148264579474926 0.12800000607967377 233 226 197
0.025586823001503944 0.014525479637086391 0.12800000607967377 114 103 78
0.025887802243232727 0.014525479637086391 0.12800000607967377 110 105 83
0.026489758864045143 0.0148264579474926 0.12800000607967377 233 235 203
0.026790736243128777 0.0148264579474926 0.12800000607967377 214 216 184
0.02709171548485756 0.0148264579474926 0.12800000607967377 203 204 166
0.027606699615716934 0.01494228933006525 0.1289999932050705 197 198 160
0.027910029515624046 0.01494228933006525 0.1289999932050705 196 188 148
0.030336666852235794 0.015548949129879475 0.1289999932050705 211 199 172
0.030639996752142906 0.015548949129879475 0.1289999932050705 170 158 131
0.03094332665205002 0.015548949129879475 0.1289999932050705 120 103 78
0.03124665655195713 0.01585227996110916 0.1289999932050705 198 191 162
0.03154998645186424 0.016155609861016273 0.1289999932050705 241 234 205
0.031853318214416504 0.016155609861016273 0.1289999932050705 181 174 145
0.03215664625167847 0.016458939760923386 0.1289999932050705 210 195 167
0.03220834955573082 0.016632327809929848 0.12800000607967377 209 201 175
0.03250932693481445 0.01693330705165863 0.12800000607967377 180 168 141
0.03250932693481445 0.017234286293387413 0.12800000607967377 237 227 199
0.03281030431389809 0.017535263672471046 0.12800000607967377 180 173 142
0.03311128541827202 0.017535263672471046 0.12800000607967377 124 115 67
0.03315122798085213 0.017398269847035408 0.12700000405311584 172 163 115
0.03344985470175743 0.017398269847035408 0.12700000405311584 232 228 180
0.03401421755552292 0.017234286293387413 0.12800000607967377 171 162 116
0.03431519865989685 0.017234286293387413 0.12800000607967377 185 176 128
0.034616176038980484 0.017234286293387413 0.12800000607967377 190 181 133
0.05563918128609657 0.02707272209227085 0.18199999630451202 218 206 175
0.03973989188671112 0.01979556679725647 0.1289999932050705 212 208 181
0.039732810109853745 0.01994309201836586 0.12800000607967377 172 167 138
0.05949076637625694 0.02750067599117756 0.18199999630451202 206 197 147
0.05958949401974678 0.026923971250653267 0.1809999942779541 220 216 180
0.06001509726047516 0.02649836800992489 0.1809999942779541 137 131 107
0.06044070050120354 0.02649836800992489 0.1809999942779541 144 138 114
0.06086630001664162 0.02649836800992489 0.1809999942779541 143 137 113
0.06095327436923981 0.026351967826485634 0.18000000715255737 140 126 111
0.061799775809049606 0.026775220409035683 0.18000000715255737 166 149 122
0.061376526951789856 0.026351967826485634 0.18000000715255737 119 105 90
0.06095327436923981 0.026351967826485634 0.18000000715255737 140 126 111
0.06086630001664162 0.02649836800992489 0.1809999942779541 143 137 113
0.06044070050120354 0.02649836800992489 0.1809999942779541 144 138 114
0.06001509726047516 0.02649836800992489 0.1809999942779541 137 131 107
0.05958949401974678 0.02649836800992489 0.1809999942779541 107 101 77
0.0591638907790184 0.026923971250653267 0.1809999942779541 134 122 91
0.059062812477350235 0.02750067599117756 0.18199999630451202 128 119 69
0.05606713518500328 0.02707272209227085 0.18199999630451202 119 107 76
0.05563918128609657 0.026644768193364143 0.18199999630451202 119 107 78
0.034616176038980484 0.017234286293387413 0.12800000607967377 190 181 133
0.03431519865989685 0.017234286293387413 0.12800000607967377 185 176 128
0.03401421755552292 0.017234286293387413 0.12800000607967377 171 162 116
0.03344985470175743 0.017398269847035408 0.12700000405311584 232 228 180
0.03315122798085213 0.017398269847035408 0.12700000405311584 172 163 115
0.03311128541827202 0.017535263672471046 0.12800000607967377 124 115 67
0.03281030431389809 0.017234286293387413 0.12800000607967377 151 141 113
0.03250932693481445 0.01693330705165863 0.12800000607967377 180 168 141
0.03250932693481445 0.016632327809929848 0.12800000607967377 125 109 86
0.03215664625167847 0.016155609861016273 0.1289999932050705 129 112 85
0.031853318214416504 0.016155609861016273 0.1289999932050705 181 174 145
0.03124665655195713 0.01585227996110916 0.1289999932050705 198 191 162
0.03094332665205002 0.015548949129879475 0.1289999932050705 120 103 78
0.030639996752142906 0.015548949129879475 0.1289999932050705 170 158 131
0.030336666852235794 0.015548949129879475 0.1289999932050705 211 199 172
0.027910029515624046 0.01494228933006525 0.1289999932050705 196 188 148
0.027606699615716934 0.01494228933006525 0.1289999932050705 197 198 160
0.02709171548485756 0.0148264579474926 0.12800000607967377 203 204 166
0.026790736243128777 0.0148264579474926 0.12800000607967377 214 216 184
0.026489758864045143 0.0148264579474926 0.12800000607967377 233 235 203
0.025887802243232727 0.014525479637086391 0.12800000607967377 110 105 83
0.009052391164004803 0.01679508574306965 0.14800000190734863 231 224 175
0.009273365139961243 0.016568124294281006 0.1459999978542328 255 255 209
0.009616668336093426 0.016568124294281006 0.1459999978542328 254 255 201
0.01035489235073328 0.01611420325934887 0.1420000046491623 255 255 213
0.0106135169044137 0.016000723466277122 0.14100000262260437 254 255 238
0.01035489235073328 0.01611420325934887 0.1420000046491623 255 255 213
0.009616668336093426 0.016568124294281006 0.1459999978542328 254 255 201
0.009273365139961243 0.016568124294281006 0.1459999978542328 255 255 209
0.012934342958033085 0.013016804121434689 0.14100000262260437 206 193 169
0.013265889137983322 0.0133483512327075 0.14100000262260437 230 222 196
0.013501000590622425 0.01358287688344717 0.14000000059604645 239 236 206
0.013830195181071758 0.01358287688344717 0.14000000059604645 160 154 116
0.014159390702843666 0.01358287688344717 0.14000000059604645 97 91 53
0.014488586224615574 0.013912072405219078 0.14000000059604645 182 179 134
0.014711939729750156 0.013812700286507607 0.13899999856948853 222 219 174
0.01503878366202116 0.013485856354236603 0.13899999856948853 108 101 80
0.015365627594292164 0.013485856354236603 0.13899999856948853 121 114 93
0.015692470595240593 0.013485856354236603 0.13899999856948853 129 116 92
0.016019314527511597 0.013485856354236603 0.13899999856948853 130 117 93
0.0163461584597826 0.013485856354236603 0.13899999856948853 128 121 90
0.016673002392053604 0.013485856354236603 0.13899999856948853 114 107 76
0.016877545043826103 0.013713328167796135 0.1379999965429306 215 216 176
0.017202038317918777 0.013713328167796135 0.1379999965429306 164 165 125
0.01739952526986599 0.013936097733676434 0.13699999451637268 231 226 195
0.018231891095638275 0.014473953284323215 0.13600000739097595 244 243 215
0.01873270981013775 0.016272155568003654 0.13500000536441803 246 245 219
0.018415270373225212 0.016272155568003654 0.13500000536441803 255 255 230
0.018097832798957825 0.016272155568003654 0.13500000536441803 254 255 249
0.017780395224690437 0.016272155568003654 0.13500000536441803 254 255 249
0.0174629557877779 0.016272155568003654 0.13500000536441803 254 255 249
0.017145518213510513 0.016272155568003654 0.13500000536441803 254 255 249
0.016828080639243126 0.016272155568003654 0.13500000536441803 254 255 249
0.017145518213510513 0.016272155568003654 0.13500000536441803 254 255 249
0.0174629557877779 0.016272155568003654 0.13500000536441803 254 255 249
0.017780395224690437 0.016272155568003654 0.13500000536441803 254 255 249
0.018097832798957825 0.016272155568003654 0.13500000536441803 254 255 249
0.018415270373225212 0.016272155568003654 0.13500000536441803 255 255 230
0.01873270981013775 0.016272155568003654 0.13500000536441803 246 245 219
0.017202038317918777 0.013713328167796135 0.1379999965429306 164 165 125
0.016877545043826103 0.013713328167796135 0.1379999965429306 215 216 176
0.016673002392053604 0.013485856354236603 0.13899999856948853 114 107 76
0.0163461584597826 0.013485856354236603 0.13899999856948853 128 121 90
0.016019314527511597 0.013485856354236603 0.13899999856948853 130 117 93
0.015692470595240593 0.013485856354236603 0.13899999856948853 129 116 92
0.015365627594292164 0.013485856354236603 0.13899999856948853 121 114 93
0.01503878366202116 0.013485856354236603 0.13899999856948853 108 101 80
0.014711939729750156 0.013812700286507607 0.13899999856948853 222 219 174
0.014488586224615574 0.013912072405219078 0.14000000059604645 182 179 134
0.014159390702843666 0.01358287688344717 0.14000000059604645 97 91 53
0.013830195181071758 0.01358287688344717 0.14000000059604645 160 154 116
0.013501000590622425 0.013253682292997837 0.14000000059604645 153 145 119
0.013265889137983322 0.013016804121434689 0.14100000262260437 134 126 102
0.012934342958033085 0.013016804121434689 0.14100000262260437 206 193 169
