0.021206147968769073 0.016502387821674347 0.12700000405311584 255 255 229
0.020608892664313316 0.017099643126130104 0.12700000405311584 229 226 185
0.02090751938521862 0.0168010164052248 0.12700000405311584 250 250 219
0.021206147968769073 0.016502387821674347 0.12700000405311584 255 255 229
0.0219750814139843 0.016331350430846214 0.12800000607967377 162 156 130
0.02227606065571308 0.016331350430846214 0.12800000607967377 163 159 132
0.022577038034796715 0.016331350430846214 0.12800000607967377 160 156 129
0.022878017276525497 0.016331350430846214 0.12800000607967377 152 147 116
0.02317899465560913 0.016331350430846214 0.12800000607967377 143 138 107
0.027853509411215782 0.01785382628440857 0.12600000202655792 249 250 212
0.028149785473942757 0.018150102347135544 0.12600000202655792 241 243 209
0.02844606153666973 0.01844637840986252 0.12600000202655792 206 206 173
0.02851422317326069 0.01859390176832676 0.125 132 128 101
0.028808146715164185 0.01859390176832676 0.125 106 97 62
0.02910207211971283 0.018887827172875404 0.125 255 255 230
0.029395995661616325 0.01859390176832676 0.125 255 255 222
0.02968991920351982 0.018299978226423264 0.125 226 227 187
0.029983844608068466 0.018299978226423264 0.125 243 249 209
0.044326651841402054 0.02636086381971836 0.18299999833106995 95 100 67
0.04475695639848709 0.02636086381971836 0.18299999833106995 88 100 72
0.04518726468086243 0.02636086381971836 0.18299999833106995 86 98 70
0.03140881657600403 0.01844637840986252 0.12600000202655792 233 245 206
0.03195672109723091 0.018592778593301773 0.12700000405311584 225 237 198
0.032255347818136215 0.018592778593301773 0.12700000405311584 193 202 168
0.046139493584632874 0.026351967826485634 0.18000000715255737 141 150 116
0.046562742441892624 0.026351967826485634 0.18000000715255737 116 111 91
0.03315122798085213 0.018891405314207077 0.12700000405311584 218 216 195
0.033748481422662735 0.01919003203511238 0.12700000405311584 213 213 193
0.047719571739435196 0.026896264404058456 0.17800000309944153 145 138 119
0.03434573858976364 0.019488658756017685 0.12700000405311584 199 197 178
0.034644365310668945 0.01978728547692299 0.12700000405311584 243 242 216
0.034964125603437424 0.020224032923579216 0.12600000202655792 243 239 212
0.0352604016661644 0.02052030712366104 0.12600000202655792 199 198 172
0.03555667772889137 0.020816583186388016 0.12600000202655792 168 161 130
0.05357924476265907 0.02815190888941288 0.17800000309944153 243 245 202
0.053694434463977814 0.027577556669712067 0.1770000010728836 203 202 174
0.054110631346702576 0.027577556669712067 0.1770000010728836 206 207 178
0.05452682822942734 0.027577556669712067 0.1770000010728836 204 205 176
0.0549430251121521 0.027577556669712067 0.1770000010728836 173 166 145
0.05535922199487686 0.02799375355243683 0.1770000010728836 206 205 179
0.055775418877601624 0.02799375355243683 0.1770000010728836 116 104 75
0.05535922199487686 0.027577556669712067 0.1770000010728836 114 107 86
0.0549430251121521 0.027577556669712067 0.1770000010728836 173 166 145
0.05452682822942734 0.027577556669712067 0.1770000010728836 204 205 176
0.054110631346702576 0.027577556669712067 0.1770000010728836 206 207 178
0.053694434463977814 0.027577556669712067 0.1770000010728836 203 202 174
0.05327823758125305 0.027577556669712067 0.1770000010728836 142 141 113
0.05316069722175598 0.02815190888941288 0.17800000309944153 151 148 107
0.04967125877737999 0.02788916788995266 0.17900000512599945 88 81 50
0.04813811928033829 0.026896264404058456 0.17800000309944153 87 80 61
0.047719571739435196 0.026896264404058456 0.17800000309944153 145 138 119
0.047301024198532104 0.026477716863155365 0.17800000309944153 105 98 79
0.03315122798085213 0.018891405314207077 0.12700000405311584 218 216 195
0.046562742441892624 0.026351967826485634 0.18000000715255737 116 111 91
0.046139493584632874 0.026351967826485634 0.18000000715255737 141 150 116
0.032255347818136215 0.018592778593301773 0.12700000405311584 193 202 168
0.03195672109723091 0.018592778593301773 0.12700000405311584 225 237 198
0.03140881657600403 0.01844637840986252 0.12600000202655792 233 245 206
0.04518726468086243 0.02636086381971836 0.18299999833106995 86 98 70
0.04475695639848709 0.02636086381971836 0.18299999833106995 88 100 72
0.044326651841402054 0.02636086381971836 0.18299999833106995 95 100 67
0.029983844608068466 0.018299978226423264 0.125 243 249 209
0.02968991920351982 0.018299978226423264 0.125 226 227 187
0.029395995661616325 0.018299978226423264 0.125 168 169 129
0.02910207211971283 0.01859390176832676 0.125 212 203 168
0.028808146715164185 0.01859390176832676 0.125 106 97 62
0.028742337599396706 0.01844637840986252 0.12600000202655792 95 95 62
0.02844606153666973 0.018150102347135544 0.12600000202655792 140 141 101
0.04088421165943146 0.025930557399988174 0.18299999833106995 156 157 119
0.04002360254526138 0.0250699482858181 0.18299999833106995 138 130 104
0.02317899465560913 0.016331350430846214 0.12800000607967377 143 138 107
0.022878017276525497 0.016331350430846214 0.12800000607967377 152 147 116
0.022577038034796715 0.016331350430846214 0.12800000607967377 160 156 129
0.02227606065571308 0.016331350430846214 0.12800000607967377 163 159 132
0.0219750814139843 0.016331350430846214 0.12800000607967377 162 156 130
0.0052334703505039215 0.01838851347565651 0.13899999856948853 252 255 218
0.005560313817113638 0.01838851347565651 0.13899999856948853 255 255 221
0.005887157749384642 0.01838851347565651 0.13899999856948853 254 255 243
0.006214001681655645 0.01838851347565651 0.13899999856948853 254 255 243
0.006493788678199053 0.01825622096657753 0.1379999965429306 254 255 249
0.00681828148663044 0.01825622096657753 0.1379999965429306 254 255 249
0.007142773829400539 0.01825622096657753 0.1379999965429306 254 255 249
0.007413155399262905 0.0181239303201437 0.13699999451637268 254 255 249
0.007735296152532101 0.0181239303201437 0.13699999451637268 254 255 249
0.007413155399262905 0.0181239303201437 0.13699999451637268 254 255 249
0.007142773829400539 0.01825622096657753 0.1379999965429306 254 255 249
0.00681828148663044 0.01825622096657753 0.1379999965429306 254 255 249
0.006493788678199053 0.01825622096657753 0.1379999965429306 254 255 249
0.006214001681655645 0.01838851347565651 0.13899999856948853 254 255 243
0.005887157749384642 0.01838851347565651 0.13899999856948853 254 255 243
0.005560313817113638 0.01838851347565651 0.13899999856948853 255 255 221
0.0052334703505039215 0.01838851347565651 0.13899999856948853 252 255 218
0.005560313817113638 0.016100605949759483 0.13899999856948853 201 194 163
0.007467266172170639 0.015011297538876534 0.1379999965429306 197 205 174
0.007791758514940739 0.015011297538876534 0.1379999965429306 170 165 145
0.008116250857710838 0.015335789881646633 0.1379999965429306 212 213 186
0.008379578590393066 0.015546802431344986 0.13699999451637268 239 238 212
0.008701719343662262 0.01586894318461418 0.13699999451637268 247 247 225
0.008957992307841778 0.015753110870718956 0.13600000739097595 178 176 137
0.009277782402932644 0.015753110870718956 0.13600000739097595 108 106 67
0.009527001529932022 0.01563728041946888 0.13500000536441803 139 135 99
0.009844440035521984 0.01563728041946888 0.13500000536441803 196 192 156
0.010161877609789371 0.01563728041946888 0.13500000536441803 226 226 195
0.010716778226196766 0.015206361189484596 0.1340000033378601 114 110 83
0.011031865142285824 0.015206361189484596 0.1340000033378601 116 112 85
0.013764156959950924 0.016343822702765465 0.13300000131130219 225 220 187
0.013971050269901752 0.0168417040258646 0.13199999928474426 237 241 216
0.014281434938311577 0.017152089625597 0.13199999928474426 161 164 141
0.014281434938311577 0.01746247336268425 0.13199999928474426 207 208 179
0.014281434938311577 0.0177728570997715 0.13199999928474426 233 235 201
0.014281434938311577 0.01746247336268425 0.13199999928474426 207 208 179
0.014281434938311577 0.017152089625597 0.13199999928474426 161 164 141
0.011031865142285824 0.015206361189484596 0.1340000033378601 116 112 85
0.010716778226196766 0.015206361189484596 0.1340000033378601 114 110 83
0.010161877609789371 0.01563728041946888 0.13500000536441803 226 226 195
0.009844440035521984 0.01563728041946888 0.13500000536441803 196 192 156
0.009527001529932022 0.01563728041946888 0.13500000536441803 139 135 99
0.009277782402932644 0.015753110870718956 0.13600000739097595 108 106 67
0.008957992307841778 0.015753110870718956 0.13600000739097595 178 176 137
0.008701719343662262 0.015546802431344986 0.13699999451637268 150 149 123
0.008116250857710838 0.015011297538876534 0.1379999965429306 113 108 88
0.007791758514940739 0.015011297538876534 0.1379999965429306 170 165 145
0.007467266172170639 0.015011297538876534 0.1379999965429306 197 205 174
