0.006352619733661413 0.003574628382921219 0.13500000536441803 244 255 251
0.006035181228071451 0.0038920666556805372 0.13500000536441803 251 255 246
0.0057177431881427765 0.004209504928439856 0.13500000536441803 252 253 247
0.00508286664262414 0.004844381473958492 0.13500000536441803 251 255 246
0.00508286664262414 0.005161819513887167 0.13500000536441803 249 255 247
0.00508286664262414 0.005479257553815842 0.13500000536441803 249 255 251
0.004765428602695465 0.005796696059405804 0.13500000536441803 236 254 255
0.00508286664262414 0.005796696059405804 0.13500000536441803 248 255 253
0.00508286664262414 0.005479257553815842 0.13500000536441803 249 255 251
0.00508286664262414 0.005161819513887167 0.13500000536441803 249 255 247
0.005400305148214102 0.004844381473958492 0.13500000536441803 252 255 247
0.0057177431881427765 0.00452694296836853 0.13500000536441803 252 255 251
0.006035181228071451 0.004209504928439856 0.13500000536441803 253 254 248
0.006352619733661413 0.0038920666556805372 0.13500000536441803 249 255 249
0.006670057773590088 0.003574628382921219 0.13500000536441803 244 255 251
0.006987495813518763 0.003574628382921219 0.13500000536441803 246 255 254
0.007359044626355171 0.003601107280701399 0.13600000739097595 246 255 254
0.00767883425578475 0.003601107280701399 0.13600000739097595 244 255 254
0.007998623885214329 0.003601107280701399 0.13600000739097595 244 255 254
0.008318413980305195 0.003601107280701399 0.13600000739097595 244 255 254
0.008638203144073486 0.003601107280701399 0.13600000739097595 244 255 254
0.009023860096931458 0.003627585945650935 0.13699999451637268 244 255 254
0.009346000850200653 0.003627585945650935 0.13699999451637268 244 255 254
0.009668142534792423 0.003627585945650935 0.13699999451637268 244 255 254
0.009990283288061619 0.003627585945650935 0.13699999451637268 244 255 254
0.010312424041330814 0.003627585945650935 0.13699999451637268 246 255 254
0.01063456479460001 0.003627585945650935 0.13699999451637268 245 255 253
0.01095670647919178 0.003949726931750774 0.13699999451637268 244 255 253
0.011278847232460976 0.003949726931750774 0.13699999451637268 246 255 255
0.011600987985730171 0.00427186768501997 0.13699999451637268 249 255 254
0.011923128738999367 0.00427186768501997 0.13699999451637268 249 255 254
0.012245270423591137 0.004594008903950453 0.13699999451637268 250 255 254
0.012567411176860332 0.004916149657219648 0.13699999451637268 252 255 251
0.012889551930129528 0.005238290876150131 0.13699999451637268 250 255 254
0.013211692683398724 0.005560431629419327 0.13699999451637268 252 255 251
0.013533834367990494 0.005560431629419327 0.13699999451637268 242 249 241
0.01385597512125969 0.005560431629419327 0.13699999451637268 206 213 205
0.014178115874528885 0.005560431629419327 0.13699999451637268 248 255 247
0.01450025662779808 0.005560431629419327 0.13699999451637268 250 255 249
0.01482239831238985 0.005238290876150131 0.13699999451637268 246 255 250
0.015255083329975605 0.00527652632445097 0.1379999965429306 244 255 248
0.015579575672745705 0.00495203398168087 0.1379999965429306 241 255 250
0.01590406708419323 0.00495203398168087 0.1379999965429306 242 255 251
0.016228560358285904 0.00495203398168087 0.1379999965429306 246 255 251
0.01655305176973343 0.00495203398168087 0.1379999965429306 246 255 251
0.016877545043826103 0.00527652632445097 0.1379999965429306 247 255 252
0.01732669025659561 0.0053147622384130955 0.13899999856948853 247 255 252
0.017653534188866615 0.0053147622384130955 0.13899999856948853 238 255 255
0.01798037812113762 0.005641606170684099 0.13899999856948853 249 255 254
0.018307222053408623 0.005641606170684099 0.13899999856948853 244 255 254
0.018768122419714928 0.006011388264596462 0.14000000059604645 250 255 254
0.01909731887280941 0.006340583320707083 0.14000000059604645 249 255 254
0.019426513463258743 0.006669778376817703 0.14000000059604645 250 255 251
0.019755708053708076 0.006998973898589611 0.14000000059604645 250 255 251
0.02008490450680256 0.006669778376817703 0.14000000059604645 180 183 182
0.020414099097251892 0.006998973898589611 0.14000000059604645 213 222 213
0.02471250481903553 0.007432857062667608 0.1420000046491623 251 254 253
0.026939360424876213 0.007589889224618673 0.14499999582767487 251 255 242
0.020414099097251892 0.006998973898589611 0.14000000059604645 213 222 213
0.02008490450680256 0.006669778376817703 0.14000000059604645 180 183 182
0.019755708053708076 0.006669778376817703 0.14000000059604645 251 254 253
0.019426513463258743 0.006340583320707083 0.14000000059604645 249 255 254
0.01909731887280941 0.006011388264596462 0.14000000059604645 243 255 255
0.018307222053408623 0.005641606170684099 0.13899999856948853 244 255 254
0.01798037812113762 0.0053147622384130955 0.13899999856948853 236 255 253
0.017653534188866615 0.0053147622384130955 0.13899999856948853 238 255 255
0.01732669025659561 0.0053147622384130955 0.13899999856948853 247 255 252
0.016877545043826103 0.00527652632445097 0.1379999965429306 247 255 252
0.01655305176973343 0.00495203398168087 0.1379999965429306 246 255 251
0.016228560358285904 0.00495203398168087 0.1379999965429306 246 255 251
0.01590406708419323 0.00495203398168087 0.1379999965429306 242 255 251
0.015579575672745705 0.00495203398168087 0.1379999965429306 241 255 250
0.015255083329975605 0.00527652632445097 0.1379999965429306 244 255 248
0.01482239831238985 0.005238290876150131 0.13699999451637268 246 255 250
0.01450025662779808 0.005560431629419327 0.13699999451637268 250 255 249
0.014178115874528885 0.005560431629419327 0.13699999451637268 248 255 247
0.01385597512125969 0.005560431629419327 0.13699999451637268 206 213 205
0.013533834367990494 0.005560431629419327 0.13699999451637268 242 249 241
0.013211692683398724 0.005238290876150131 0.13699999451637268 249 255 253
0.012889551930129528 0.004916149657219648 0.13699999451637268 248 255 255
0.012567411176860332 0.004594008903950453 0.13699999451637268 249 255 253
0.011923128738999367 0.00427186768501997 0.13699999451637268 249 255 254
0.011278847232460976 0.003949726931750774 0.13699999451637268 246 255 255
0.01095670647919178 0.003949726931750774 0.13699999451637268 244 255 253
0.01063456479460001 0.003627585945650935 0.13699999451637268 245 255 253
0.010312424041330814 0.003627585945650935 0.13699999451637268 246 255 254
0.009990283288061619 0.003627585945650935 0.13699999451637268 244 255 254
0.009668142534792423 0.003627585945650935 0.13699999451637268 244 255 254
0.009346000850200653 0.003627585945650935 0.13699999451637268 244 255 254
0.009023860096931458 0.003627585945650935 0.13699999451637268 244 255 254
0.008638203144073486 0.003601107280701399 0.13600000739097595 244 255 254
0.008318413980305195 0.003601107280701399 0.13600000739097595 244 255 254
0.007998623885214329 0.003601107280701399 0.13600000739097595 244 255 254
0.00767883425578475 0.003601107280701399 0.13600000739097595 244 255 254
0.007359044626355171 0.003601107280701399 0.13600000739097595 246 255 254
0.006987495813518763 0.003574628382921219 0.13500000536441803 246 255 254
0.006670057773590088 0.003574628382921219 0.13500000536441803 244 255 251
-0.012862715870141983 0.0051673399284482 0.14399999380111694 250 255 254
-0.013201316818594933 0.00550594087690115 0.14399999380111694 245 253 254
-0.013201316818594933 0.005844541359692812 0.14399999380111694 250 255 255
-0.013539916835725307 0.0061831423081457615 0.14399999380111694 248 252 247
-0.013974896632134914 0.006567033007740974 0.14499999582767487 208 218 221
-0.014315848238766193 0.006907985080033541 0.14499999582767487 223 234 232
-0.014315848238766193 0.006907985080033541 0.14499999582767487 223 234 232
-0.013974896632134914 0.006907985080033541 0.14499999582767487 246 255 255
-0.013539916835725307 0.006521742790937424 0.14399999380111694 251 255 250
-0.013201316818594933 0.0061831423081457615 0.14399999380111694 252 255 251
-0.013201316818594933 0.005844541359692812 0.14399999380111694 250 255 255
-0.012862715870141983 0.00550594087690115 0.14399999380111694 249 255 253
-0.012862715870141983 0.0051673399284482 0.14399999380111694 250 255 254
-0.008616183884441853 0.004396594129502773 0.14100000262260437 244 255 251
-0.00828463677316904 0.004396594129502773 0.14100000262260437 230 241 237
-0.007953090593218803 0.004396594129502773 0.14100000262260437 246 254 253
-0.007621543947607279 0.004396594129502773 0.14100000262260437 249 255 255
-0.007238295394927263 0.004036217462271452 0.14000000059604645 246 255 254
-0.006909100338816643 0.003707022173330188 0.14000000059604645 242 255 255
-0.006579904817044735 0.003707022173330188 0.14000000059604645 245 255 255
-0.0062507097609341145 0.003707022173330188 0.14000000059604645 245 255 255
-0.004571842961013317 0.0033536995761096478 0.13899999856948853 244 252 251
-0.004244999028742313 0.003680543275550008 0.13899999856948853 249 255 254
-0.003918155562132597 0.003680543275550008 0.13899999856948853 249 255 254
-0.0035913116298615932 0.004007386974990368 0.13899999856948853 249 255 253
-0.003264467930421233 0.004007386974990368 0.13899999856948853 247 255 254
-0.0029164901934564114 0.004303049296140671 0.1379999965429306 250 255 254
-0.0025919978506863117 0.00462754163891077 0.1379999965429306 246 255 254
-0.0022675052750855684 0.00495203398168087 0.1379999965429306 250 255 254
-0.0022675052750855684 0.00527652632445097 0.1379999965429306 252 255 254
-0.0025919978506863117 0.005601019132882357 0.1379999965429306 252 255 251
-0.0022675052750855684 0.005601019132882357 0.1379999965429306 252 255 251
-0.0022675052750855684 0.00527652632445097 0.1379999965429306 252 255 254
-0.0022675052750855684 0.00495203398168087 0.1379999965429306 250 255 254
-0.0022675052750855684 0.00462754163891077 0.1379999965429306 244 255 252
-0.0025919978506863117 0.004303049296140671 0.1379999965429306 241 255 255
-0.002937624230980873 0.004007386974990368 0.13899999856948853 246 255 253
-0.003264467930421233 0.004007386974990368 0.13899999856948853 247 255 254
-0.0035913116298615932 0.003680543275550008 0.13899999856948853 249 255 254
-0.003918155562132597 0.003680543275550008 0.13899999856948853 249 255 254
-0.004244999028742313 0.003680543275550008 0.13899999856948853 249 255 254
-0.004571842961013317 0.0033536995761096478 0.13899999856948853 244 252 251
-0.0062507097609341145 0.003707022173330188 0.14000000059604645 245 255 255
-0.006579904817044735 0.003707022173330188 0.14000000059604645 245 255 255
-0.006909100338816643 0.003707022173330188 0.14000000059604645 242 255 255
-0.007238295394927263 0.004036217462271452 0.14000000059604645 246 255 254
-0.007621543947607279 0.004065047483891249 0.14100000262260437 241 255 255
-0.007953090593218803 0.004396594129502773 0.14100000262260437 246 254 253
-0.00828463677316904 0.004396594129502773 0.14100000262260437 230 241 237
-0.008616183884441853 0.004396594129502773 0.14100000262260437 244 255 251
