0.012567411176860332 0.013291815295815468 0.13699999451637268 121 102 96
0.012567411176860332 0.013613956049084663 0.13699999451637268 151 137 122
0.012245270423591137 0.013936097733676434 0.13699999451637268 93 78 66
0.012567411176860332 0.013936097733676434 0.13699999451637268 180 165 153
0.012795467860996723 0.014154164120554924 0.13600000739097595 255 255 234
0.013115257024765015 0.014154164120554924 0.13600000739097595 255 255 235
0.01343504711985588 0.014154164120554924 0.13600000739097595 254 255 245
0.013754836283624172 0.014154164120554924 0.13600000739097595 254 255 245
0.014074626378715038 0.014154164120554924 0.13600000739097595 254 255 249
0.013754836283624172 0.014154164120554924 0.13600000739097595 254 255 245
0.01343504711985588 0.014154164120554924 0.13600000739097595 254 255 245
0.013115257024765015 0.014154164120554924 0.13600000739097595 255 255 235
0.012795467860996723 0.014154164120554924 0.13600000739097595 255 255 234
0.012567411176860332 0.013936097733676434 0.13699999451637268 180 165 153
0.012567411176860332 0.013613956049084663 0.13699999451637268 151 137 122
0.012567411176860332 0.013291815295815468 0.13699999451637268 121 102 96
0.019367584958672523 0.011510583572089672 0.13500000536441803 193 184 134
0.01968502439558506 0.011510583572089672 0.13500000536441803 157 147 106
0.019854295998811722 0.011740406975150108 0.1340000033378601 195 187 134
0.02016938291490078 0.012055492959916592 0.1340000033378601 225 213 157
0.020484469830989838 0.012055492959916592 0.1340000033378601 181 169 113
0.020799556747078896 0.01237057987600565 0.1340000033378601 180 159 113
0.020799556747078896 0.012685666792094707 0.1340000033378601 218 206 150
0.021114643663167953 0.013000753708183765 0.1340000033378601 215 204 152
0.02142973057925701 0.013000753708183765 0.1340000033378601 135 112 51
0.02174481563270092 0.013315840624272823 0.1340000033378601 191 176 109
0.022059902548789978 0.013315840624272823 0.1340000033378601 240 227 162
0.022374989464879036 0.013000753708183765 0.1340000033378601 229 211 148
0.02285940572619438 0.012780335731804371 0.13500000536441803 183 170 119
0.02317684330046177 0.012780335731804371 0.13500000536441803 198 185 134
0.023494282737374306 0.012462898157536983 0.13500000536441803 148 131 102
0.023811720311641693 0.012462898157536983 0.13500000536441803 152 135 106
0.02412915788590908 0.012462898157536983 0.13500000536441803 159 140 111
0.0246276818215847 0.012555215507745743 0.13600000739097595 155 136 107
0.024947471916675568 0.012875005602836609 0.13600000739097595 204 189 150
0.025267262011766434 0.012875005602836609 0.13600000739097595 200 185 146
0.0255870521068573 0.012875005602836609 0.13600000739097595 206 176 128
0.025906840339303017 0.012875005602836609 0.13600000739097595 184 154 106
0.026226630434393883 0.0131947947666049 0.13600000739097595 217 189 141
0.02654642052948475 0.0131947947666049 0.13600000739097595 193 165 117
0.026866210624575615 0.013514584861695766 0.13600000739097595 211 182 139
0.027185998857021332 0.013514584861695766 0.13600000739097595 191 162 119
0.02730354107916355 0.013732650317251682 0.13500000536441803 226 197 156
0.02762097865343094 0.013732650317251682 0.13500000536441803 190 161 120
0.027938416227698326 0.014050088822841644 0.13500000536441803 192 171 127
0.027938416227698326 0.014367527328431606 0.13500000536441803 231 215 169
0.028255855664610863 0.014684964902698994 0.13500000536441803 207 195 146
0.028361639007925987 0.014891274273395538 0.1340000033378601 181 161 110
0.028676725924015045 0.014891274273395538 0.1340000033378601 158 138 87
0.028991812840104103 0.014891274273395538 0.1340000033378601 161 136 87
0.02930689975619316 0.015206361189484596 0.1340000033378601 213 189 133
0.02962198667228222 0.014891274273395538 0.1340000033378601 153 131 76
0.029937073588371277 0.014891274273395538 0.1340000033378601 188 166 111
0.030252160504460335 0.014891274273395538 0.1340000033378601 205 191 133
0.030567247420549393 0.014576188288629055 0.1340000033378601 142 125 84
0.03088233433663845 0.014576188288629055 0.1340000033378601 158 146 99
0.03119742125272751 0.014576188288629055 0.1340000033378601 185 173 126
0.03151250630617142 0.014576188288629055 0.1340000033378601 197 185 136
0.03245776891708374 0.014576188288629055 0.1340000033378601 213 198 145
0.03245776891708374 0.014576188288629055 0.1340000033378601 213 198 145
0.03151250630617142 0.014576188288629055 0.1340000033378601 197 185 136
0.03119742125272751 0.014576188288629055 0.1340000033378601 185 173 126
0.03088233433663845 0.014576188288629055 0.1340000033378601 158 146 99
0.030567247420549393 0.014576188288629055 0.1340000033378601 142 125 84
0.030252160504460335 0.014891274273395538 0.1340000033378601 205 191 133
0.029937073588371277 0.014891274273395538 0.1340000033378601 188 166 111
0.02962198667228222 0.014891274273395538 0.1340000033378601 153 131 76
0.02930689975619316 0.015206361189484596 0.1340000033378601 213 189 133
0.028991812840104103 0.014891274273395538 0.1340000033378601 161 136 87
0.028676725924015045 0.014891274273395538 0.1340000033378601 158 138 87
0.028361639007925987 0.014576188288629055 0.1340000033378601 155 139 93
0.028255855664610863 0.014367527328431606 0.13500000536441803 175 159 113
0.027938416227698326 0.014050088822841644 0.13500000536441803 192 171 127
0.027938416227698326 0.013732650317251682 0.13500000536441803 141 117 92
0.02762097865343094 0.013732650317251682 0.13500000536441803 190 161 120
0.027505788952112198 0.013514584861695766 0.13600000739097595 171 137 106
0.027185998857021332 0.013514584861695766 0.13600000739097595 191 162 119
0.02654642052948475 0.0131947947666049 0.13600000739097595 193 165 117
0.026226630434393883 0.012875005602836609 0.13600000739097595 161 129 84
0.025906840339303017 0.012875005602836609 0.13600000739097595 184 154 106
0.0255870521068573 0.012875005602836609 0.13600000739097595 206 176 128
0.025267262011766434 0.012875005602836609 0.13600000739097595 200 185 146
0.024947471916675568 0.012875005602836609 0.13600000739097595 204 189 150
0.0246276818215847 0.012555215507745743 0.13600000739097595 155 136 107
0.02412915788590908 0.012462898157536983 0.13500000536441803 159 140 111
0.023811720311641693 0.012462898157536983 0.13500000536441803 152 135 106
0.023494282737374306 0.012462898157536983 0.13500000536441803 148 131 102
0.02317684330046177 0.012780335731804371 0.13500000536441803 198 185 134
0.02285940572619438 0.012780335731804371 0.13500000536441803 183 170 119
0.022374989464879036 0.012685666792094707 0.1340000033378601 155 134 88
0.022059902548789978 0.013000753708183765 0.1340000033378601 169 151 88
0.02174481563270092 0.013315840624272823 0.1340000033378601 191 176 109
0.02142973057925701 0.013000753708183765 0.1340000033378601 135 112 51
0.021114643663167953 0.012685666792094707 0.1340000033378601 161 149 93
0.020799556747078896 0.01237057987600565 0.1340000033378601 180 159 113
0.020799556747078896 0.012055492959916592 0.1340000033378601 143 122 89
0.020484469830989838 0.012055492959916592 0.1340000033378601 181 169 113
0.02016938291490078 0.011740406975150108 0.1340000033378601 171 155 111
0.01968502439558506 0.011510583572089672 0.13500000536441803 157 147 106
0.019367584958672523 0.011510583572089672 0.13500000536441803 193 184 134
0.006303411442786455 0.012022164650261402 0.14100000262260437 202 189 138
0.00663495808839798 0.012353711761534214 0.14100000262260437 225 210 173
0.006917097140103579 0.012595291249454021 0.14000000059604645 185 175 136
0.006917097140103579 0.01292448677122593 0.14000000059604645 211 205 167
0.007246292196214199 0.013253682292997837 0.14000000059604645 138 126 99
0.007246292196214199 0.01358287688344717 0.14000000059604645 163 153 123
0.007246292196214199 0.013912072405219078 0.14000000059604645 194 187 156
0.006917097140103579 0.014241267926990986 0.14000000059604645 255 255 231
0.006587901618331671 0.014241267926990986 0.14000000059604645 253 255 229
0.00625870656222105 0.014241267926990986 0.14000000059604645 254 255 249
0.00592951150611043 0.014241267926990986 0.14000000059604645 254 255 249
0.00625870656222105 0.014241267926990986 0.14000000059604645 254 255 249
0.006587901618331671 0.014241267926990986 0.14000000059604645 253 255 229
0.006917097140103579 0.014241267926990986 0.14000000059604645 255 255 231
0.007246292196214199 0.014241267926990986 0.14000000059604645 213 208 175
0.0075754872523248196 0.014241267926990986 0.14000000059604645 110 105 72
0.007246292196214199 0.013912072405219078 0.14000000059604645 194 187 156
0.007246292196214199 0.01358287688344717 0.14000000059604645 163 153 123
0.007246292196214199 0.013253682292997837 0.14000000059604645 138 126 99
0.006917097140103579 0.01292448677122593 0.14000000059604645 211 205 167
0.006917097140103579 0.012595291249454021 0.14000000059604645 185 175 136
0.006917097140103579 0.012266096659004688 0.14000000059604645 155 140 103
0.00663495808839798 0.012022164650261402 0.14100000262260437 157 137 101
