-0.03366592898964882 0.004022415727376938 0.1289999932050705 252 255 251
-0.03336259722709656 0.004022415727376938 0.1289999932050705 252 255 251
-0.033059269189834595 0.004022415727376938 0.1289999932050705 252 255 251
-0.03275593742728233 0.004022415727376938 0.1289999932050705 252 255 251
-0.032704178243875504 0.004053597338497639 0.12999999523162842 252 255 251
-0.03239849582314491 0.004053597338497639 0.12999999523162842 252 255 251
-0.03209281712770462 0.004053597338497639 0.12999999523162842 252 255 251
-0.03178713470697403 0.003747916081920266 0.12999999523162842 252 255 249
-0.031239287927746773 0.0037190858274698257 0.1289999932050705 252 255 249
-0.03093595802783966 0.0037190858274698257 0.1289999932050705 252 255 249
-0.028963197022676468 0.0036614255513995886 0.12700000405311584 252 255 249
-0.028664568439126015 0.0036614255513995886 0.12700000405311584 252 255 249
-0.02836594171822071 0.0036614255513995886 0.12700000405311584 252 255 249
-0.027846312150359154 0.003632595529779792 0.12600000202655792 252 255 249
-0.02755003608763218 0.003632595529779792 0.12600000202655792 252 255 249
-0.027253761887550354 0.003632595529779792 0.12600000202655792 252 255 249
-0.02695748582482338 0.003632595529779792 0.12600000202655792 252 255 249
-0.026661209762096405 0.003632595529779792 0.12600000202655792 250 255 247
-0.02636493369936943 0.003632595529779792 0.12600000202655792 249 255 246
-0.019823413342237473 0.0035749352537095547 0.12399999797344208 45 61 71
-0.019531840458512306 0.0035749352537095547 0.12399999797344208 75 91 101
-0.01924026757478714 0.0035749352537095547 0.12399999797344208 201 209 208
-0.018948694691061974 0.003866508137434721 0.12399999797344208 249 255 250
-0.018657121807336807 0.003866508137434721 0.12399999797344208 252 255 251
-0.01836554892361164 0.003866508137434721 0.12399999797344208 252 255 251
-0.018073976039886475 0.003866508137434721 0.12399999797344208 252 255 251
-0.01778240315616131 0.004158081021159887 0.12399999797344208 252 255 249
-0.017490830272436142 0.004158081021159887 0.12399999797344208 252 255 251
-0.017199257388710976 0.004158081021159887 0.12399999797344208 252 255 251
-0.01690768450498581 0.004158081021159887 0.12399999797344208 252 255 251
-0.016616111621260643 0.004158081021159887 0.12399999797344208 252 255 251
-0.01645618863403797 0.004485538229346275 0.125 252 255 249
-0.016162263229489326 0.004485538229346275 0.125 252 255 249
-0.01586833968758583 0.004485538229346275 0.125 252 255 249
-0.01557441521435976 0.004779462236911058 0.125 252 255 249
-0.015280491672456264 0.005073386710137129 0.125 252 255 249
-0.014986567199230194 0.005073386710137129 0.125 252 255 249
-0.014692642726004124 0.005073386710137129 0.125 252 255 249
-0.014398718252778053 0.005367311183363199 0.125 252 255 249
-0.014104794710874557 0.005367311183363199 0.125 252 255 249
-0.013810870237648487 0.005367311183363199 0.125 252 255 249
-0.013516945764422417 0.005367311183363199 0.125 252 255 249
-0.013223021291196346 0.005367311183363199 0.125 252 255 249
-0.01282566413283348 0.005324372556060553 0.12399999797344208 252 255 249
-0.012534091249108315 0.005615945439785719 0.12399999797344208 252 255 251
-0.012242518365383148 0.005615945439785719 0.12399999797344208 252 255 251
-0.011950945481657982 0.005615945439785719 0.12399999797344208 252 255 251
-0.01165937352925539 0.005615945439785719 0.12399999797344208 252 255 251
-0.011367800645530224 0.005615945439785719 0.12399999797344208 252 255 251
-0.011165551841259003 0.005661235190927982 0.125 252 255 251
-0.010871627368032932 0.005661235190927982 0.125 252 255 251
-0.010577702894806862 0.005661235190927982 0.125 252 255 251
-0.010283779352903366 0.005955159664154053 0.125 252 255 251
-0.010069773532450199 0.006002800539135933 0.12600000202655792 252 255 251
-0.009773497469723225 0.006002800539135933 0.12600000202655792 252 255 251
-0.009477222338318825 0.006002800539135933 0.12600000202655792 252 255 251
-0.00918094627559185 0.006002800539135933 0.12600000202655792 252 255 251
-0.00888467114418745 0.006002800539135933 0.12600000202655792 252 255 251
-0.008588395081460476 0.006299076601862907 0.12600000202655792 252 255 251
-0.008588395081460476 0.006595352198928595 0.12600000202655792 252 255 251
-0.008588395081460476 0.006891627795994282 0.12600000202655792 252 255 251
-0.008588395081460476 0.006595352198928595 0.12600000202655792 252 255 251
-0.008588395081460476 0.006299076601862907 0.12600000202655792 252 255 251
-0.008588395081460476 0.006002800539135933 0.12600000202655792 252 255 251
-0.00888467114418745 0.006002800539135933 0.12600000202655792 252 255 251
-0.00918094627559185 0.006002800539135933 0.12600000202655792 252 255 251
-0.009477222338318825 0.006002800539135933 0.12600000202655792 252 255 251
-0.009773497469723225 0.006002800539135933 0.12600000202655792 252 255 251
-0.010069773532450199 0.006002800539135933 0.12600000202655792 252 255 251
-0.010283779352903366 0.005955159664154053 0.125 252 255 251
-0.010577702894806862 0.005661235190927982 0.125 252 255 251
-0.010871627368032932 0.005661235190927982 0.125 252 255 251
-0.011165551841259003 0.005661235190927982 0.125 252 255 251
-0.011367800645530224 0.005615945439785719 0.12399999797344208 252 255 251
-0.01165937352925539 0.005615945439785719 0.12399999797344208 252 255 251
-0.011950945481657982 0.005615945439785719 0.12399999797344208 252 255 251
-0.012242518365383148 0.005615945439785719 0.12399999797344208 252 255 251
-0.012534091249108315 0.005615945439785719 0.12399999797344208 252 255 251
-0.01282566413283348 0.005324372556060553 0.12399999797344208 252 255 249
-0.013223021291196346 0.005367311183363199 0.125 252 255 249
-0.013516945764422417 0.005367311183363199 0.125 252 255 249
-0.013810870237648487 0.005367311183363199 0.125 252 255 249
-0.014104794710874557 0.005367311183363199 0.125 252 255 249
-0.014398718252778053 0.005367311183363199 0.125 252 255 249
-0.014692642726004124 0.005073386710137129 0.125 252 255 249
-0.014986567199230194 0.005073386710137129 0.125 252 255 249
-0.015280491672456264 0.004779462236911058 0.125 252 255 249
-0.01557441521435976 0.004485538229346275 0.125 252 255 249
-0.01586833968758583 0.004485538229346275 0.125 252 255 249
-0.016162263229489326 0.004485538229346275 0.125 252 255 249
-0.01645618863403797 0.004485538229346275 0.125 252 255 249
-0.016616111621260643 0.004158081021159887 0.12399999797344208 252 255 251
-0.01690768450498581 0.004158081021159887 0.12399999797344208 252 255 251
-0.017199257388710976 0.004158081021159887 0.12399999797344208 252 255 251
-0.017490830272436142 0.004158081021159887 0.12399999797344208 252 255 251
-0.01778240315616131 0.004158081021159887 0.12399999797344208 252 255 249
-0.018073976039886475 0.003866508137434721 0.12399999797344208 252 255 251
-0.01836554892361164 0.003866508137434721 0.12399999797344208 252 255 251
-0.018657121807336807 0.003866508137434721 0.12399999797344208 252 255 251
-0.018948694691061974 0.003866508137434721 0.12399999797344208 249 255 250
-0.01924026757478714 0.0035749352537095547 0.12399999797344208 201 209 208
-0.019531840458512306 0.0035749352537095547 0.12399999797344208 75 91 101
-0.019823413342237473 0.0035749352537095547 0.12399999797344208 45 61 71
-0.02636493369936943 0.003632595529779792 0.12600000202655792 249 255 246
-0.026661209762096405 0.0033363199327141047 0.12600000202655792 250 255 249
-0.026661209762096405 0.0030400443356484175 0.12600000202655792 251 255 248
-0.02695748582482338 0.0027437685057520866 0.12600000202655792 250 255 251
-0.027253761887550354 0.0024474929086863995 0.12600000202655792 250 255 251
-0.027846312150359154 0.0021512173116207123 0.12600000202655792 250 255 254
-0.028142588213086128 0.0021512173116207123 0.12600000202655792 250 255 254
-0.029793210327625275 0.001884385128505528 0.12800000607967377 249 255 254
-0.030094187706708908 0.001884385128505528 0.12800000607967377 249 255 254
-0.03063262812793255 0.0018991068936884403 0.1289999932050705 247 255 255
-0.03093595802783966 0.0018991068936884403 0.1289999932050705 247 255 255
-0.031239287927746773 0.0022024367935955524 0.1289999932050705 247 255 254
-0.031542617827653885 0.0022024367935955524 0.1289999932050705 247 255 254
-0.031845949590206146 0.0025057666935026646 0.1289999932050705 247 255 254
-0.03214927762746811 0.0025057666935026646 0.1289999932050705 247 255 254
-0.032704178243875504 0.002525191055610776 0.12999999523162842 244 255 252
-0.03275593742728233 0.0025057666935026646 0.1289999932050705 243 255 251
-0.033059269189834595 0.0025057666935026646 0.1289999932050705 248 255 253
-0.03336259722709656 0.0025057666935026646 0.1289999932050705 249 255 254
-0.03366592898964882 0.0025057666935026646 0.1289999932050705 252 255 251
-0.00888467114418745 0.003632595529779792 0.12600000202655792 249 255 251
-0.00918094627559185 0.003928871359676123 0.12600000202655792 249 255 254
-0.009477222338318825 0.003928871359676123 0.12600000202655792 249 255 254
-0.009773497469723225 0.00422514695674181 0.12600000202655792 249 255 251
-0.010069773532450199 0.00422514695674181 0.12600000202655792 248 255 250
-0.010366049595177174 0.00422514695674181 0.12600000202655792 252 255 251
-0.010662324726581573 0.00422514695674181 0.12600000202655792 249 253 248
-0.010366049595177174 0.00422514695674181 0.12600000202655792 252 255 251
-0.010069773532450199 0.00422514695674181 0.12600000202655792 248 255 250
-0.009773497469723225 0.00422514695674181 0.12600000202655792 249 255 251
-0.009477222338318825 0.003928871359676123 0.12600000202655792 249 255 254
-0.00918094627559185 0.00422514695674181 0.12600000202655792 250 255 254
-0.00888467114418745 0.003928871359676123 0.12600000202655792 250 255 254
-0.008588395081460476 0.003632595529779792 0.12600000202655792 249 255 251
-0.00835792999714613 0.0036614255513995886 0.12700000405311584 249 255 251
-0.008059303276240826 0.0036614255513995886 0.12700000405311584 249 255 251
-0.007760676089674234 0.0036614255513995886 0.12700000405311584 250 255 251
-0.007462048903107643 0.0036614255513995886 0.12700000405311584 250 255 251
-0.007163422182202339 0.003960052505135536 0.12700000405311584 250 255 254
-0.006918848492205143 0.003991234116256237 0.12800000607967377 250 255 254
-0.006617870181798935 0.004292212892323732 0.12800000607967377 250 255 254
-0.00631689140573144 0.004292212892323732 0.12800000607967377 250 255 254
-0.0060159130953252316 0.00459319120272994 0.12800000607967377 252 255 251
-0.0057149347849190235 0.00459319120272994 0.12800000607967377 252 255 251
-0.005413956008851528 0.0048941695131361485 0.12800000607967377 250 255 251
-0.00511297769844532 0.0051951478235423565 0.12800000607967377 252 255 249
-0.0048495931550860405 0.005539064761251211 0.1289999932050705 252 255 251
-0.0048495931550860405 0.005842394661158323 0.1289999932050705 252 255 251
-0.004546263255178928 0.005842394661158323 0.1289999932050705 252 255 251
-0.004546263255178928 0.005842394661158323 0.1289999932050705 252 255 251
-0.0048495931550860405 0.005539064761251211 0.1289999932050705 252 255 251
-0.0048495931550860405 0.005235734861344099 0.1289999932050705 249 255 251
-0.00511297769844532 0.0048941695131361485 0.12800000607967377 250 255 251
-0.005413956008851528 0.00459319120272994 0.12800000607967377 249 255 251
-0.0057149347849190235 0.00459319120272994 0.12800000607967377 252 255 251
-0.0060159130953252316 0.004292212892323732 0.12800000607967377 250 255 254
-0.00631689140573144 0.004292212892323732 0.12800000607967377 250 255 254
-0.006617870181798935 0.003991234116256237 0.12800000607967377 250 255 254
-0.006918848492205143 0.003991234116256237 0.12800000607967377 250 255 254
-0.007163422182202339 0.003960052505135536 0.12700000405311584 250 255 254
-0.007462048903107643 0.0036614255513995886 0.12700000405311584 250 255 251
-0.007760676089674234 0.0036614255513995886 0.12700000405311584 250 255 251
-0.008059303276240826 0.0036614255513995886 0.12700000405311584 249 255 251
-0.00835792999714613 0.0036614255513995886 0.12700000405311584 249 255 251
-0.008588395081460476 0.003632595529779792 0.12600000202655792 249 255 251
-0.051067110151052475 0.00011102443386334926 0.1809999942779541 56 74 83
-0.05149271339178085 0.0005366267869248986 0.1809999942779541 60 81 89
-0.05191831290721893 0.0005366267869248986 0.1809999942779541 57 78 86
-0.05234391614794731 0.0009622290963307023 0.1809999942779541 66 84 93
-0.05276951938867569 0.0009622290963307023 0.1809999942779541 60 78 87
-0.05319512262940407 0.001387831405736506 0.1809999942779541 63 80 92
-0.05362072214484215 0.001387831405736506 0.1809999942779541 62 79 91
-0.054046325385570526 0.0018134337151423097 0.1809999942779541 58 78 89
-0.054046325385570526 0.0018134337151423097 0.1809999942779541 58 78 89
-0.05362072214484215 0.0018134337151423097 0.1809999942779541 58 78 89
-0.05319512262940407 0.001387831405736506 0.1809999942779541 63 80 92
-0.05276951938867569 0.001387831405736506 0.1809999942779541 57 78 86
-0.05234391614794731 0.0009622290963307023 0.1809999942779541 66 84 93
-0.05191831290721893 0.0009622290963307023 0.1809999942779541 62 83 91
-0.05149271339178085 0.0005366267869248986 0.1809999942779541 60 81 89
-0.017490830272436142 0.0021170710679143667 0.12399999797344208 246 255 253
-0.01778240315616131 0.002408643951639533 0.12399999797344208 242 255 254
-0.01778240315616131 0.0027002166025340557 0.12399999797344208 249 255 254
-0.018073976039886475 0.002991789486259222 0.12399999797344208 250 255 251
-0.01836554892361164 0.0032833623699843884 0.12399999797344208 250 255 251
-0.018073976039886475 0.0032833623699843884 0.12399999797344208 250 255 251
-0.01778240315616131 0.002991789486259222 0.12399999797344208 250 255 251
-0.01778240315616131 0.0027002166025340557 0.12399999797344208 249 255 254
-0.017490830272436142 0.002408643951639533 0.12399999797344208 249 255 254
-0.017199257388710976 0.0021170710679143667 0.12399999797344208 245 255 252
-0.017044037580490112 0.0021341440733522177 0.125 248 255 253
-0.016750112175941467 0.0021341440733522177 0.125 248 255 253
-0.01645618863403797 0.0021341440733522177 0.125 249 255 250
-0.016162263229489326 0.0021341440733522177 0.125 250 255 251
-0.01586833968758583 0.0021341440733522177 0.125 250 255 251
-0.01557441521435976 0.0021341440733522177 0.125 250 255 251
-0.015280491672456264 0.0021341440733522177 0.125 250 255 251
-0.014986567199230194 0.0021341440733522177 0.125 250 255 251
-0.014692642726004124 0.0021341440733522177 0.125 249 255 250
-0.014398718252778053 0.0021341440733522177 0.125 249 255 250
-0.013810870237648487 0.0024280683137476444 0.125 250 255 251
-0.013516945764422417 0.0024280683137476444 0.125 250 255 251
-0.013328805565834045 0.0024474929086863995 0.12600000202655792 250 255 251
-0.013032530434429646 0.0024474929086863995 0.12600000202655792 250 255 251
-0.012736254371702671 0.0027437685057520866 0.12600000202655792 250 255 251
-0.012439979240298271 0.0030400443356484175 0.12600000202655792 252 255 251
-0.012143703177571297 0.0030400443356484175 0.12600000202655792 252 255 251
-0.011847427114844322 0.0033363199327141047 0.12600000202655792 252 255 251
-0.011551151983439922 0.003632595529779792 0.12600000202655792 250 255 251
-0.011254875920712948 0.003928871359676123 0.12600000202655792 252 255 251
-0.011254875920712948 0.00422514695674181 0.12600000202655792 252 255 251
-0.011254875920712948 0.003928871359676123 0.12600000202655792 252 255 251
-0.011254875920712948 0.003632595529779792 0.12600000202655792 250 255 249
-0.011551151983439922 0.0033363199327141047 0.12600000202655792 252 255 251
-0.011847427114844322 0.0030400443356484175 0.12600000202655792 252 255 251
-0.012143703177571297 0.0030400443356484175 0.12600000202655792 252 255 251
-0.012439979240298271 0.0027437685057520866 0.12600000202655792 250 255 251
-0.012736254371702671 0.0027437685057520866 0.12600000202655792 250 255 251
-0.013032530434429646 0.0024474929086863995 0.12600000202655792 250 255 251
-0.013328805565834045 0.0024474929086863995 0.12600000202655792 250 255 251
-0.013516945764422417 0.0024280683137476444 0.125 250 255 251
-0.013810870237648487 0.0024280683137476444 0.125 250 255 251
-0.014398718252778053 0.0021341440733522177 0.125 249 255 250
-0.014692642726004124 0.0021341440733522177 0.125 249 255 250
-0.014986567199230194 0.0021341440733522177 0.125 250 255 251
-0.015280491672456264 0.0021341440733522177 0.125 250 255 251
-0.01557441521435976 0.0021341440733522177 0.125 250 255 251
-0.01586833968758583 0.0021341440733522177 0.125 250 255 251
-0.016162263229489326 0.0021341440733522177 0.125 250 255 251
-0.01645618863403797 0.0021341440733522177 0.125 249 255 250
-0.016750112175941467 0.0021341440733522177 0.125 248 255 253
-0.017044037580490112 0.0021341440733522177 0.125 248 255 253
-0.017199257388710976 0.0021170710679143667 0.12399999797344208 245 255 252
