-0.008621172048151493 0.012401659972965717 0.13099999725818634 243 255 255
-0.008997366763651371 0.01280671264976263 0.13199999928474426 209 228 230
-0.00930775050073862 0.01311709638684988 0.13199999928474426 236 251 250
-0.00961813423782587 0.013427481055259705 0.13199999928474426 244 255 255
-0.00930775050073862 0.013427481055259705 0.13199999928474426 246 255 255
-0.008997366763651371 0.01311709638684988 0.13199999928474426 243 255 255
-0.008621172048151493 0.012709692120552063 0.13099999725818634 246 255 255
-0.008313138969242573 0.012401659972965717 0.13099999725818634 246 255 255
-0.008005106821656227 0.012401659972965717 0.13099999725818634 241 255 255
-0.007697074208408594 0.012401659972965717 0.13099999725818634 241 255 255
-0.007389041595160961 0.012401659972965717 0.13099999725818634 241 255 255
-0.007081008981913328 0.012401659972965717 0.13099999725818634 241 255 255
-0.006824678275734186 0.01249632891267538 0.13199999928474426 241 255 255
-0.006514294538646936 0.01249632891267538 0.13199999928474426 240 255 255
-0.006203910335898399 0.01249632891267538 0.13199999928474426 243 255 253
-0.00589352659881115 0.01249632891267538 0.13199999928474426 241 254 251
-0.0055831423960626125 0.01280671264976263 0.13199999928474426 246 255 255
-0.0052727581933140755 0.01280671264976263 0.13199999928474426 246 255 255
-0.004962374456226826 0.01280671264976263 0.13199999928474426 244 255 255
-0.004651990253478289 0.01280671264976263 0.13199999928474426 237 252 251
-0.004341606516391039 0.01311709638684988 0.13199999928474426 246 255 255
-0.004031222313642502 0.01311709638684988 0.13199999928474426 245 255 255
-0.0037208383437246084 0.013427481055259705 0.13199999928474426 250 255 254
-0.0034104541409760714 0.013427481055259705 0.13199999928474426 250 255 254
-0.003100070171058178 0.013737864792346954 0.13199999928474426 249 255 254
-0.0027896862011402845 0.014048248529434204 0.13199999928474426 250 255 254
-0.002479302231222391 0.014358633197844028 0.13199999928474426 247 255 254
-0.0021689182613044977 0.014669016934931278 0.13199999928474426 250 255 254
-0.0018585341749712825 0.014979400672018528 0.13199999928474426 249 255 255
-0.0018585341749712825 0.015289784409105778 0.13199999928474426 250 255 255
-0.0015598785830661654 0.015405616723001003 0.13300000131130219 216 222 222
-0.0012471431400626898 0.015405616723001003 0.13300000131130219 162 170 171
-0.000934407755266875 0.015405616723001003 0.13300000131130219 220 228 229
-0.0006216723122633994 0.015405616723001003 0.13300000131130219 248 255 255
-0.0003089369274675846 0.015405616723001003 0.13300000131130219 249 255 255
3.7984830214554677e-06 0.01509288139641285 0.13300000131130219 244 255 255
0.0003165339003317058 0.01509288139641285 0.13300000131130219 244 255 255
0.0006292692851275206 0.01509288139641285 0.13300000131130219 244 255 255
0.0009490874363109469 0.015206361189484596 0.1340000033378601 244 255 255
0.001264174235984683 0.015206361189484596 0.1340000033378601 244 252 251
0.0015792610356584191 0.015521448105573654 0.1340000033378601 248 255 255
0.0018943478353321552 0.015521448105573654 0.1340000033378601 249 255 255
0.002209434751421213 0.015836535021662712 0.1340000033378601 250 255 254
0.0025245214346796274 0.015836535021662712 0.1340000033378601 250 255 254
0.0028396083507686853 0.01615162193775177 0.1340000033378601 250 255 254
0.0031546950340270996 0.016466708853840828 0.1340000033378601 248 255 253
0.0034697819501161575 0.016781795769929886 0.1340000033378601 250 255 254
0.0038131140172481537 0.017224470153450966 0.13500000536441803 250 255 254
0.004130552057176828 0.017541909590363503 0.13500000536441803 252 255 251
0.00444799056276679 0.01785934716463089 0.13500000536441803 245 254 247
0.00444799056276679 0.018176784738898277 0.13500000536441803 250 255 251
0.004765428602695465 0.018176784738898277 0.13500000536441803 247 254 248
0.00508286664262414 0.018176784738898277 0.13500000536441803 213 224 220
0.005400305148214102 0.018176784738898277 0.13500000536441803 215 226 222
0.005760096944868565 0.018311427906155586 0.13600000739097595 245 255 254
0.005760096944868565 0.018311427906155586 0.13600000739097595 245 255 254
0.005400305148214102 0.018176784738898277 0.13500000536441803 215 226 222
0.00508286664262414 0.018176784738898277 0.13500000536441803 213 224 220
0.004765428602695465 0.018176784738898277 0.13500000536441803 247 254 248
0.00444799056276679 0.01785934716463089 0.13500000536441803 245 254 247
0.00444799056276679 0.017541909590363503 0.13500000536441803 234 242 239
0.004130552057176828 0.017224470153450966 0.13500000536441803 250 255 254
0.0038131140172481537 0.01690703257918358 0.13500000536441803 249 255 254
0.0034697819501161575 0.016466708853840828 0.1340000033378601 249 255 254
0.0031546950340270996 0.01615162193775177 0.1340000033378601 246 255 253
0.0025245214346796274 0.015836535021662712 0.1340000033378601 250 255 254
0.002209434751421213 0.015521448105573654 0.1340000033378601 248 255 255
0.0018943478353321552 0.015521448105573654 0.1340000033378601 249 255 255
0.0015792610356584191 0.015521448105573654 0.1340000033378601 248 255 255
0.001264174235984683 0.015206361189484596 0.1340000033378601 244 252 251
0.0009490874363109469 0.015206361189484596 0.1340000033378601 244 255 255
0.0006292692851275206 0.01509288139641285 0.13300000131130219 244 255 255
0.0003165339003317058 0.01509288139641285 0.13300000131130219 244 255 255
3.7984830214554677e-06 0.01509288139641285 0.13300000131130219 244 255 255
-0.0003089369274675846 0.015405616723001003 0.13300000131130219 249 255 255
-0.0006216723122633994 0.015405616723001003 0.13300000131130219 248 255 255
-0.000934407755266875 0.015405616723001003 0.13300000131130219 220 228 229
-0.0012471431400626898 0.015405616723001003 0.13300000131130219 162 170 171
-0.0015598785830661654 0.015405616723001003 0.13300000131130219 216 222 222
-0.0018585341749712825 0.014979400672018528 0.13199999928474426 249 255 255
-0.0018585341749712825 0.014669016934931278 0.13199999928474426 231 249 247
-0.0021689182613044977 0.014358633197844028 0.13199999928474426 242 253 249
-0.002479302231222391 0.014048248529434204 0.13199999928474426 242 255 255
-0.0027896862011402845 0.013737864792346954 0.13199999928474426 248 255 253
-0.003100070171058178 0.013427481055259705 0.13199999928474426 238 251 248
-0.0034104541409760714 0.013427481055259705 0.13199999928474426 250 255 254
-0.0037208383437246084 0.01311709638684988 0.13199999928474426 242 255 254
-0.004031222313642502 0.01311709638684988 0.13199999928474426 245 255 255
-0.004341606516391039 0.01311709638684988 0.13199999928474426 246 255 255
-0.004651990253478289 0.01280671264976263 0.13199999928474426 237 252 251
-0.004962374456226826 0.01280671264976263 0.13199999928474426 244 255 255
-0.0052727581933140755 0.01280671264976263 0.13199999928474426 246 255 255
-0.0055831423960626125 0.01280671264976263 0.13199999928474426 246 255 255
-0.00589352659881115 0.01249632891267538 0.13199999928474426 241 254 251
-0.006203910335898399 0.01249632891267538 0.13199999928474426 243 255 253
-0.006514294538646936 0.01249632891267538 0.13199999928474426 240 255 255
-0.006824678275734186 0.01249632891267538 0.13199999928474426 241 255 255
-0.007081008981913328 0.012401659972965717 0.13099999725818634 241 255 255
-0.007389041595160961 0.012401659972965717 0.13099999725818634 241 255 255
-0.007697074208408594 0.012401659972965717 0.13099999725818634 241 255 255
-0.008005106821656227 0.012401659972965717 0.13099999725818634 241 255 255
-0.008313138969242573 0.012401659972965717 0.13099999725818634 246 255 255
-0.02679722011089325 0.010871106758713722 0.13899999856948853 253 254 248
-0.027124064043164253 0.011197949759662151 0.13899999856948853 252 255 251
-0.027450907975435257 0.011197949759662151 0.13899999856948853 249 253 248
-0.02777775004506111 0.011524793691933155 0.13899999856948853 242 250 251
-0.02777775004506111 0.011851637624204159 0.13899999856948853 249 255 255
-0.028104593977332115 0.012178481556475163 0.13899999856948853 247 255 252
-0.028635980561375618 0.012595291249454021 0.14000000059604645 225 239 243
-0.02843143790960312 0.01283216942101717 0.13899999856948853 246 254 251
-0.028758281841874123 0.013159012421965599 0.13899999856948853 247 250 249
-0.028758281841874123 0.013485856354236603 0.13899999856948853 249 255 255
-0.028758281841874123 0.013812700286507607 0.13899999856948853 250 255 254
-0.029085125774145126 0.01413954421877861 0.13899999856948853 236 249 248
-0.02941196970641613 0.014466388151049614 0.13899999856948853 186 197 193
-0.02941196970641613 0.014466388151049614 0.13899999856948853 186 197 193
-0.029085125774145126 0.01413954421877861 0.13899999856948853 236 249 248
-0.028758281841874123 0.013812700286507607 0.13899999856948853 250 255 254
-0.028758281841874123 0.013485856354236603 0.13899999856948853 249 255 255
-0.02843143790960312 0.013159012421965599 0.13899999856948853 252 255 254
-0.02843143790960312 0.01283216942101717 0.13899999856948853 246 254 251
-0.028104593977332115 0.012505325488746166 0.13899999856948853 250 255 251
-0.02777775004506111 0.012178481556475163 0.13899999856948853 249 255 254
-0.02777775004506111 0.011851637624204159 0.13899999856948853 249 255 255
-0.027450907975435257 0.011524793691933155 0.13899999856948853 252 255 251
-0.027124064043164253 0.011197949759662151 0.13899999856948853 252 255 251
-0.02679722011089325 0.011197949759662151 0.13899999856948853 254 255 251
-0.026470376178622246 0.010871106758713722 0.13899999856948853 254 255 249
-0.026143532246351242 0.010871106758713722 0.13899999856948853 254 255 249
-0.023340756073594093 0.011595847085118294 0.13600000739097595 220 229 222
-0.023020965978503227 0.011595847085118294 0.13600000739097595 209 215 213
-0.02270117774605751 0.011595847085118294 0.13600000739097595 243 249 247
-0.022381387650966644 0.011595847085118294 0.13600000739097595 252 255 254
-0.022061597555875778 0.011595847085118294 0.13600000739097595 252 255 254
-0.021741807460784912 0.011276056990027428 0.13600000739097595 246 255 255
-0.02126450277864933 0.01119314506649971 0.13500000536441803 247 255 255
-0.020947065204381943 0.010875706560909748 0.13500000536441803 237 251 255
-0.020629627630114555 0.010875706560909748 0.13500000536441803 237 251 255
-0.02031218819320202 0.010875706560909748 0.13500000536441803 237 251 253
-0.019846642389893532 0.010795146226882935 0.1340000033378601 237 251 253
-0.019531555473804474 0.011110233142971992 0.1340000033378601 246 255 255
-0.019216468557715416 0.011110233142971992 0.1340000033378601 246 255 255
-0.018901381641626358 0.01142532005906105 0.1340000033378601 248 255 255
-0.018447590991854668 0.011340056546032429 0.13300000131130219 249 255 255
-0.01813485473394394 0.011652791872620583 0.13300000131130219 250 255 254
-0.01782212033867836 0.011965527199208736 0.13300000131130219 252 255 251
-0.01750938408076763 0.01227826252579689 0.13300000131130219 252 255 254
-0.01750938408076763 0.011965527199208736 0.13300000131130219 252 255 254
-0.01782212033867836 0.011652791872620583 0.13300000131130219 250 255 254
-0.01813485473394394 0.011340056546032429 0.13300000131130219 247 255 254
-0.018447590991854668 0.011340056546032429 0.13300000131130219 249 255 255
-0.018901381641626358 0.011110233142971992 0.1340000033378601 242 255 255
-0.019216468557715416 0.011110233142971992 0.1340000033378601 246 255 255
-0.019531555473804474 0.011110233142971992 0.1340000033378601 246 255 255
-0.019846642389893532 0.010795146226882935 0.1340000033378601 237 251 253
-0.02031218819320202 0.010875706560909748 0.13500000536441803 237 251 253
-0.020629627630114555 0.010875706560909748 0.13500000536441803 237 251 255
-0.020947065204381943 0.010875706560909748 0.13500000536441803 237 251 255
-0.02126450277864933 0.01119314506649971 0.13500000536441803 247 255 255
-0.021741807460784912 0.011276056990027428 0.13600000739097595 246 255 255
-0.022061597555875778 0.011276056990027428 0.13600000739097595 250 255 255
-0.022381387650966644 0.011595847085118294 0.13600000739097595 252 255 254
-0.02270117774605751 0.011595847085118294 0.13600000739097595 243 249 247
-0.023020965978503227 0.011595847085118294 0.13600000739097595 209 215 213
-0.023340756073594093 0.011595847085118294 0.13600000739097595 220 229 222
-0.026143532246351242 0.010871106758713722 0.13899999856948853 254 255 249
-0.026470376178622246 0.010871106758713722 0.13899999856948853 254 255 249
