-0.02877717837691307 0.009996899403631687 0.13600000739097595 252 255 245
-0.028457390144467354 0.009996899403631687 0.13600000739097595 252 255 245
-0.028137600049376488 0.009677109308540821 0.13600000739097595 252 255 249
-0.02781780995428562 0.009677109308540821 0.13600000739097595 252 255 249
-0.027498019859194756 0.009677109308540821 0.13600000739097595 252 255 249
-0.025518203154206276 0.009534798562526703 0.1340000033378601 252 255 249
-0.025203118100762367 0.009534798562526703 0.1340000033378601 252 255 249
-0.02488803118467331 0.009534798562526703 0.1340000033378601 252 255 249
-0.02457294426858425 0.009534798562526703 0.1340000033378601 252 255 249
-0.024257857352495193 0.009534798562526703 0.1340000033378601 252 255 249
-0.023942770436406136 0.009534798562526703 0.1340000033378601 252 255 249
-0.023627683520317078 0.009534798562526703 0.1340000033378601 252 255 249
-0.02348657138645649 0.00960595440119505 0.13500000536441803 252 255 249
-0.023169131949543953 0.00960595440119505 0.13500000536441803 252 255 249
-0.022682422772049904 0.009534798562526703 0.1340000033378601 252 255 249
-0.022367335855960846 0.009534798562526703 0.1340000033378601 252 255 249
-0.022052248939871788 0.009534798562526703 0.1340000033378601 252 255 249
-0.02173716202378273 0.009534798562526703 0.1340000033378601 252 255 249
-0.021262209862470627 0.009463643655180931 0.13300000131130219 252 255 249
-0.0209494736045599 0.009463643655180931 0.13300000131130219 252 255 249
-0.020481575280427933 0.00939248874783516 0.13199999928474426 252 255 249
-0.020171191543340683 0.00939248874783516 0.13199999928474426 252 255 249
-0.019860807806253433 0.00939248874783516 0.13199999928474426 252 255 249
-0.019550422206521034 0.00939248874783516 0.13199999928474426 252 255 249
-0.019240038469433784 0.009702872484922409 0.13199999928474426 252 255 249
-0.018929654732346535 0.009702872484922409 0.13199999928474426 252 255 249
-0.018929654732346535 0.00939248874783516 0.13199999928474426 251 255 248
-0.018929654732346535 0.009082104079425335 0.13199999928474426 248 255 249
-0.018929654732346535 0.008771720342338085 0.13199999928474426 250 255 251
-0.019240038469433784 0.008461336605250835 0.13199999928474426 249 255 254
-0.019550422206521034 0.008461336605250835 0.13199999928474426 250 255 251
-0.019860807806253433 0.008150952868163586 0.13199999928474426 250 255 251
-0.020171191543340683 0.008150952868163586 0.13199999928474426 250 255 251
-0.02063673920929432 0.007899967022240162 0.13300000131130219 249 255 254
-0.0209494736045599 0.007899967022240162 0.13300000131130219 250 255 254
-0.021262209862470627 0.007899967022240162 0.13300000131130219 250 255 254
-0.02173716202378273 0.00764427799731493 0.1340000033378601 245 255 249
-0.022052248939871788 0.00764427799731493 0.1340000033378601 245 255 249
-0.022367335855960846 0.00764427799731493 0.1340000033378601 244 255 249
-0.022682422772049904 0.007959364913403988 0.1340000033378601 249 255 251
-0.022997509688138962 0.007959364913403988 0.1340000033378601 247 255 254
-0.02331259660422802 0.007959364913403988 0.1340000033378601 247 255 254
-0.023627683520317078 0.008274451829493046 0.1340000033378601 249 255 251
-0.023942770436406136 0.008274451829493046 0.1340000033378601 249 255 251
-0.024257857352495193 0.008274451829493046 0.1340000033378601 246 255 249
-0.02457294426858425 0.008274451829493046 0.1340000033378601 243 255 246
-0.025073761120438576 0.008336201310157776 0.13500000536441803 247 255 247
-0.025391200557351112 0.008336201310157776 0.13500000536441803 249 255 249
-0.0257086381316185 0.008336201310157776 0.13500000536441803 249 255 250
-0.026026075705885887 0.008336201310157776 0.13500000536441803 250 255 251
-0.026343515142798424 0.008018762804567814 0.13500000536441803 250 255 254
-0.026858441531658173 0.007758371997624636 0.13600000739097595 247 255 254
-0.02717823162674904 0.007758371997624636 0.13600000739097595 249 255 254
-0.027498019859194756 0.007758371997624636 0.13600000739097595 249 255 254
-0.02802235260605812 0.00813755951821804 0.13699999451637268 249 255 251
-0.027498019859194756 0.007758371997624636 0.13600000739097595 249 255 254
-0.02717823162674904 0.007758371997624636 0.13600000739097595 249 255 254
-0.026858441531658173 0.008078161627054214 0.13600000739097595 250 255 254
-0.026343515142798424 0.008018762804567814 0.13500000536441803 250 255 254
-0.026026075705885887 0.008336201310157776 0.13500000536441803 250 255 251
-0.0257086381316185 0.008336201310157776 0.13500000536441803 249 255 250
-0.025391200557351112 0.008336201310157776 0.13500000536441803 249 255 249
-0.025073761120438576 0.008336201310157776 0.13500000536441803 247 255 247
-0.02457294426858425 0.008274451829493046 0.1340000033378601 243 255 246
-0.024257857352495193 0.008274451829493046 0.1340000033378601 246 255 249
-0.023942770436406136 0.008274451829493046 0.1340000033378601 249 255 251
-0.023627683520317078 0.008274451829493046 0.1340000033378601 249 255 251
-0.02331259660422802 0.008274451829493046 0.1340000033378601 250 255 251
-0.022997509688138962 0.007959364913403988 0.1340000033378601 247 255 254
-0.022682422772049904 0.007959364913403988 0.1340000033378601 249 255 251
-0.022367335855960846 0.00764427799731493 0.1340000033378601 244 255 249
-0.022052248939871788 0.00764427799731493 0.1340000033378601 245 255 249
-0.02173716202378273 0.00764427799731493 0.1340000033378601 245 255 249
-0.021262209862470627 0.007899967022240162 0.13300000131130219 250 255 254
-0.0209494736045599 0.007899967022240162 0.13300000131130219 250 255 254
-0.02063673920929432 0.007899967022240162 0.13300000131130219 249 255 254
-0.020171191543340683 0.008150952868163586 0.13199999928474426 250 255 251
-0.019860807806253433 0.008461336605250835 0.13199999928474426 250 255 251
-0.019550422206521034 0.008461336605250835 0.13199999928474426 250 255 251
-0.019240038469433784 0.008771720342338085 0.13199999928474426 250 255 251
-0.018929654732346535 0.009082104079425335 0.13199999928474426 248 255 249
-0.019240038469433784 0.00939248874783516 0.13199999928474426 252 255 249
-0.019550422206521034 0.00939248874783516 0.13199999928474426 252 255 249
-0.019860807806253433 0.00939248874783516 0.13199999928474426 252 255 249
-0.020171191543340683 0.00939248874783516 0.13199999928474426 252 255 249
-0.020481575280427933 0.00939248874783516 0.13199999928474426 252 255 249
-0.0209494736045599 0.009463643655180931 0.13300000131130219 252 255 249
-0.021262209862470627 0.009463643655180931 0.13300000131130219 252 255 249
-0.02173716202378273 0.009534798562526703 0.1340000033378601 252 255 249
-0.022052248939871788 0.009534798562526703 0.1340000033378601 252 255 249
-0.022367335855960846 0.009534798562526703 0.1340000033378601 252 255 249
-0.022682422772049904 0.009534798562526703 0.1340000033378601 252 255 249
-0.023169131949543953 0.00960595440119505 0.13500000536441803 252 255 249
-0.02348657138645649 0.00960595440119505 0.13500000536441803 252 255 249
-0.023627683520317078 0.009534798562526703 0.1340000033378601 252 255 249
-0.023942770436406136 0.009534798562526703 0.1340000033378601 252 255 249
-0.024257857352495193 0.009534798562526703 0.1340000033378601 252 255 249
-0.02457294426858425 0.009534798562526703 0.1340000033378601 252 255 249
-0.02488803118467331 0.009534798562526703 0.1340000033378601 252 255 249
-0.025203118100762367 0.009534798562526703 0.1340000033378601 252 255 249
-0.025518203154206276 0.009534798562526703 0.1340000033378601 252 255 249
-0.027498019859194756 0.009677109308540821 0.13600000739097595 252 255 249
-0.02781780995428562 0.009677109308540821 0.13600000739097595 252 255 249
-0.028137600049376488 0.009677109308540821 0.13600000739097595 252 255 249
-0.028457390144467354 0.009996899403631687 0.13600000739097595 252 255 245
-0.02877717837691307 0.009996899403631687 0.13600000739097595 252 255 245
-0.009166724048554897 0.007721771951764822 0.12999999523162842 246 255 254
-0.009472405537962914 0.008027452975511551 0.12999999523162842 247 255 254
-0.009778086096048355 0.008027452975511551 0.12999999523162842 247 255 254
-0.010083767585456371 0.008027452975511551 0.12999999523162842 247 255 254
-0.010083767585456371 0.008333134464919567 0.12999999523162842 249 255 251
-0.010389449074864388 0.008638815954327583 0.12999999523162842 250 255 251
-0.010695130564272404 0.008638815954327583 0.12999999523162842 246 255 251
-0.010389449074864388 0.008638815954327583 0.12999999523162842 250 255 251
-0.010083767585456371 0.008638815954327583 0.12999999523162842 250 255 251
-0.010083767585456371 0.008333134464919567 0.12999999523162842 249 255 251
-0.009778086096048355 0.008027452975511551 0.12999999523162842 247 255 254
-0.009472405537962914 0.008027452975511551 0.12999999523162842 247 255 254
-0.009166724048554897 0.007721771951764822 0.12999999523162842 246 255 254
-0.008861042559146881 0.007721771951764822 0.12999999523162842 246 255 254
-0.00855536200106144 0.007721771951764822 0.12999999523162842 246 255 254
-0.008313138969242573 0.007781170308589935 0.13099999725818634 246 255 254
-0.008005106821656227 0.007781170308589935 0.13099999725818634 247 255 254
-0.007697074208408594 0.007781170308589935 0.13099999725818634 247 255 254
-0.007389041595160961 0.007781170308589935 0.13099999725818634 247 255 254
-0.007081008981913328 0.007781170308589935 0.13099999725818634 247 255 254
-0.006772976368665695 0.007781170308589935 0.13099999725818634 247 255 254
-0.006464943755418062 0.007781170308589935 0.13099999725818634 247 255 254
-0.006156911142170429 0.008089202456176281 0.13099999725818634 249 255 254
-0.005848878528922796 0.008089202456176281 0.13099999725818634 249 255 254
-0.005540845915675163 0.008089202456176281 0.13099999725818634 249 255 254
-0.00523281330242753 0.008089202456176281 0.13099999725818634 249 255 254
-0.004924780689179897 0.008397235535085201 0.13099999725818634 250 255 254
-0.004616748075932264 0.008705267682671547 0.13099999725818634 250 255 251
-0.004308715462684631 0.008705267682671547 0.13099999725818634 250 255 251
-0.004000682849436998 0.009013300761580467 0.13099999725818634 250 255 251
-0.0036926500033587217 0.009321332909166813 0.13099999725818634 250 255 251
-0.0036926500033587217 0.009629365988075733 0.13099999725818634 250 255 251
-0.0033846173901110888 0.009629365988075733 0.13099999725818634 250 255 251
-0.0030765847768634558 0.009629365988075733 0.13099999725818634 248 255 250
-0.002768552163615823 0.009629365988075733 0.13099999725818634 240 249 242
-0.00246051955036819 0.009629365988075733 0.13099999725818634 246 255 250
-0.0021689182613044977 0.009702872484922409 0.13199999928474426 247 255 251
-0.0018585341749712825 0.009702872484922409 0.13199999928474426 250 255 251
-0.001548150205053389 0.009702872484922409 0.13199999928474426 250 255 251
-0.0012377661187201738 0.009702872484922409 0.13199999928474426 250 255 251
-0.0009273821488022804 0.00939248874783516 0.13199999928474426 250 255 251
-0.0006216723122633994 0.009150908328592777 0.13300000131130219 246 255 254
-0.0003089369274675846 0.009150908328592777 0.13300000131130219 246 255 254
3.7984830214554677e-06 0.009150908328592777 0.13300000131130219 246 255 254
0.0003165339003317058 0.009463643655180931 0.13300000131130219 250 255 254
0.0006340006366372108 0.009534798562526703 0.1340000033378601 250 255 254
0.0009490874363109469 0.009534798562526703 0.1340000033378601 250 255 254
0.001264174235984683 0.00984988547861576 0.1340000033378601 252 255 251
0.0015792610356584191 0.00984988547861576 0.1340000033378601 252 255 251
0.0018943478353321552 0.010164972394704819 0.1340000033378601 250 255 251
0.002209434751421213 0.010480059310793877 0.1340000033378601 250 255 251
0.0025245214346796274 0.010795146226882935 0.1340000033378601 252 255 251
0.0028396083507686853 0.011110233142971992 0.1340000033378601 252 255 251
0.0031546950340270996 0.011110233142971992 0.1340000033378601 252 255 251
0.0034697819501161575 0.011110233142971992 0.1340000033378601 251 255 250
0.003784868633374572 0.011110233142971992 0.1340000033378601 250 255 249
0.004130552057176828 0.01119314506649971 0.13500000536441803 250 255 249
0.00444799056276679 0.01119314506649971 0.13500000536441803 249 255 247
0.004765428602695465 0.01119314506649971 0.13500000536441803 248 255 246
0.005120517686009407 0.011276056990027428 0.13600000739097595 249 255 248
0.005440307315438986 0.010956267826259136 0.13600000739097595 246 255 248
0.005440307315438986 0.01063647773116827 0.13600000739097595 245 255 248
0.005802450235933065 0.010392546653747559 0.13699999451637268 246 255 251
0.006124591454863548 0.010392546653747559 0.13699999451637268 246 255 251
0.006124591454863548 0.010392546653747559 0.13699999451637268 246 255 251
0.005802450235933065 0.010392546653747559 0.13699999451637268 246 255 251
0.00548030948266387 0.010392546653747559 0.13699999451637268 242 255 251
0.005440307315438986 0.01063647773116827 0.13600000739097595 245 255 248
0.005120517686009407 0.010956267826259136 0.13600000739097595 244 255 246
0.004765428602695465 0.01119314506649971 0.13500000536441803 248 255 246
0.00444799056276679 0.01119314506649971 0.13500000536441803 249 255 247
0.004130552057176828 0.01119314506649971 0.13500000536441803 250 255 249
0.003784868633374572 0.011110233142971992 0.1340000033378601 250 255 249
0.0034697819501161575 0.011110233142971992 0.1340000033378601 251 255 250
0.0031546950340270996 0.011110233142971992 0.1340000033378601 252 255 251
0.0028396083507686853 0.010795146226882935 0.1340000033378601 252 255 251
0.0025245214346796274 0.010480059310793877 0.1340000033378601 250 255 251
0.002209434751421213 0.010164972394704819 0.1340000033378601 250 255 251
0.0018943478353321552 0.00984988547861576 0.1340000033378601 249 255 251
0.0015792610356584191 0.00984988547861576 0.1340000033378601 252 255 251
0.001264174235984683 0.009534798562526703 0.1340000033378601 249 255 254
0.0009490874363109469 0.009534798562526703 0.1340000033378601 250 255 254
0.0006340006366372108 0.009534798562526703 0.1340000033378601 250 255 254
0.0003165339003317058 0.009463643655180931 0.13300000131130219 250 255 254
3.7984830214554677e-06 0.009150908328592777 0.13300000131130219 246 255 254
-0.0003089369274675846 0.009150908328592777 0.13300000131130219 246 255 254
-0.0006216723122633994 0.009150908328592777 0.13300000131130219 246 255 254
-0.0009273821488022804 0.00939248874783516 0.13199999928474426 250 255 251
-0.0012377661187201738 0.00939248874783516 0.13199999928474426 250 255 251
-0.001548150205053389 0.009702872484922409 0.13199999928474426 250 255 251
-0.0018585341749712825 0.009702872484922409 0.13199999928474426 250 255 251
-0.0021689182613044977 0.009702872484922409 0.13199999928474426 247 255 251
-0.00246051955036819 0.009629365988075733 0.13099999725818634 246 255 250
-0.002768552163615823 0.009629365988075733 0.13099999725818634 240 249 242
-0.0030765847768634558 0.009629365988075733 0.13099999725818634 248 255 250
-0.0033846173901110888 0.009629365988075733 0.13099999725818634 250 255 251
-0.0036926500033587217 0.009321332909166813 0.13099999725818634 250 255 251
-0.0036926500033587217 0.009013300761580467 0.13099999725818634 250 255 251
-0.004000682849436998 0.008705267682671547 0.13099999725818634 250 255 251
-0.004308715462684631 0.008705267682671547 0.13099999725818634 250 255 251
-0.004616748075932264 0.008397235535085201 0.13099999725818634 250 255 254
-0.004924780689179897 0.008397235535085201 0.13099999725818634 250 255 254
-0.00523281330242753 0.008089202456176281 0.13099999725818634 249 255 254
-0.005540845915675163 0.008089202456176281 0.13099999725818634 249 255 254
-0.005848878528922796 0.008089202456176281 0.13099999725818634 249 255 254
-0.006156911142170429 0.008089202456176281 0.13099999725818634 249 255 254
-0.006464943755418062 0.007781170308589935 0.13099999725818634 247 255 254
-0.006772976368665695 0.007781170308589935 0.13099999725818634 247 255 254
-0.007081008981913328 0.007781170308589935 0.13099999725818634 247 255 254
-0.007389041595160961 0.007781170308589935 0.13099999725818634 247 255 254
-0.007697074208408594 0.007781170308589935 0.13099999725818634 247 255 254
-0.008005106821656227 0.007781170308589935 0.13099999725818634 247 255 254
-0.008313138969242573 0.007781170308589935 0.13099999725818634 246 255 254
-0.00855536200106144 0.007721771951764822 0.12999999523162842 246 255 254
-0.008861042559146881 0.007721771951764822 0.12999999523162842 246 255 254
