0.014934979379177094 0.015307880006730556 0.12700000405311584 133 122 97
0.014521105214953423 0.015483621507883072 0.12600000202655792 186 168 148
0.014224830083549023 0.015779897570610046 0.12600000202655792 194 186 160
0.014224830083549023 0.01607617363333702 0.12600000202655792 242 236 212
0.014224830083549023 0.01607617363333702 0.12600000202655792 242 236 212
0.014224830083549023 0.015779897570610046 0.12600000202655792 194 186 160
0.014521105214953423 0.015483621507883072 0.12600000202655792 186 168 148
0.014817381277680397 0.015483621507883072 0.12600000202655792 237 235 212
0.014934979379177094 0.015307880006730556 0.12700000405311584 133 122 97
0.015233606100082397 0.015009253285825253 0.12700000405311584 223 206 190
0.015532233752310276 0.014710626564919949 0.12700000405311584 196 186 158
0.015830861404538155 0.014710626564919949 0.12700000405311584 204 194 166
0.01612948812544346 0.014710626564919949 0.12700000405311584 200 195 164
0.016428114846348763 0.014710626564919949 0.12700000405311584 199 194 163
0.016726741567254066 0.014710626564919949 0.12700000405311584 199 194 161
0.01702536828815937 0.014710626564919949 0.12700000405311584 199 194 161
0.017323995009064674 0.014710626564919949 0.12700000405311584 200 190 160
0.017622623592615128 0.014710626564919949 0.12700000405311584 193 183 153
0.01792125031352043 0.014710626564919949 0.12700000405311584 186 166 146
0.018219877034425735 0.014710626564919949 0.12700000405311584 168 148 128
0.01851850375533104 0.014710626564919949 0.12700000405311584 136 119 103
0.018817130476236343 0.014710626564919949 0.12700000405311584 114 97 81
0.021206147968769073 0.015606507658958435 0.12700000405311584 235 236 207
0.021631721407175064 0.015779897570610046 0.12600000202655792 235 234 208
0.02192799746990204 0.01607617363333702 0.12600000202655792 255 250 226
0.022224271669983864 0.016372447833418846 0.12600000202655792 251 250 224
0.02252054773271084 0.01666872389614582 0.12600000202655792 255 248 215
0.022816823795437813 0.016964999958872795 0.12600000202655792 194 193 165
0.022929662838578224 0.016830356791615486 0.125 98 89 54
0.02322358638048172 0.017124280333518982 0.125 149 146 116
0.023517509922385216 0.017124280333518982 0.125 236 237 208
0.02381143532693386 0.016830356791615486 0.125 225 218 187
0.024105358868837357 0.01653643324971199 0.125 127 119 93
0.024399282410740852 0.01653643324971199 0.125 138 130 104
0.024890752509236336 0.01666872389614582 0.12600000202655792 139 137 114
0.02518702857196331 0.01666872389614582 0.12600000202655792 144 142 119
0.025483304634690285 0.01666872389614582 0.12600000202655792 147 151 130
0.041088756173849106 0.025788860395550728 0.18199999630451202 250 245 223
0.041516710072755814 0.025788860395550728 0.18199999630451202 170 165 143
0.04194466397166252 0.026216814294457436 0.18199999630451202 206 194 174
0.03016495890915394 0.019488658756017685 0.12700000405311584 209 209 187
0.030463585630059242 0.019488658756017685 0.12700000405311584 176 168 142
0.04408442974090576 0.027928629890084267 0.18199999630451202 141 133 107
0.04451238363981247 0.027928629890084267 0.18199999630451202 131 115 92
0.04494033753871918 0.027928629890084267 0.18199999630451202 175 159 136
0.04579624533653259 0.02750067599117756 0.18199999630451202 165 144 98
0.04597022011876106 0.026923971250653267 0.1809999942779541 186 173 131
0.046139493584632874 0.026351967826485634 0.18000000715255737 202 180 152
0.046562742441892624 0.026351967826485634 0.18000000715255737 255 252 223
0.04698599502444267 0.025928717106580734 0.18000000715255737 196 189 160
0.04714586213231087 0.025784669443964958 0.17900000512599945 195 192 160
0.04756676033139229 0.025784669443964958 0.17900000512599945 192 189 157
0.04798765853047371 0.02620556950569153 0.17900000512599945 252 249 217
0.04840856045484543 0.02620556950569153 0.17900000512599945 179 176 144
0.04925035685300827 0.02662646770477295 0.17900000512599945 117 108 60
0.04967125877737999 0.02662646770477295 0.17900000512599945 173 155 105
0.04925035685300827 0.02662646770477295 0.17900000512599945 117 108 60
0.04882945865392685 0.02620556950569153 0.17900000512599945 92 77 40
0.04840856045484543 0.02620556950569153 0.17900000512599945 179 176 144
0.04798765853047371 0.025784669443964958 0.17900000512599945 151 148 118
0.04756676033139229 0.025784669443964958 0.17900000512599945 192 189 157
0.04714586213231087 0.025784669443964958 0.17900000512599945 195 192 160
0.04698599502444267 0.025928717106580734 0.18000000715255737 196 189 160
0.046562742441892624 0.025928717106580734 0.18000000715255737 161 154 125
0.046139493584632874 0.026351967826485634 0.18000000715255737 202 180 152
0.04597022011876106 0.02649836800992489 0.1809999942779541 93 71 43
0.045544616878032684 0.026923971250653267 0.1809999942779541 104 77 44
0.045368291437625885 0.02750067599117756 0.18199999630451202 109 88 42
0.04494033753871918 0.027928629890084267 0.18199999630451202 175 159 136
0.04451238363981247 0.027928629890084267 0.18199999630451202 131 115 92
0.04408442974090576 0.027928629890084267 0.18199999630451202 141 133 107
0.030463585630059242 0.019488658756017685 0.12700000405311584 176 168 142
0.04280056804418564 0.026644768193364143 0.18199999630451202 95 87 63
0.04237261787056923 0.026216814294457436 0.18199999630451202 113 101 81
0.04194466397166252 0.025788860395550728 0.18199999630451202 85 68 50
0.041516710072755814 0.025788860395550728 0.18199999630451202 170 165 143
0.041088756173849106 0.02536090649664402 0.18199999630451202 130 123 102
0.025483304634690285 0.01666872389614582 0.12600000202655792 147 151 130
0.02518702857196331 0.01666872389614582 0.12600000202655792 144 142 119
0.024890752509236336 0.01666872389614582 0.12600000202655792 139 137 114
0.024399282410740852 0.01653643324971199 0.125 138 130 104
0.024105358868837357 0.01653643324971199 0.125 127 119 93
0.02381143532693386 0.016830356791615486 0.125 225 218 187
0.023517509922385216 0.016830356791615486 0.125 146 139 108
0.02322358638048172 0.017124280333518982 0.125 149 146 116
0.022929662838578224 0.016830356791615486 0.125 98 89 54
0.022816823795437813 0.01666872389614582 0.12600000202655792 148 141 108
0.02252054773271084 0.016372447833418846 0.12600000202655792 184 172 143
0.022224271669983864 0.01607617363333702 0.12600000202655792 179 173 149
0.02192799746990204 0.015779897570610046 0.12600000202655792 175 164 141
0.021206147968769073 0.015606507658958435 0.12700000405311584 235 236 207
0.018817130476236343 0.014710626564919949 0.12700000405311584 114 97 81
0.01851850375533104 0.014710626564919949 0.12700000405311584 136 119 103
0.018219877034425735 0.014710626564919949 0.12700000405311584 168 148 128
0.01792125031352043 0.014710626564919949 0.12700000405311584 186 166 146
0.017622623592615128 0.014710626564919949 0.12700000405311584 193 183 153
0.017323995009064674 0.014710626564919949 0.12700000405311584 200 190 160
0.01702536828815937 0.014710626564919949 0.12700000405311584 199 194 161
0.016726741567254066 0.014710626564919949 0.12700000405311584 199 194 161
0.016428114846348763 0.014710626564919949 0.12700000405311584 199 194 163
0.01612948812544346 0.014710626564919949 0.12700000405311584 200 195 164
0.015830861404538155 0.014710626564919949 0.12700000405311584 204 194 166
0.015532233752310276 0.014710626564919949 0.12700000405311584 196 186 158
3.969843419326935e-06 0.01413954421877861 0.13899999856948853 112 101 76
3.969843419326935e-06 0.014466388151049614 0.13899999856948853 200 196 160
-0.0003228739369660616 0.014793232083320618 0.13899999856948853 158 147 122
-0.0006497176946140826 0.015120075084269047 0.13899999856948853 109 99 69
-0.0006497176946140826 0.01544691901654005 0.13899999856948853 157 152 121
-0.0006497176946140826 0.01577376388013363 0.13899999856948853 215 213 176
-0.0006497176946140826 0.016100605949759483 0.13899999856948853 255 254 215
-0.0009765614522621036 0.016427449882030487 0.13899999856948853 226 215 181
-0.0009765614522621036 0.016427449882030487 0.13899999856948853 226 215 181
-0.0006497176946140826 0.016427449882030487 0.13899999856948853 255 255 216
-0.0006497176946140826 0.016100605949759483 0.13899999856948853 255 254 215
-0.0006497176946140826 0.01577376388013363 0.13899999856948853 215 213 176
-0.0006497176946140826 0.01544691901654005 0.13899999856948853 157 152 121
-0.0003228739369660616 0.015120075084269047 0.13899999856948853 227 217 187
3.969843419326935e-06 0.014793232083320618 0.13899999856948853 247 242 211
3.969843419326935e-06 0.014466388151049614 0.13899999856948853 200 196 160
0.00033081360743381083 0.01413954421877861 0.13899999856948853 205 194 169
0.0006576573941856623 0.013812700286507607 0.13899999856948853 138 131 112
0.0009845012100413442 0.013812700286507607 0.13899999856948853 144 137 118
0.0013113449094817042 0.013812700286507607 0.13899999856948853 146 139 120
0.0016381887253373861 0.013812700286507607 0.13899999856948853 151 144 125
0.0019508955301716924 0.013713328167796135 0.1379999965429306 145 139 124
0.002275387989357114 0.014037820510566235 0.1379999965429306 227 227 205
0.002581040607765317 0.014258238486945629 0.13699999451637268 249 245 218
0.002903181593865156 0.014580379240214825 0.13699999451637268 247 247 223
0.0032253225799649954 0.014580379240214825 0.13699999451637268 185 167 133
0.003521569771692157 0.014473953284323215 0.13600000739097595 133 115 81
0.003841359168291092 0.014473953284323215 0.13600000739097595 195 192 158
0.004130552057176828 0.014367527328431606 0.13500000536441803 230 227 193
0.00444799056276679 0.014050088822841644 0.13500000536441803 128 129 102
0.004765428602695465 0.014050088822841644 0.13500000536441803 142 143 116
0.00504521606490016 0.01394601445645094 0.1340000033378601 148 151 126
0.0053603025153279305 0.01394601445645094 0.1340000033378601 156 159 134
0.005675389431416988 0.01394601445645094 0.1340000033378601 155 159 131
0.005990476347506046 0.01394601445645094 0.1340000033378601 143 147 119
0.006305563263595104 0.01394601445645094 0.1340000033378601 120 123 84
0.006571242120116949 0.014154674485325813 0.13300000131130219 215 221 181
0.00714260246604681 0.014358633197844028 0.13199999928474426 220 220 185
0.00745298620313406 0.014669016934931278 0.13199999928474426 255 250 224
0.008320622146129608 0.015481986105442047 0.13099999725818634 198 198 178
0.008320622146129608 0.015790019184350967 0.13099999725818634 236 236 214
0.008257105946540833 0.016892209649086 0.12999999523162842 254 255 237
0.007951424457132816 0.016892209649086 0.12999999523162842 253 255 236
0.007645743433386087 0.016892209649086 0.12999999523162842 254 255 249
0.007951424457132816 0.016892209649086 0.12999999523162842 253 255 236
0.008257105946540833 0.016892209649086 0.12999999523162842 254 255 237
0.008320622146129608 0.015790019184350967 0.13099999725818634 236 236 214
0.008320622146129608 0.015481986105442047 0.13099999725818634 198 198 178
0.00745298620313406 0.014358633197844028 0.13199999928474426 152 137 109
0.006571242120116949 0.014154674485325813 0.13300000131130219 215 221 181
0.006305563263595104 0.01394601445645094 0.1340000033378601 120 123 84
0.005990476347506046 0.01394601445645094 0.1340000033378601 143 147 119
0.005675389431416988 0.01394601445645094 0.1340000033378601 155 159 131
0.0053603025153279305 0.01394601445645094 0.1340000033378601 156 159 134
0.00504521606490016 0.01394601445645094 0.1340000033378601 148 151 126
0.004765428602695465 0.014050088822841644 0.13500000536441803 142 143 116
0.00444799056276679 0.014050088822841644 0.13500000536441803 128 129 102
0.004130552057176828 0.014367527328431606 0.13500000536441803 230 227 193
0.003841359168291092 0.014473953284323215 0.13600000739097595 195 192 158
0.003521569771692157 0.014473953284323215 0.13600000739097595 133 115 81
0.0032253225799649954 0.014580379240214825 0.13699999451637268 185 167 133
0.002903181593865156 0.014258238486945629 0.13699999451637268 159 155 128
0.0025998803321272135 0.014037820510566235 0.1379999965429306 136 131 111
0.002275387989357114 0.013713328167796135 0.1379999965429306 110 104 89
0.0019508955301716924 0.013713328167796135 0.1379999965429306 145 139 124
0.0016381887253373861 0.013812700286507607 0.13899999856948853 151 144 125
0.0013113449094817042 0.013812700286507607 0.13899999856948853 146 139 120
0.0009845012100413442 0.013812700286507607 0.13899999856948853 144 137 118
0.0006576573941856623 0.013812700286507607 0.13899999856948853 138 131 112
