0.07310396432876587 -0.01661740615963936 0.1340000033378601 255 218 216
0.07310396432876587 -0.0163023192435503 0.1340000033378601 255 224 223
0.07341904938220978 -0.0163023192435503 0.1340000033378601 255 229 228
0.07373414188623428 -0.0163023192435503 0.1340000033378601 255 219 224
0.092413529753685 -0.01593734137713909 0.13099999725818634 153 114 123
0.09272155910730362 -0.01593734137713909 0.13099999725818634 155 116 125
0.07310396432876587 -0.015987232327461243 0.1340000033378601 255 226 221
0.07341904938220978 -0.015987232327461243 0.1340000033378601 255 230 225
0.07373414188623428 -0.015987232327461243 0.1340000033378601 255 231 235
0.07404922693967819 -0.015987232327461243 0.1340000033378601 253 217 221
0.09170807898044586 -0.015510001219809055 0.12999999523162842 157 119 123
0.09272155910730362 -0.01562930829823017 0.13099999725818634 158 120 124
0.07003780454397202 -0.015906058251857758 0.13600000739097595 255 220 233
0.07035759091377258 -0.015906058251857758 0.13600000739097595 255 225 234
0.07067738473415375 -0.015906058251857758 0.13600000739097595 253 216 225
0.07278887927532196 -0.015672145411372185 0.1340000033378601 255 232 226
0.07310396432876587 -0.015672145411372185 0.1340000033378601 255 247 240
0.07341904938220978 -0.015672145411372185 0.1340000033378601 255 246 239
0.07373414188623428 -0.015672145411372185 0.1340000033378601 255 232 237
0.07349661737680435 -0.015555188991129398 0.13300000131130219 251 219 224
0.09170807898044586 -0.015204319730401039 0.12999999523162842 159 121 123
0.09272155910730362 -0.015321276150643826 0.13099999725818634 160 122 124
0.06765352189540863 -0.015700872987508774 0.13699999451637268 255 224 226
0.06797566264867783 -0.015700872987508774 0.13699999451637268 255 225 227
0.06829780340194702 -0.015700872987508774 0.13699999451637268 254 227 232
0.06861994415521622 -0.015700872987508774 0.13699999451637268 255 235 240
0.06894208490848541 -0.015700872987508774 0.13699999451637268 254 226 235
0.06875864416360855 -0.015586268156766891 0.13600000739097595 250 222 231
0.06907843798398972 -0.015586268156766891 0.13600000739097595 248 223 231
0.06939822435379028 -0.015586268156766891 0.13600000739097595 253 228 236
0.06971801817417145 -0.015586268156766891 0.13600000739097595 254 231 239
0.07003780454397202 -0.015586268156766891 0.13600000739097595 255 239 247
0.07035759091377258 -0.015586268156766891 0.13600000739097595 255 240 243
0.07067738473415375 -0.015586268156766891 0.13600000739097595 255 244 247
0.07099717110395432 -0.015586268156766891 0.13600000739097595 255 232 243
0.07278887927532196 -0.015357058495283127 0.1340000033378601 255 235 228
0.07310396432876587 -0.015357058495283127 0.1340000033378601 255 249 238
0.07341904938220978 -0.015357058495283127 0.1340000033378601 255 249 238
0.07373414188623428 -0.015357058495283127 0.1340000033378601 255 242 244
0.07349661737680435 -0.015242453664541245 0.13300000131130219 248 224 226
0.06733138114213943 -0.015378732234239578 0.13699999451637268 255 240 231
0.06765352189540863 -0.015378732234239578 0.13699999451637268 255 249 245
0.06797566264867783 -0.015378732234239578 0.13699999451637268 255 247 243
0.06829780340194702 -0.015378732234239578 0.13699999451637268 247 237 235
0.06861994415521622 -0.015378732234239578 0.13699999451637268 255 247 245
0.06894208490848541 -0.015378732234239578 0.13699999451637268 254 242 242
0.06875864416360855 -0.0152664789929986 0.13600000739097595 247 235 235
0.06907843798398972 -0.0152664789929986 0.13600000739097595 255 250 250
0.06939822435379028 -0.0152664789929986 0.13600000739097595 255 250 250
0.06971801817417145 -0.0152664789929986 0.13600000739097595 255 251 248
0.07003780454397202 -0.0152664789929986 0.13600000739097595 255 250 247
0.07035759091377258 -0.0152664789929986 0.13600000739097595 251 243 240
0.07067738473415375 -0.0152664789929986 0.13600000739097595 255 252 249
0.07099717110395432 -0.0152664789929986 0.13600000739097595 255 242 246
0.07079257071018219 -0.015154224820435047 0.13500000536441803 245 221 225
0.07278887927532196 -0.015041971579194069 0.1340000033378601 255 238 229
0.07310396432876587 -0.015041971579194069 0.1340000033378601 255 252 238
0.07341904938220978 -0.015041971579194069 0.1340000033378601 255 253 239
0.07318388670682907 -0.01492971833795309 0.13300000131130219 255 247 247
0.07349661737680435 -0.01492971833795309 0.13300000131130219 245 228 228
0.07380935549736023 -0.01492971833795309 0.13300000131130219 248 209 218
0.07412209361791611 -0.01492971833795309 0.13300000131130219 249 210 219
0.09302959591150284 -0.01470521092414856 0.13099999725818634 163 124 133
0.09405012428760529 -0.014817465096712112 0.13199999928474426 152 113 122
0.09436050802469254 -0.014817465096712112 0.13199999928474426 156 117 126
0.09467089176177979 -0.014817465096712112 0.13199999928474426 152 113 122
0.09894108027219772 -0.015041971579194069 0.1340000033378601 170 132 132
0.09925617277622223 -0.015041971579194069 0.1340000033378601 171 133 133
0.06700924038887024 -0.015056591480970383 0.13699999451637268 255 237 226
0.06733138114213943 -0.015056591480970383 0.13699999451637268 255 244 233
0.06765352189540863 -0.015056591480970383 0.13699999451637268 255 253 245
0.06797566264867783 -0.015056591480970383 0.13699999451637268 255 252 244
0.06829780340194702 -0.015056591480970383 0.13699999451637268 254 251 246
0.06861994415521622 -0.015056591480970383 0.13699999451637268 255 252 247
0.06894208490848541 -0.015056591480970383 0.13699999451637268 255 254 249
0.06875864416360855 -0.014946688897907734 0.13600000739097595 255 254 249
0.06907843798398972 -0.014946688897907734 0.13600000739097595 255 254 249
0.06939822435379028 -0.014946688897907734 0.13600000739097595 255 254 249
0.06971801817417145 -0.014946688897907734 0.13600000739097595 255 254 249
0.07003780454397202 -0.014946688897907734 0.13600000739097595 255 254 249
0.07035759091377258 -0.014946688897907734 0.13600000739097595 255 253 248
0.07067738473415375 -0.014946688897907734 0.13600000739097595 255 254 249
0.07099717110395432 -0.014946688897907734 0.13600000739097595 254 244 244
0.07079257071018219 -0.01483678724616766 0.13500000536441803 250 240 240
0.07278887927532196 -0.014726884663105011 0.1340000033378601 255 241 233
0.07310396432876587 -0.014726884663105011 0.1340000033378601 255 254 239
0.07341904938220978 -0.014726884663105011 0.1340000033378601 255 254 239
0.07318388670682907 -0.014616983011364937 0.13300000131130219 255 251 249
0.07349661737680435 -0.014616983011364937 0.13300000131130219 255 243 241
0.07380935549736023 -0.014616983011364937 0.13300000131130219 252 213 222
0.07412209361791611 -0.014616983011364937 0.13300000131130219 235 196 205
0.09302959591150284 -0.014397178776562214 0.13099999725818634 158 119 128
0.09405012428760529 -0.014507080428302288 0.13199999928474426 156 117 126
0.09436050802469254 -0.014507080428302288 0.13199999928474426 156 117 124
0.09467089176177979 -0.014507080428302288 0.13199999928474426 156 117 124
0.0983109101653099 -0.014726884663105011 0.1340000033378601 171 135 135
0.09862599521875381 -0.014726884663105011 0.1340000033378601 170 134 134
0.09894108027219772 -0.014726884663105011 0.1340000033378601 163 130 131
0.09925617277622223 -0.014726884663105011 0.1340000033378601 159 126 127
0.09957125782966614 -0.014726884663105011 0.1340000033378601 158 125 126
0.09988634288311005 -0.014726884663105011 0.1340000033378601 156 123 124
0.0674983561038971 -0.014842000789940357 0.1379999965429306 255 246 232
0.06782285124063492 -0.014842000789940357 0.1379999965429306 255 247 233
0.06814733892679214 -0.014842000789940357 0.1379999965429306 255 255 245
0.06797566264867783 -0.014734450727701187 0.13699999451637268 255 255 245
0.06829780340194702 -0.014734450727701187 0.13699999451637268 254 255 249
0.06861994415521622 -0.014734450727701187 0.13699999451637268 253 254 248
0.06894208490848541 -0.014734450727701187 0.13699999451637268 254 255 249
0.06926422566175461 -0.014734450727701187 0.13699999451637268 254 255 249
0.06907843798398972 -0.014626899734139442 0.13600000739097595 254 255 249
0.06939822435379028 -0.014626899734139442 0.13600000739097595 254 255 249
0.06971801817417145 -0.014626899734139442 0.13600000739097595 254 255 249
0.07003780454397202 -0.014626899734139442 0.13600000739097595 254 255 249
0.07035759091377258 -0.014626899734139442 0.13600000739097595 254 255 249
0.07067738473415375 -0.014626899734139442 0.13600000739097595 254 255 249
0.07099717110395432 -0.014626899734139442 0.13600000739097595 255 253 250
0.07079257071018219 -0.014519348740577698 0.13500000536441803 255 254 251
0.07111001014709473 -0.014519348740577698 0.13500000536441803 255 235 242
0.07142744958400726 -0.014519348740577698 0.13500000536441803 224 192 199
0.07278887927532196 -0.014411797747015953 0.1340000033378601 255 242 233
0.07310396432876587 -0.014411797747015953 0.1340000033378601 255 255 237
0.0728711485862732 -0.014304247684776783 0.13300000131130219 255 255 237
0.07318388670682907 -0.014304247684776783 0.13300000131130219 255 252 249
0.07349661737680435 -0.014304247684776783 0.13300000131130219 255 248 245
0.07380935549736023 -0.014304247684776783 0.13300000131130219 251 216 228
0.07412209361791611 -0.014304247684776783 0.13300000131130219 239 204 216
0.0904853567481041 -0.013981594704091549 0.12999999523162842 168 133 130
0.09079103916883469 -0.013981594704091549 0.12999999523162842 165 130 127
0.09109672158956528 -0.013981594704091549 0.12999999523162842 167 130 137
0.09140239655971527 -0.013981594704091549 0.12999999523162842 157 120 127
0.09170807898044586 -0.013981594704091549 0.12999999523162842 166 132 138
0.09272155910730362 -0.014089145697653294 0.13099999725818634 160 126 132
0.09302959591150284 -0.014089145697653294 0.13099999725818634 153 119 125
0.09405012428760529 -0.014196696691215038 0.13199999928474426 154 120 126
0.09436050802469254 -0.014196696691215038 0.13199999928474426 158 122 124
0.09538809955120087 -0.014304247684776783 0.13300000131130219 157 121 123
0.09570083022117615 -0.014304247684776783 0.13300000131130219 159 121 121
0.09601356834173203 -0.014304247684776783 0.13300000131130219 163 125 125
0.0983109101653099 -0.014411797747015953 0.1340000033378601 167 136 136
0.09862599521875381 -0.014411797747015953 0.1340000033378601 165 134 134
0.09967944771051407 -0.014519348740577698 0.13500000536441803 159 132 135
0.0999968871474266 -0.014519348740577698 0.13500000536441803 159 132 135
0.10031432658433914 -0.014519348740577698 0.13500000536441803 157 130 135
0.10063176602125168 -0.014519348740577698 0.13500000536441803 150 123 128
0.06498715281486511 -0.01483310665935278 0.14100000262260437 255 221 232
0.0674983561038971 -0.014517508447170258 0.1379999965429306 255 248 230
0.06782285124063492 -0.014517508447170258 0.1379999965429306 255 248 230
0.06814733892679214 -0.014517508447170258 0.1379999965429306 254 255 245
0.06847183406352997 -0.014517508447170258 0.1379999965429306 254 255 245
0.06879632920026779 -0.014517508447170258 0.1379999965429306 254 255 249
0.06861994415521622 -0.014412309043109417 0.13699999451637268 254 255 249
0.06894208490848541 -0.014412309043109417 0.13699999451637268 254 255 249
0.06926422566175461 -0.014412309043109417 0.13699999451637268 254 255 249
0.06907843798398972 -0.014307109639048576 0.13600000739097595 254 255 249
0.06939822435379028 -0.014307109639048576 0.13600000739097595 254 255 249
0.06971801817417145 -0.014307109639048576 0.13600000739097595 254 255 249
0.07003780454397202 -0.014307109639048576 0.13600000739097595 254 255 249
0.07035759091377258 -0.014307109639048576 0.13600000739097595 254 255 249
0.07067738473415375 -0.014307109639048576 0.13600000739097595 254 255 249
0.07099717110395432 -0.014307109639048576 0.13600000739097595 254 255 249
0.07079257071018219 -0.014201910234987736 0.13500000536441803 254 255 249
0.07111001014709473 -0.014201910234987736 0.13500000536441803 255 247 249
0.07142744958400726 -0.014201910234987736 0.13500000536441803 237 220 222
0.07278887927532196 -0.014096710830926895 0.1340000033378601 255 246 231
0.07310396432876587 -0.014096710830926895 0.1340000033378601 255 255 237
0.0728711485862732 -0.01399151235818863 0.13300000131130219 255 255 237
0.07318388670682907 -0.01399151235818863 0.13300000131130219 255 254 249
0.07349661737680435 -0.01399151235818863 0.13300000131130219 255 252 247
0.07380935549736023 -0.01399151235818863 0.13300000131130219 243 215 224
0.07356478273868561 -0.013886312954127789 0.13199999928474426 232 204 213
0.07886946946382523 -0.013675914146006107 0.12999999523162842 218 180 193
0.07917515188455582 -0.013675914146006107 0.12999999523162842 215 177 190
0.08367566019296646 -0.013465515337884426 0.12800000607967377 186 148 161
0.0839766412973404 -0.013465515337884426 0.12800000607967377 193 155 168
0.08427761495113373 -0.013465515337884426 0.12800000607967377 192 153 160
0.08457859605550766 -0.013465515337884426 0.12800000607967377 186 147 154
0.08487957715988159 -0.013465515337884426 0.12800000607967377 182 144 144
0.08518055081367493 -0.013465515337884426 0.12800000607967377 181 143 143
0.08548153191804886 -0.013465515337884426 0.12800000607967377 183 147 147
0.08578251302242279 -0.013465515337884426 0.12800000607967377 178 142 142
0.08608348667621613 -0.013465515337884426 0.12800000607967377 177 141 143
0.08705934882164001 -0.013570714741945267 0.1289999932050705 175 139 141
0.08736267685890198 -0.013570714741945267 0.1289999932050705 175 139 141
0.08766600489616394 -0.013570714741945267 0.1289999932050705 176 140 142
0.0879693329334259 -0.013570714741945267 0.1289999932050705 177 141 141
0.08827266842126846 -0.013570714741945267 0.1289999932050705 171 135 135
0.08857599645853043 -0.013570714741945267 0.1289999932050705 161 130 128
0.08887932449579239 -0.013570714741945267 0.1289999932050705 160 129 127
0.08987399190664291 -0.013675914146006107 0.12999999523162842 164 133 131
0.0901796743273735 -0.013675914146006107 0.12999999523162842 162 131 129
0.0904853567481041 -0.013675914146006107 0.12999999523162842 162 131 131
0.09079103916883469 -0.013675914146006107 0.12999999523162842 161 130 130
0.09109672158956528 -0.013675914146006107 0.12999999523162842 158 124 132
0.09140239655971527 -0.013675914146006107 0.12999999523162842 161 127 135
0.092413529753685 -0.013781113550066948 0.13099999725818634 164 132 139
0.09272155910730362 -0.013781113550066948 0.13099999725818634 160 128 135
0.09302959591150284 -0.013781113550066948 0.13099999725818634 160 128 133
0.09405012428760529 -0.013886312954127789 0.13199999928474426 160 128 133
0.09436050802469254 -0.013886312954127789 0.13199999928474426 160 129 131
0.09538809955120087 -0.01399151235818863 0.13300000131130219 155 124 126
0.09768073260784149 -0.014096710830926895 0.1340000033378601 171 135 135
0.097995825111866 -0.014096710830926895 0.1340000033378601 164 128 128
0.09904457628726959 -0.014201910234987736 0.13500000536441803 157 128 132
0.09936200827360153 -0.014201910234987736 0.13500000536441803 158 129 133
0.09967944771051407 -0.014201910234987736 0.13500000536441803 153 128 136
0.0999968871474266 -0.014201910234987736 0.13500000536441803 156 131 139
0.10031432658433914 -0.014201910234987736 0.13500000536441803 161 133 144
0.10063176602125168 -0.014201910234987736 0.13500000536441803 156 128 139
0.06411246210336685 -0.014604408293962479 0.1420000046491623 249 213 217
0.064446359872818 -0.014604408293962479 0.1420000046491623 255 222 226
0.06432405859231949 -0.014501560479402542 0.14100000262260437 255 234 237
0.0646556094288826 -0.014501560479402542 0.14100000262260437 255 244 247
0.06498715281486511 -0.014501560479402542 0.14100000262260437 255 237 243
0.06531869620084763 -0.014501560479402542 0.14100000262260437 255 238 244
0.0674983561038971 -0.014193016104400158 0.1379999965429306 255 251 231
0.06782285124063492 -0.014193016104400158 0.1379999965429306 255 251 231
0.06814733892679214 -0.014193016104400158 0.1379999965429306 254 255 245
0.06847183406352997 -0.014193016104400158 0.1379999965429306 254 255 245
0.06879632920026779 -0.014193016104400158 0.1379999965429306 254 255 249
0.06861994415521622 -0.014090168289840221 0.13699999451637268 254 255 249
0.06894208490848541 -0.014090168289840221 0.13699999451637268 254 255 249
0.06926422566175461 -0.014090168289840221 0.13699999451637268 254 255 249
0.06907843798398972 -0.013987320475280285 0.13600000739097595 254 255 249
0.06939822435379028 -0.013987320475280285 0.13600000739097595 254 255 249
0.06971801817417145 -0.013987320475280285 0.13600000739097595 254 255 249
0.07003780454397202 -0.013987320475280285 0.13600000739097595 254 255 249
0.07035759091377258 -0.013987320475280285 0.13600000739097595 254 255 249
0.07067738473415375 -0.013987320475280285 0.13600000739097595 254 255 249
0.07099717110395432 -0.013987320475280285 0.13600000739097595 254 255 249
0.07079257071018219 -0.013884472660720348 0.13500000536441803 254 255 249
0.07111001014709473 -0.013884472660720348 0.13500000536441803 255 251 250
0.07142744958400726 -0.013884472660720348 0.13500000536441803 245 237 236
0.07278887927532196 -0.013781624846160412 0.1340000033378601 255 247 229
0.07255841046571732 -0.0136787761002779 0.13300000131130219 255 255 235
0.0728711485862732 -0.0136787761002779 0.13300000131130219 255 255 235
0.07318388670682907 -0.0136787761002779 0.13300000131130219 255 255 247
0.07349661737680435 -0.0136787761002779 0.13300000131130219 255 255 247
0.07380935549736023 -0.0136787761002779 0.13300000131130219 255 242 250
0.07356478273868561 -0.013575928285717964 0.13199999928474426 238 215 223
0.07511670142412186 -0.013575928285717964 0.13199999928474426 255 220 222
0.0754270851612091 -0.013575928285717964 0.13199999928474426 253 215 217
0.07886946946382523 -0.013370232656598091 0.12999999523162842 214 176 191
0.07917515188455582 -0.013370232656598091 0.12999999523162842 200 162 177
0.08190274238586426 -0.013267384842038155 0.1289999932050705 190 151 171
0.08220607042312622 -0.013267384842038155 0.1289999932050705 190 151 171
0.08250939846038818 -0.013267384842038155 0.1289999932050705 180 142 155
0.08281272649765015 -0.013267384842038155 0.1289999932050705 185 147 160
0.08367566019296646 -0.013164537027478218 0.12800000607967377 181 148 163
0.0839766412973404 -0.013164537027478218 0.12800000607967377 183 150 165
0.08427761495113373 -0.013164537027478218 0.12800000607967377 181 151 161
0.08457859605550766 -0.013164537027478218 0.12800000607967377 179 149 159
0.08487957715988159 -0.013164537027478218 0.12800000607967377 175 147 146
0.08518055081367493 -0.013164537027478218 0.12800000607967377 172 144 143
0.08548153191804886 -0.013164537027478218 0.12800000607967377 175 147 144
0.08578251302242279 -0.013164537027478218 0.12800000607967377 171 143 140
0.08675601333379745 -0.013267384842038155 0.1289999932050705 171 143 144
0.08705934882164001 -0.013267384842038155 0.1289999932050705 169 141 142
0.08736267685890198 -0.013267384842038155 0.1289999932050705 169 141 142
0.08766600489616394 -0.013267384842038155 0.1289999932050705 173 145 146
0.0879693329334259 -0.013267384842038155 0.1289999932050705 166 138 139
0.08827266842126846 -0.013267384842038155 0.1289999932050705 160 132 133
0.08857599645853043 -0.013267384842038155 0.1289999932050705 159 133 131
0.08956830948591232 -0.013370232656598091 0.12999999523162842 159 133 131
0.08987399190664291 -0.013370232656598091 0.12999999523162842 160 137 134
0.0901796743273735 -0.013370232656598091 0.12999999523162842 156 133 130
0.0904853567481041 -0.013370232656598091 0.12999999523162842 161 134 137
0.09079103916883469 -0.013370232656598091 0.12999999523162842 162 135 138
0.09109672158956528 -0.013370232656598091 0.12999999523162842 162 133 139
0.09210549294948578 -0.013473080471158028 0.13099999725818634 165 136 142
0.092413529753685 -0.013473080471158028 0.13099999725818634 162 133 139
0.09272155910730362 -0.013473080471158028 0.13099999725818634 156 127 133
0.09373974055051804 -0.013575928285717964 0.13199999928474426 159 130 136
0.09405012428760529 -0.013575928285717964 0.13199999928474426 157 128 134
0.09436050802469254 -0.013575928285717964 0.13199999928474426 159 127 132
0.09538809955120087 -0.0136787761002779 0.13300000131130219 162 130 135
0.09570083022117615 -0.0136787761002779 0.13300000131130219 161 128 129
0.09673547744750977 -0.013781624846160412 0.1340000033378601 163 130 131
0.09840969741344452 -0.013884472660720348 0.13500000536441803 170 137 136
0.09872713685035706 -0.013884472660720348 0.13500000536441803 161 128 127
0.09904457628726959 -0.013884472660720348 0.13500000536441803 148 126 128
0.09936200827360153 -0.013884472660720348 0.13500000536441803 154 132 134
0.09967944771051407 -0.013884472660720348 0.13500000536441803 146 123 133
0.0999968871474266 -0.013884472660720348 0.13500000536441803 152 129 139
0.10031432658433914 -0.013884472660720348 0.13500000536441803 147 122 132
0.10063176602125168 -0.013884472660720348 0.13500000536441803 153 128 138
0.0638914629817009 -0.01437100674957037 0.14300000667572021 255 229 226
0.06377856433391571 -0.014270510524511337 0.1420000046491623 255 227 224
0.06411246210336685 -0.014270510524511337 0.1420000046491623 255 239 237
0.064446359872818 -0.014270510524511337 0.1420000046491623 255 240 238
0.06432405859231949 -0.01417001336812973 0.14100000262260437 255 249 247
0.0646556094288826 -0.01417001336812973 0.14100000262260437 255 250 248
0.06498715281486511 -0.01417001336812973 0.14100000262260437 255 246 249
0.06531869620084763 -0.01417001336812973 0.14100000262260437 255 238 241
0.06565024703741074 -0.01417001336812973 0.14100000262260437 255 230 243
0.0674983561038971 -0.013868523761630058 0.1379999965429306 255 251 231
0.06782285124063492 -0.013868523761630058 0.1379999965429306 255 251 231
0.06814733892679214 -0.013868523761630058 0.1379999965429306 254 255 245
0.06847183406352997 -0.013868523761630058 0.1379999965429306 254 255 245
0.06879632920026779 -0.013868523761630058 0.1379999965429306 254 255 249
0.06861994415521622 -0.013768027536571026 0.13699999451637268 254 255 249
0.06894208490848541 -0.013768027536571026 0.13699999451637268 254 255 249
0.06926422566175461 -0.013768027536571026 0.13699999451637268 254 255 249
0.06907843798398972 -0.013667530380189419 0.13600000739097595 254 255 249
0.06939822435379028 -0.013667530380189419 0.13600000739097595 254 255 249
0.06971801817417145 -0.013667530380189419 0.13600000739097595 254 255 249
0.07003780454397202 -0.013667530380189419 0.13600000739097595 254 255 249
0.07035759091377258 -0.013667530380189419 0.13600000739097595 254 255 249
0.07067738473415375 -0.013667530380189419 0.13600000739097595 254 255 249
0.07099717110395432 -0.013667530380189419 0.13600000739097595 254 255 249
0.07079257071018219 -0.013567034155130386 0.13500000536441803 254 255 249
0.07111001014709473 -0.013567034155130386 0.13500000536441803 255 254 251
0.07142744958400726 -0.013567034155130386 0.13500000536441803 254 251 248
0.07224567979574203 -0.013366040773689747 0.13300000131130219 255 246 233
0.07255841046571732 -0.013366040773689747 0.13300000131130219 255 255 233
0.0728711485862732 -0.013366040773689747 0.13300000131130219 255 255 233
0.07318388670682907 -0.013366040773689747 0.13300000131130219 255 255 245
0.07349661737680435 -0.013366040773689747 0.13300000131130219 254 255 244
0.07380935549736023 -0.013366040773689747 0.13300000131130219 255 237 246
0.07356478273868561 -0.013265544548630714 0.13199999928474426 251 230 239
0.07511670142412186 -0.013265544548630714 0.13199999928474426 255 218 222
0.07485567033290863 -0.013165048323571682 0.13099999725818634 255 225 229
0.07516369968652725 -0.013165048323571682 0.13099999725818634 255 219 226
0.07547173649072647 -0.013165048323571682 0.13099999725818634 242 205 212
0.07824403047561646 -0.013165048323571682 0.13099999725818634 223 184 191
0.07855205982923508 -0.013165048323571682 0.13099999725818634 223 184 191
0.07825810462236404 -0.013064551167190075 0.12999999523162842 211 174 181
0.07856378704309464 -0.013064551167190075 0.12999999523162842 217 180 187
0.07886946946382523 -0.013064551167190075 0.12999999523162842 213 178 194
0.07917515188455582 -0.013064551167190075 0.12999999523162842 198 163 179
0.08190274238586426 -0.012964054942131042 0.1289999932050705 188 154 174
0.08220607042312622 -0.012964054942131042 0.1289999932050705 187 153 173
0.08250939846038818 -0.012964054942131042 0.1289999932050705 172 137 149
0.08281272649765015 -0.012964054942131042 0.1289999932050705 181 146 158
0.08247175067663193 -0.01286355871707201 0.12800000607967377 183 146 155
0.08277272433042526 -0.01286355871707201 0.12800000607967377 184 147 156
0.0830737054347992 -0.01286355871707201 0.12800000607967377 180 143 152
0.08337468653917313 -0.01286355871707201 0.12800000607967377 184 147 156
0.08367566019296646 -0.01286355871707201 0.12800000607967377 179 146 157
0.0839766412973404 -0.01286355871707201 0.12800000607967377 184 151 162
0.08427761495113373 -0.01286355871707201 0.12800000607967377 183 156 161
0.08457859605550766 -0.01286355871707201 0.12800000607967377 178 151 156
0.08487957715988159 -0.01286355871707201 0.12800000607967377 176 150 148
0.08518055081367493 -0.01286355871707201 0.12800000607967377 173 147 145
0.08548153191804886 -0.01286355871707201 0.12800000607967377 171 145 143
0.08578251302242279 -0.01286355871707201 0.12800000607967377 169 143 141
0.08675601333379745 -0.012964054942131042 0.1289999932050705 170 144 144
0.08705934882164001 -0.012964054942131042 0.1289999932050705 170 144 144
0.08736267685890198 -0.012964054942131042 0.1289999932050705 166 144 146
0.08766600489616394 -0.012964054942131042 0.1289999932050705 166 144 146
0.0879693329334259 -0.012964054942131042 0.1289999932050705 161 139 143
0.08827266842126846 -0.012964054942131042 0.1289999932050705 155 133 137
0.08926263451576233 -0.013064551167190075 0.12999999523162842 146 124 126
0.08956830948591232 -0.013064551167190075 0.12999999523162842 158 136 138
0.08987399190664291 -0.013064551167190075 0.12999999523162842 161 139 141
0.0901796743273735 -0.013064551167190075 0.12999999523162842 153 131 133
0.0904853567481041 -0.013064551167190075 0.12999999523162842 157 130 133
0.09079103916883469 -0.013064551167190075 0.12999999523162842 158 131 134
0.09109672158956528 -0.013064551167190075 0.12999999523162842 159 130 134
0.09210549294948578 -0.013165048323571682 0.13099999725818634 160 131 135
0.092413529753685 -0.013165048323571682 0.13099999725818634 163 134 138
0.09272155910730362 -0.013165048323571682 0.13099999725818634 158 129 133
0.09373974055051804 -0.013265544548630714 0.13199999928474426 159 127 132
0.09405012428760529 -0.013265544548630714 0.13199999928474426 160 128 133
0.09507536143064499 -0.013366040773689747 0.13300000131130219 160 128 133
0.09538809955120087 -0.013366040773689747 0.13300000131130219 161 129 134
0.09642039239406586 -0.013466537930071354 0.1340000033378601 161 128 131
0.09673547744750977 -0.013466537930071354 0.1340000033378601 167 134 137
0.09705056250095367 -0.013466537930071354 0.1340000033378601 182 147 144
0.09809225797653198 -0.013567034155130386 0.13500000536441803 175 140 137
0.09840969741344452 -0.013567034155130386 0.13500000536441803 170 142 139
0.09872713685035706 -0.013567034155130386 0.13500000536441803 165 137 134
0.09904457628726959 -0.013567034155130386 0.13500000536441803 155 134 133
0.09936200827360153 -0.013567034155130386 0.13500000536441803 152 131 130
0.09967944771051407 -0.013567034155130386 0.13500000536441803 150 127 137
0.0999968871474266 -0.013567034155130386 0.13500000536441803 150 127 137
0.10031432658433914 -0.013567034155130386 0.13500000536441803 154 129 137
0.10063176602125168 -0.013567034155130386 0.13500000536441803 153 128 136
0.06355521082878113 -0.014034757390618324 0.14300000667572021 255 231 225
0.0638914629817009 -0.014034757390618324 0.14300000667572021 255 243 242
0.06377856433391571 -0.013936611823737621 0.1420000046491623 255 247 246
0.06411246210336685 -0.013936611823737621 0.1420000046491623 255 247 244
0.064446359872818 -0.013936611823737621 0.1420000046491623 252 244 241
0.06432405859231949 -0.013838467188179493 0.14100000262260437 255 252 248
0.0646556094288826 -0.013838467188179493 0.14100000262260437 255 252 248
0.06498715281486511 -0.013838467188179493 0.14100000262260437 255 249 246
0.06531869620084763 -0.013838467188179493 0.14100000262260437 248 240 237
0.06565024703741074 -0.013838467188179493 0.14100000262260437 255 236 244
0.06598179042339325 -0.013838467188179493 0.14100000262260437 255 232 240
0.06798747181892395 -0.013642176985740662 0.13899999856948853 255 252 231
0.06782285124063492 -0.013544031418859959 0.1379999965429306 255 252 231
0.06814733892679214 -0.013544031418859959 0.1379999965429306 254 255 245
0.06847183406352997 -0.013544031418859959 0.1379999965429306 254 255 245
0.06879632920026779 -0.013544031418859959 0.1379999965429306 254 255 249
0.06861994415521622 -0.01344588678330183 0.13699999451637268 254 255 249
0.06894208490848541 -0.01344588678330183 0.13699999451637268 254 255 249
0.06926422566175461 -0.01344588678330183 0.13699999451637268 254 255 249
0.06907843798398972 -0.013347741216421127 0.13600000739097595 254 255 249
0.06939822435379028 -0.013347741216421127 0.13600000739097595 254 255 249
0.06971801817417145 -0.013347741216421127 0.13600000739097595 254 255 249
0.07003780454397202 -0.013347741216421127 0.13600000739097595 254 255 249
0.07035759091377258 -0.013347741216421127 0.13600000739097595 254 255 249
0.07067738473415375 -0.013347741216421127 0.13600000739097595 254 255 249
0.07047513872385025 -0.013249595649540424 0.13500000536441803 254 255 249
0.07079257071018219 -0.013249595649540424 0.13500000536441803 254 255 249
0.07111001014709473 -0.013249595649540424 0.13500000536441803 255 255 249
0.07142744958400726 -0.013249595649540424 0.13500000536441803 254 254 248
0.07121344655752182 -0.013151451013982296 0.1340000033378601 248 215 226
0.07152853161096573 -0.013151451013982296 0.1340000033378601 232 199 210
0.07224567979574203 -0.013053305447101593 0.13300000131130219 255 236 228
0.07255841046571732 -0.013053305447101593 0.13300000131130219 255 254 236
0.0728711485862732 -0.013053305447101593 0.13300000131130219 255 255 237
0.07318388670682907 -0.013053305447101593 0.13300000131130219 254 255 247
0.07349661737680435 -0.013053305447101593 0.13300000131130219 254 255 247
0.07325439900159836 -0.012955160811543465 0.13199999928474426 255 242 246
0.07356478273868561 -0.012955160811543465 0.13199999928474426 241 228 232
0.07387516647577286 -0.012955160811543465 0.13199999928474426 231 193 208
0.07418555021286011 -0.012955160811543465 0.13199999928474426 236 198 213
0.07449593394994736 -0.012955160811543465 0.13199999928474426 242 203 210
0.0748063176870346 -0.012955160811543465 0.13199999928474426 251 212 219
0.07454763352870941 -0.012857015244662762 0.13099999725818634 255 228 229
0.07485567033290863 -0.012857015244662762 0.13099999725818634 255 238 239
0.07516369968652725 -0.012857015244662762 0.13099999725818634 255 232 236
0.07547173649072647 -0.012857015244662762 0.13099999725818634 237 213 217
0.07577976584434509 -0.012857015244662762 0.13099999725818634 246 214 219
0.07608779519796371 -0.012857015244662762 0.13099999725818634 229 197 202
0.07701189815998077 -0.012857015244662762 0.13099999725818634 202 164 166
0.0773199275135994 -0.012857015244662762 0.13099999725818634 209 171 173
0.07762796431779861 -0.012857015244662762 0.13099999725818634 209 176 179
0.07793599367141724 -0.012857015244662762 0.13099999725818634 209 176 179
0.07824403047561646 -0.012857015244662762 0.13099999725818634 207 178 182
0.07855205982923508 -0.012857015244662762 0.13099999725818634 209 180 184
0.0788600891828537 -0.012857015244662762 0.13099999725818634 205 175 185
0.07856378704309464 -0.012758870609104633 0.12999999523162842 207 177 187
0.07886946946382523 -0.012758870609104633 0.12999999523162842 209 178 195
0.07917515188455582 -0.012758870609104633 0.12999999523162842 213 182 199
0.07948083430528641 -0.012758870609104633 0.12999999523162842 196 162 180
0.079786516726017 -0.012758870609104633 0.12999999523162842 191 157 175
0.08192627876996994 -0.012758870609104633 0.12999999523162842 217 179 192
0.08223196119070053 -0.012758870609104633 0.12999999523162842 210 172 185
0.08253764361143112 -0.012758870609104633 0.12999999523162842 192 163 179
0.08220607042312622 -0.01266072504222393 0.1289999932050705 186 157 173
0.08250939846038818 -0.01266072504222393 0.1289999932050705 187 154 165
0.08281272649765015 -0.01266072504222393 0.1289999932050705 177 144 155
0.0831160619854927 -0.01266072504222393 0.1289999932050705 185 151 157
0.08341939002275467 -0.01266072504222393 0.1289999932050705 180 146 152
0.0830737054347992 -0.012562579475343227 0.12800000607967377 177 145 150
0.08337468653917313 -0.012562579475343227 0.12800000607967377 184 152 157
0.08367566019296646 -0.012562579475343227 0.12800000607967377 184 152 157
0.0839766412973404 -0.012562579475343227 0.12800000607967377 186 154 159
0.08427761495113373 -0.012562579475343227 0.12800000607967377 185 156 160
0.08457859605550766 -0.012562579475343227 0.12800000607967377 181 152 156
0.08487957715988159 -0.012562579475343227 0.12800000607967377 178 152 150
0.08584602922201157 -0.01266072504222393 0.1289999932050705 176 150 148
0.08614935725927353 -0.01266072504222393 0.1289999932050705 172 146 146
0.08645268529653549 -0.01266072504222393 0.1289999932050705 168 142 142
0.08675601333379745 -0.01266072504222393 0.1289999932050705 170 146 148
0.08705934882164001 -0.01266072504222393 0.1289999932050705 168 144 146
0.08736267685890198 -0.01266072504222393 0.1289999932050705 164 142 144
0.08766600489616394 -0.01266072504222393 0.1289999932050705 161 139 141
0.0879693329334259 -0.01266072504222393 0.1289999932050705 166 145 152
0.08827266842126846 -0.01266072504222393 0.1289999932050705 142 121 128
0.08926263451576233 -0.012758870609104633 0.12999999523162842 143 122 129
0.08956830948591232 -0.012758870609104633 0.12999999523162842 150 129 136
0.08987399190664291 -0.012758870609104633 0.12999999523162842 169 144 152
0.0901796743273735 -0.012758870609104633 0.12999999523162842 155 130 138
0.0904853567481041 -0.012758870609104633 0.12999999523162842 159 135 139
0.09079103916883469 -0.012758870609104633 0.12999999523162842 159 135 139
0.09109672158956528 -0.012758870609104633 0.12999999523162842 155 126 130
0.09210549294948578 -0.012857015244662762 0.13099999725818634 157 128 132
0.092413529753685 -0.012857015244662762 0.13099999725818634 166 134 139
0.09272155910730362 -0.012857015244662762 0.13099999725818634 165 133 138
0.09373974055051804 -0.012955160811543465 0.13199999928474426 162 130 135
0.09405012428760529 -0.012955160811543465 0.13199999928474426 161 129 134
0.09507536143064499 -0.013053305447101593 0.13300000131130219 158 126 131
0.09538809955120087 -0.013053305447101593 0.13300000131130219 158 126 131
0.09642039239406586 -0.013151451013982296 0.1340000033378601 159 127 132
0.09673547744750977 -0.013151451013982296 0.1340000033378601 161 129 134
0.09777481853961945 -0.013249595649540424 0.13500000536441803 174 143 141
0.09809225797653198 -0.013249595649540424 0.13500000536441803 174 143 141
0.09840969741344452 -0.013249595649540424 0.13500000536441803 169 144 137
0.09872713685035706 -0.013249595649540424 0.13500000536441803 159 134 127
0.09904457628726959 -0.013249595649540424 0.13500000536441803 150 131 125
0.09936200827360153 -0.013249595649540424 0.13500000536441803 153 134 128
0.09967944771051407 -0.013249595649540424 0.13500000536441803 153 133 134
0.10073760896921158 -0.013347741216421127 0.13600000739097595 153 133 134
0.10105739533901215 -0.013347741216421127 0.13600000739097595 157 135 139
0.10137718170881271 -0.013347741216421127 0.13600000739097595 151 129 133
0.10169697552919388 -0.013347741216421127 0.13600000739097595 162 124 128
0.10201676189899445 -0.013347741216421127 0.13600000739097595 155 117 121
0.06355521082878113 -0.013698508031666279 0.14300000667572021 255 236 228
0.0638914629817009 -0.013698508031666279 0.14300000667572021 255 251 246
0.06377856433391571 -0.01360271405428648 0.1420000046491623 255 251 246
0.06411246210336685 -0.01360271405428648 0.1420000046491623 249 246 243
0.064446359872818 -0.01360271405428648 0.1420000046491623 253 250 247
0.06432405859231949 -0.013506920076906681 0.14100000262260437 255 255 251
0.0646556094288826 -0.013506920076906681 0.14100000262260437 255 255 251
0.06498715281486511 -0.013506920076906681 0.14100000262260437 255 255 251
0.06531869620084763 -0.013506920076906681 0.14100000262260437 247 247 243
0.06565024703741074 -0.013506920076906681 0.14100000262260437 253 243 243
0.06598179042339325 -0.013506920076906681 0.14100000262260437 250 240 240
0.06584303081035614 -0.013411127030849457 0.14000000059604645 255 218 223
0.06798747181892395 -0.013315333053469658 0.13899999856948853 255 251 233
0.06782285124063492 -0.013219539076089859 0.1379999965429306 255 251 233
0.06814733892679214 -0.013219539076089859 0.1379999965429306 254 255 243
0.06847183406352997 -0.013219539076089859 0.1379999965429306 254 255 243
0.06879632920026779 -0.013219539076089859 0.1379999965429306 254 255 249
0.06861994415521622 -0.01312374509871006 0.13699999451637268 254 255 249
0.06894208490848541 -0.01312374509871006 0.13699999451637268 254 255 249
0.06926422566175461 -0.01312374509871006 0.13699999451637268 254 255 249
0.0695863664150238 -0.01312374509871006 0.13699999451637268 254 255 249
0.06939822435379028 -0.013027951121330261 0.13600000739097595 254 255 249
0.06971801817417145 -0.013027951121330261 0.13600000739097595 254 255 249
0.07003780454397202 -0.013027951121330261 0.13600000739097595 254 255 249
0.07035759091377258 -0.013027951121330261 0.13600000739097595 254 255 249
0.07067738473415375 -0.013027951121330261 0.13600000739097595 254 255 249
0.07047513872385025 -0.012932158075273037 0.13500000536441803 254 255 249
0.07079257071018219 -0.012932158075273037 0.13500000536441803 254 255 249
0.07111001014709473 -0.012932158075273037 0.13500000536441803 254 255 251
0.07089836150407791 -0.012836364097893238 0.1340000033378601 254 255 251
0.07121344655752182 -0.012836364097893238 0.1340000033378601 252 232 235
0.07152853161096573 -0.012836364097893238 0.1340000033378601 230 210 213
0.07224567979574203 -0.01274057012051344 0.13300000131130219 255 225 218
0.07255841046571732 -0.01274057012051344 0.13300000131130219 255 254 234
0.0728711485862732 -0.01274057012051344 0.13300000131130219 255 255 235
0.07318388670682907 -0.01274057012051344 0.13300000131130219 254 255 247
0.07349661737680435 -0.01274057012051344 0.13300000131130219 254 255 247
0.07325439900159836 -0.01264477614313364 0.13199999928474426 255 249 253
0.07356478273868561 -0.01264477614313364 0.13199999928474426 245 234 238
0.07387516647577286 -0.01264477614313364 0.13199999928474426 242 209 220
0.07418555021286011 -0.01264477614313364 0.13199999928474426 229 196 207
0.07449593394994736 -0.01264477614313364 0.13199999928474426 233 199 205
0.0748063176870346 -0.01264477614313364 0.13199999928474426 240 206 212
0.07454763352870941 -0.012548983097076416 0.13099999725818634 250 234 231
0.07485567033290863 -0.012548983097076416 0.13099999725818634 255 249 246
0.07516369968652725 -0.012548983097076416 0.13099999725818634 255 250 248
0.07547173649072647 -0.012548983097076416 0.13099999725818634 254 244 242
0.07577976584434509 -0.012548983097076416 0.13099999725818634 255 242 246
0.07608779519796371 -0.012548983097076416 0.13099999725818634 246 224 228
0.07701189815998077 -0.012548983097076416 0.13099999725818634 219 181 185
0.0773199275135994 -0.012548983097076416 0.13099999725818634 210 172 176
0.07762796431779861 -0.012548983097076416 0.13099999725818634 202 173 177
0.07793599367141724 -0.012548983097076416 0.13099999725818634 203 174 178
0.07824403047561646 -0.012548983097076416 0.13099999725818634 197 173 175
0.07855205982923508 -0.012548983097076416 0.13099999725818634 202 178 180
0.0788600891828537 -0.012548983097076416 0.13099999725818634 198 173 181
0.07856378704309464 -0.012453189119696617 0.12999999523162842 204 179 187
0.07886946946382523 -0.012453189119696617 0.12999999523162842 208 179 195
0.07917515188455582 -0.012453189119696617 0.12999999523162842 195 166 182
0.07948083430528641 -0.012453189119696617 0.12999999523162842 189 158 179
0.079786516726017 -0.012453189119696617 0.12999999523162842 192 161 182
0.08009219169616699 -0.012453189119696617 0.12999999523162842 184 145 154
0.08039787411689758 -0.012453189119696617 0.12999999523162842 167 128 137
0.08192627876996994 -0.012453189119696617 0.12999999523162842 214 181 194
0.08223196119070053 -0.012453189119696617 0.12999999523162842 205 172 185
0.08253764361143112 -0.012453189119696617 0.12999999523162842 188 166 182
0.08220607042312622 -0.012357395142316818 0.1289999932050705 183 161 177
0.08250939846038818 -0.012357395142316818 0.1289999932050705 185 157 166
0.08281272649765015 -0.012357395142316818 0.1289999932050705 180 152 161
0.0831160619854927 -0.012357395142316818 0.1289999932050705 171 142 146
0.08341939002275467 -0.012357395142316818 0.1289999932050705 171 142 146
0.08372271806001663 -0.012357395142316818 0.1289999932050705 178 149 153
0.0840260460972786 -0.012357395142316818 0.1289999932050705 180 151 155
0.08432938158512115 -0.012357395142316818 0.1289999932050705 181 152 156
0.08463270962238312 -0.012357395142316818 0.1289999932050705 179 150 154
0.08493603765964508 -0.012357395142316818 0.1289999932050705 182 154 155
0.08523936569690704 -0.012357395142316818 0.1289999932050705 181 153 154
0.085542693734169 -0.012357395142316818 0.1289999932050705 174 146 147
0.08584602922201157 -0.012357395142316818 0.1289999932050705 172 144 145
0.08614935725927353 -0.012357395142316818 0.1289999932050705 168 142 142
0.08645268529653549 -0.012357395142316818 0.1289999932050705 159 133 133
0.08675601333379745 -0.012357395142316818 0.1289999932050705 154 130 132
0.08705934882164001 -0.012357395142316818 0.1289999932050705 167 143 145
0.08736267685890198 -0.012357395142316818 0.1289999932050705 161 139 141
0.08766600489616394 -0.012357395142316818 0.1289999932050705 160 138 140
0.0879693329334259 -0.012357395142316818 0.1289999932050705 162 139 147
0.08827266842126846 -0.012357395142316818 0.1289999932050705 152 129 137
0.08926263451576233 -0.012453189119696617 0.12999999523162842 153 128 138
0.08956830948591232 -0.012453189119696617 0.12999999523162842 153 128 138
0.08987399190664291 -0.012453189119696617 0.12999999523162842 154 131 141
0.0901796743273735 -0.012453189119696617 0.12999999523162842 157 134 144
0.0904853567481041 -0.012453189119696617 0.12999999523162842 163 139 143
0.09079103916883469 -0.012453189119696617 0.12999999523162842 159 135 139
0.09179746359586716 -0.012548983097076416 0.13099999725818634 154 127 130
0.09210549294948578 -0.012548983097076416 0.13099999725818634 156 129 132
0.092413529753685 -0.012548983097076416 0.13099999725818634 155 126 130
0.09342935681343079 -0.01264477614313364 0.13199999928474426 156 127 131
0.09373974055051804 -0.01264477614313364 0.13199999928474426 159 130 134
0.09476263076066971 -0.01274057012051344 0.13300000131130219 157 128 132
0.09507536143064499 -0.01274057012051344 0.13300000131130219 151 122 128
0.09610529989004135 -0.012836364097893238 0.1340000033378601 150 121 127
0.09642039239406586 -0.012836364097893238 0.1340000033378601 157 128 132
0.09745737910270691 -0.012932158075273037 0.13500000536441803 156 127 131
0.09777481853961945 -0.012932158075273037 0.13500000536441803 157 129 128
0.09809225797653198 -0.012932158075273037 0.13500000536441803 162 134 133
0.09840969741344452 -0.012932158075273037 0.13500000536441803 162 137 130
0.09872713685035706 -0.012932158075273037 0.13500000536441803 157 132 125
0.09904457628726959 -0.012932158075273037 0.13500000536441803 160 137 132
0.10009802877902985 -0.013027951121330261 0.13600000739097595 157 134 129
0.10041781514883041 -0.013027951121330261 0.13600000739097595 162 139 136
0.10073760896921158 -0.013027951121330261 0.13600000739097595 161 138 135
0.10105739533901215 -0.013027951121330261 0.13600000739097595 160 136 138
0.10137718170881271 -0.013027951121330261 0.13600000739097595 159 135 137
0.10169697552919388 -0.013027951121330261 0.13600000739097595 159 125 131
0.10201676189899445 -0.013027951121330261 0.13600000739097595 154 120 126
0.06366105377674103 -0.013455701060593128 0.14399999380111694 255 234 225
0.06355521082878113 -0.013362258672714233 0.14300000667572021 255 239 230
0.0638914629817009 -0.013362258672714233 0.14300000667572021 255 253 249
0.06377856433391571 -0.013268816284835339 0.1420000046491623 255 253 249
0.06411246210336685 -0.013268816284835339 0.1420000046491623 254 255 249
0.064446359872818 -0.013268816284835339 0.1420000046491623 254 255 249
0.06432405859231949 -0.013175373896956444 0.14100000262260437 254 255 251
0.0646556094288826 -0.013175373896956444 0.14100000262260437 254 255 251
0.06498715281486511 -0.013175373896956444 0.14100000262260437 254 255 251
0.06531869620084763 -0.013175373896956444 0.14100000262260437 254 255 251
0.06565024703741074 -0.013175373896956444 0.14100000262260437 255 255 251
0.06598179042339325 -0.013175373896956444 0.14100000262260437 254 254 250
0.06584303081035614 -0.013081931509077549 0.14000000059604645 255 241 248
0.06617222726345062 -0.013081931509077549 0.14000000059604645 237 205 212
0.0674983561038971 -0.01289504673331976 0.1379999965429306 255 251 233
0.06782285124063492 -0.01289504673331976 0.1379999965429306 255 251 233
0.06814733892679214 -0.01289504673331976 0.1379999965429306 254 255 245
0.06847183406352997 -0.01289504673331976 0.1379999965429306 254 255 245
0.06879632920026779 -0.01289504673331976 0.1379999965429306 254 255 249
0.06912081688642502 -0.01289504673331976 0.1379999965429306 254 255 249
0.06894208490848541 -0.012801604345440865 0.13699999451637268 254 255 249
0.06926422566175461 -0.012801604345440865 0.13699999451637268 254 255 249
0.0695863664150238 -0.012801604345440865 0.13699999451637268 254 255 249
0.06939822435379028 -0.01270816195756197 0.13600000739097595 254 255 249
0.06971801817417145 -0.01270816195756197 0.13600000739097595 254 255 249
0.07003780454397202 -0.01270816195756197 0.13600000739097595 254 255 249
0.07035759091377258 -0.01270816195756197 0.13600000739097595 254 255 249
0.07067738473415375 -0.01270816195756197 0.13600000739097595 254 255 249
0.07047513872385025 -0.012614719569683075 0.13500000536441803 254 255 249
0.07079257071018219 -0.012614719569683075 0.13500000536441803 254 255 249
0.07111001014709473 -0.012614719569683075 0.13500000536441803 254 255 251
0.07089836150407791 -0.01252127718180418 0.1340000033378601 254 255 251
0.07121344655752182 -0.01252127718180418 0.1340000033378601 255 247 248
0.07152853161096573 -0.01252127718180418 0.1340000033378601 240 225 226
0.07255841046571732 -0.012427834793925285 0.13300000131130219 255 254 235
0.0728711485862732 -0.012427834793925285 0.13300000131130219 255 254 235
0.07318388670682907 -0.012427834793925285 0.13300000131130219 254 255 245
0.07349661737680435 -0.012427834793925285 0.13300000131130219 254 255 245
0.07325439900159836 -0.01233439240604639 0.13199999928474426 255 250 253
0.07356478273868561 -0.01233439240604639 0.13199999928474426 236 227 230
0.07387516647577286 -0.01233439240604639 0.13199999928474426 240 212 223
0.07418555021286011 -0.01233439240604639 0.13199999928474426 234 206 217
0.07449593394994736 -0.01233439240604639 0.13199999928474426 233 206 211
0.07423960417509079 -0.012240950018167496 0.13099999725818634 227 200 205
0.07454763352870941 -0.012240950018167496 0.13099999725818634 228 214 210
0.07485567033290863 -0.012240950018167496 0.13099999725818634 255 250 246
0.07516369968652725 -0.012240950018167496 0.13099999725818634 255 255 247
0.07547173649072647 -0.012240950018167496 0.13099999725818634 255 254 246
0.07577976584434509 -0.012240950018167496 0.13099999725818634 255 248 250
0.07608779519796371 -0.012240950018167496 0.13099999725818634 255 240 242
0.07701189815998077 -0.012240950018167496 0.13099999725818634 212 175 184
0.0773199275135994 -0.012240950018167496 0.13099999725818634 210 173 182
0.07762796431779861 -0.012240950018167496 0.13099999725818634 200 173 178
0.07793599367141724 -0.012240950018167496 0.13099999725818634 206 179 184
0.07824403047561646 -0.012240950018167496 0.13099999725818634 203 183 184
0.07855205982923508 -0.012240950018167496 0.13099999725818634 202 182 183
0.0788600891828537 -0.012240950018167496 0.13099999725818634 195 175 178
0.07856378704309464 -0.012147507630288601 0.12999999523162842 199 179 182
0.07886946946382523 -0.012147507630288601 0.12999999523162842 205 182 194
0.07917515188455582 -0.012147507630288601 0.12999999523162842 200 177 189
0.07948083430528641 -0.012147507630288601 0.12999999523162842 195 163 187
0.079786516726017 -0.012147507630288601 0.12999999523162842 188 156 180
0.08009219169616699 -0.012147507630288601 0.12999999523162842 174 140 158
0.08039787411689758 -0.012147507630288601 0.12999999523162842 152 118 136
0.08192627876996994 -0.012147507630288601 0.12999999523162842 209 181 190
0.08223196119070053 -0.012147507630288601 0.12999999523162842 211 183 192
0.08253764361143112 -0.012147507630288601 0.12999999523162842 186 169 183
0.08284332603216171 -0.012147507630288601 0.12999999523162842 182 165 179
0.08250939846038818 -0.012054065242409706 0.1289999932050705 187 164 174
0.08281272649765015 -0.012054065242409706 0.1289999932050705 180 157 167
0.0831160619854927 -0.012054065242409706 0.1289999932050705 173 144 148
0.08341939002275467 -0.012054065242409706 0.1289999932050705 179 150 154
0.08372271806001663 -0.012054065242409706 0.1289999932050705 181 152 156
0.0840260460972786 -0.012054065242409706 0.1289999932050705 182 153 157
0.08432938158512115 -0.012054065242409706 0.1289999932050705 180 153 156
0.08463270962238312 -0.012054065242409706 0.1289999932050705 184 157 160
0.08493603765964508 -0.012054065242409706 0.1289999932050705 186 157 161
0.08523936569690704 -0.012054065242409706 0.1289999932050705 179 150 154
0.085542693734169 -0.012054065242409706 0.1289999932050705 180 152 153
0.08584602922201157 -0.012054065242409706 0.1289999932050705 182 154 155
0.08614935725927353 -0.012054065242409706 0.1289999932050705 166 139 142
0.08645268529653549 -0.012054065242409706 0.1289999932050705 150 123 126
0.08675601333379745 -0.012054065242409706 0.1289999932050705 152 131 130
0.08705934882164001 -0.012054065242409706 0.1289999932050705 160 139 138
0.08736267685890198 -0.012054065242409706 0.1289999932050705 157 138 136
0.08766600489616394 -0.012054065242409706 0.1289999932050705 160 141 139
0.0879693329334259 -0.012054065242409706 0.1289999932050705 160 138 142
0.08895695209503174 -0.012147507630288601 0.12999999523162842 151 129 133
0.08926263451576233 -0.012147507630288601 0.12999999523162842 144 121 129
0.08956830948591232 -0.012147507630288601 0.12999999523162842 148 125 133
0.08987399190664291 -0.012147507630288601 0.12999999523162842 150 127 137
0.0901796743273735 -0.012147507630288601 0.12999999523162842 154 131 141
0.0904853567481041 -0.012147507630288601 0.12999999523162842 155 132 140
0.09079103916883469 -0.012147507630288601 0.12999999523162842 157 134 142
0.09179746359586716 -0.012240950018167496 0.13099999725818634 159 135 139
0.09210549294948578 -0.012240950018167496 0.13099999725818634 157 133 137
0.092413529753685 -0.012240950018167496 0.13099999725818634 161 137 139
0.09342935681343079 -0.01233439240604639 0.13199999928474426 161 137 139
0.09373974055051804 -0.01233439240604639 0.13199999928474426 158 129 135
0.09476263076066971 -0.012427834793925285 0.13300000131130219 152 123 129
0.09507536143064499 -0.012427834793925285 0.13300000131130219 148 119 125
0.09610529989004135 -0.01252127718180418 0.1340000033378601 144 115 121
0.09642039239406586 -0.01252127718180418 0.1340000033378601 157 128 132
0.09745737910270691 -0.012614719569683075 0.13500000536441803 153 124 128
0.09777481853961945 -0.012614719569683075 0.13500000536441803 152 124 123
0.09809225797653198 -0.012614719569683075 0.13500000536441803 157 129 128
0.09913865476846695 -0.01270816195756197 0.13600000739097595 157 132 125
0.09945844858884811 -0.01270816195756197 0.13600000739097595 158 133 126
0.09977823495864868 -0.01270816195756197 0.13600000739097595 156 131 124
0.10009802877902985 -0.01270816195756197 0.13600000739097595 162 137 130
0.10041781514883041 -0.01270816195756197 0.13600000739097595 164 138 134
0.10073760896921158 -0.01270816195756197 0.13600000739097595 165 139 135
0.10105739533901215 -0.01270816195756197 0.13600000739097595 154 131 130
0.10137718170881271 -0.01270816195756197 0.13600000739097595 154 131 130
0.10169697552919388 -0.01270816195756197 0.13600000739097595 159 127 134
0.10201676189899445 -0.01270816195756197 0.13600000739097595 155 123 130
0.06366105377674103 -0.013117100112140179 0.14399999380111694 255 224 218
0.06355521082878113 -0.013026009313762188 0.14300000667572021 255 235 229
0.0638914629817009 -0.013026009313762188 0.14300000667572021 255 252 248
0.06377856433391571 -0.012934918515384197 0.1420000046491623 255 253 249
0.06411246210336685 -0.012934918515384197 0.1420000046491623 254 255 249
0.064446359872818 -0.012934918515384197 0.1420000046491623 254 255 249
0.06432405859231949 -0.012843827717006207 0.14100000262260437 254 255 251
0.0646556094288826 -0.012843827717006207 0.14100000262260437 254 255 251
0.06498715281486511 -0.012843827717006207 0.14100000262260437 254 255 251
0.06531869620084763 -0.012843827717006207 0.14100000262260437 254 255 251
0.06565024703741074 -0.012843827717006207 0.14100000262260437 254 255 251
0.06598179042339325 -0.012843827717006207 0.14100000262260437 254 255 251
0.06584303081035614 -0.012752735987305641 0.14000000059604645 255 243 247
0.06617222726345062 -0.012752735987305641 0.14000000059604645 243 221 225
0.0674983561038971 -0.01257055439054966 0.1379999965429306 255 252 235
0.06782285124063492 -0.01257055439054966 0.1379999965429306 255 252 235
0.06814733892679214 -0.01257055439054966 0.1379999965429306 254 255 245
0.06847183406352997 -0.01257055439054966 0.1379999965429306 254 255 245
0.06879632920026779 -0.01257055439054966 0.1379999965429306 254 255 249
0.06912081688642502 -0.01257055439054966 0.1379999965429306 254 255 249
0.06944531202316284 -0.01257055439054966 0.1379999965429306 254 255 249
0.06926422566175461 -0.012479463592171669 0.13699999451637268 254 255 249
0.0695863664150238 -0.012479463592171669 0.13699999451637268 254 255 249
0.069908507168293 -0.012479463592171669 0.13699999451637268 254 255 249
0.06971801817417145 -0.012388372793793678 0.13600000739097595 254 255 249
0.07003780454397202 -0.012388372793793678 0.13600000739097595 254 255 249
0.07035759091377258 -0.012388372793793678 0.13600000739097595 254 255 249
0.07067738473415375 -0.012388372793793678 0.13600000739097595 254 255 249
0.07047513872385025 -0.012297281064093113 0.13500000536441803 254 255 249
0.07079257071018219 -0.012297281064093113 0.13500000536441803 254 255 249
0.07111001014709473 -0.012297281064093113 0.13500000536441803 254 255 251
0.07089836150407791 -0.012206190265715122 0.1340000033378601 254 255 251
0.07121344655752182 -0.012206190265715122 0.1340000033378601 255 250 251
0.07152853161096573 -0.012206190265715122 0.1340000033378601 246 231 232
0.07255841046571732 -0.012115099467337132 0.13300000131130219 255 252 229
0.0728711485862732 -0.012115099467337132 0.13300000131130219 255 253 230
0.07318388670682907 -0.012115099467337132 0.13300000131130219 254 255 243
0.07349661737680435 -0.012115099467337132 0.13300000131130219 254 255 243
0.07325439900159836 -0.01202400866895914 0.13199999928474426 255 252 254
0.07356478273868561 -0.01202400866895914 0.13199999928474426 253 247 249
0.07387516647577286 -0.01202400866895914 0.13199999928474426 243 220 232
0.07418555021286011 -0.01202400866895914 0.13199999928474426 223 200 212
0.07449593394994736 -0.01202400866895914 0.13199999928474426 219 194 202
0.07423960417509079 -0.01193291787058115 0.13099999725818634 225 200 208
0.07454763352870941 -0.01193291787058115 0.13099999725818634 223 212 207
0.07485567033290863 -0.01193291787058115 0.13099999725818634 255 248 243
0.07516369968652725 -0.01193291787058115 0.13099999725818634 255 255 247
0.07547173649072647 -0.01193291787058115 0.13099999725818634 255 254 246
0.07577976584434509 -0.01193291787058115 0.13099999725818634 255 243 249
0.07608779519796371 -0.01193291787058115 0.13099999725818634 255 239 245
0.07639583200216293 -0.01193291787058115 0.13099999725818634 238 199 219
0.07670386135578156 -0.01193291787058115 0.13099999725818634 218 179 199
0.07701189815998077 -0.01193291787058115 0.13099999725818634 212 177 191
0.0773199275135994 -0.01193291787058115 0.13099999725818634 208 173 187
0.07762796431779861 -0.01193291787058115 0.13099999725818634 198 176 180
0.07793599367141724 -0.01193291787058115 0.13099999725818634 193 171 175
0.07824403047561646 -0.01193291787058115 0.13099999725818634 195 178 178
0.07855205982923508 -0.01193291787058115 0.13099999725818634 202 185 185
0.0788600891828537 -0.01193291787058115 0.13099999725818634 201 184 186
0.07916812598705292 -0.01193291787058115 0.13099999725818634 197 180 182
0.07886946946382523 -0.011841826140880585 0.12999999523162842 201 182 195
0.07917515188455582 -0.011841826140880585 0.12999999523162842 204 185 198
0.07948083430528641 -0.011841826140880585 0.12999999523162842 195 168 190
0.079786516726017 -0.011841826140880585 0.12999999523162842 181 154 176
0.08009219169616699 -0.011841826140880585 0.12999999523162842 172 143 161
0.08039787411689758 -0.011841826140880585 0.12999999523162842 147 118 136
0.08192627876996994 -0.011841826140880585 0.12999999523162842 208 181 186
0.08223196119070053 -0.011841826140880585 0.12999999523162842 209 182 187
0.08253764361143112 -0.011841826140880585 0.12999999523162842 178 158 178
0.08284332603216171 -0.011841826140880585 0.12999999523162842 184 164 184
0.0831490084528923 -0.011841826140880585 0.12999999523162842 190 166 183
0.0834546908736229 -0.011841826140880585 0.12999999523162842 174 150 167
0.08376036584377289 -0.011841826140880585 0.12999999523162842 177 149 158
0.08406604826450348 -0.011841826140880585 0.12999999523162842 177 149 158
0.08437173068523407 -0.011841826140880585 0.12999999523162842 176 148 157
0.08467741310596466 -0.011841826140880585 0.12999999523162842 176 148 157
0.08498309552669525 -0.011841826140880585 0.12999999523162842 177 150 155
0.08463270962238312 -0.011750735342502594 0.1289999932050705 179 152 157
0.08493603765964508 -0.011750735342502594 0.1289999932050705 174 147 150
0.08590013533830643 -0.011841826140880585 0.12999999523162842 177 150 153
0.08620581775903702 -0.011841826140880585 0.12999999523162842 178 149 153
0.08651150017976761 -0.011841826140880585 0.12999999523162842 178 149 153
0.08614935725927353 -0.011750735342502594 0.1289999932050705 165 138 143
0.08645268529653549 -0.011750735342502594 0.1289999932050705 161 134 139
0.08742854744195938 -0.011841826140880585 0.12999999523162842 153 133 136
0.08773422241210938 -0.011841826140880585 0.12999999523162842 157 137 140
0.08803990483283997 -0.011841826140880585 0.12999999523162842 151 134 136
0.08834558725357056 -0.011841826140880585 0.12999999523162842 155 138 140
0.08865126967430115 -0.011841826140880585 0.12999999523162842 154 133 140
0.08895695209503174 -0.011841826140880585 0.12999999523162842 149 128 135
0.08926263451576233 -0.011841826140880585 0.12999999523162842 146 123 133
0.08956830948591232 -0.011841826140880585 0.12999999523162842 146 123 133
0.08987399190664291 -0.011841826140880585 0.12999999523162842 148 125 135
0.0901796743273735 -0.011841826140880585 0.12999999523162842 152 129 139
0.0904853567481041 -0.011841826140880585 0.12999999523162842 153 130 138
0.09079103916883469 -0.011841826140880585 0.12999999523162842 151 128 136
0.09179746359586716 -0.01193291787058115 0.13099999725818634 156 132 136
0.09210549294948578 -0.01193291787058115 0.13099999725818634 160 136 140
0.092413529753685 -0.01193291787058115 0.13099999725818634 156 132 136
0.09342935681343079 -0.01202400866895914 0.13199999928474426 159 135 139
0.09444989264011383 -0.012115099467337132 0.13300000131130219 154 127 132
0.09476263076066971 -0.012115099467337132 0.13300000131130219 150 123 128
0.09507536143064499 -0.012115099467337132 0.13300000131130219 149 120 126
0.09610529989004135 -0.012206190265715122 0.1340000033378601 144 115 121
0.09713994711637497 -0.012297281064093113 0.13500000536441803 152 120 125
0.09745737910270691 -0.012297281064093113 0.13500000536441803 151 119 124
0.09777481853961945 -0.012297281064093113 0.13500000536441803 153 125 124
0.09881886839866638 -0.012388372793793678 0.13600000739097595 159 131 130
0.09913865476846695 -0.012388372793793678 0.13600000739097595 163 135 132
0.09945844858884811 -0.012388372793793678 0.13600000739097595 163 135 132
0.09977823495864868 -0.012388372793793678 0.13600000739097595 159 131 128
0.10009802877902985 -0.012388372793793678 0.13600000739097595 165 137 134
0.10041781514883041 -0.012388372793793678 0.13600000739097595 166 140 136
0.10073760896921158 -0.012388372793793678 0.13600000739097595 172 146 142
0.10105739533901215 -0.012388372793793678 0.13600000739097595 152 131 130
0.10137718170881271 -0.012388372793793678 0.13600000739097595 158 137 136
0.10169697552919388 -0.012388372793793678 0.13600000739097595 162 130 137
0.10201676189899445 -0.012388372793793678 0.13600000739097595 152 120 127
0.06355521082878113 -0.012689759954810143 0.14300000667572021 255 244 239
0.0638914629817009 -0.012689759954810143 0.14300000667572021 255 253 249
0.06377856433391571 -0.012601020745933056 0.1420000046491623 255 253 249
0.06411246210336685 -0.012601020745933056 0.1420000046491623 254 255 249
0.064446359872818 -0.012601020745933056 0.1420000046491623 254 255 249
0.06478025764226913 -0.012601020745933056 0.1420000046491623 254 255 251
0.06511415541172028 -0.012601020745933056 0.1420000046491623 254 255 251
0.06498715281486511 -0.012512280605733395 0.14100000262260437 254 255 251
0.06531869620084763 -0.012512280605733395 0.14100000262260437 254 255 251
0.06565024703741074 -0.012512280605733395 0.14100000262260437 254 255 251
0.06598179042339325 -0.012512280605733395 0.14100000262260437 254 255 251
0.06584303081035614 -0.012423541396856308 0.14000000059604645 255 250 250
0.06617222726345062 -0.012423541396856308 0.14000000059604645 244 232 232
0.0674983561038971 -0.01224606204777956 0.1379999965429306 255 253 230
0.06782285124063492 -0.01224606204777956 0.1379999965429306 255 253 230
0.06814733892679214 -0.01224606204777956 0.1379999965429306 254 255 245
0.06847183406352997 -0.01224606204777956 0.1379999965429306 254 255 245
0.06879632920026779 -0.01224606204777956 0.1379999965429306 254 255 249
0.06912081688642502 -0.01224606204777956 0.1379999965429306 254 255 249
0.06944531202316284 -0.01224606204777956 0.1379999965429306 254 255 249
0.06976979970932007 -0.01224606204777956 0.1379999965429306 254 255 249
0.0695863664150238 -0.012157322838902473 0.13699999451637268 254 255 249
0.069908507168293 -0.012157322838902473 0.13699999451637268 254 255 249
0.06971801817417145 -0.012068582698702812 0.13600000739097595 254 255 249
0.07003780454397202 -0.012068582698702812 0.13600000739097595 254 255 249
0.07035759091377258 -0.012068582698702812 0.13600000739097595 254 255 249
0.07067738473415375 -0.012068582698702812 0.13600000739097595 254 255 249
0.07047513872385025 -0.011979843489825726 0.13500000536441803 254 255 249
0.07079257071018219 -0.011979843489825726 0.13500000536441803 254 255 249
0.07111001014709473 -0.011979843489825726 0.13500000536441803 254 255 249
0.07089836150407791 -0.011891103349626064 0.1340000033378601 254 255 249
0.07121344655752182 -0.011891103349626064 0.1340000033378601 255 248 253
0.07152853161096573 -0.011891103349626064 0.1340000033378601 240 224 229
0.07255841046571732 -0.011802364140748978 0.13300000131130219 255 243 222
0.0728711485862732 -0.011802364140748978 0.13300000131130219 255 250 229
0.07318388670682907 -0.011802364140748978 0.13300000131130219 255 255 239
0.07349661737680435 -0.011802364140748978 0.13300000131130219 255 255 239
0.07380935549736023 -0.011802364140748978 0.13300000131130219 255 253 254
0.07356478273868561 -0.011713624931871891 0.13199999928474426 249 245 246
0.07387516647577286 -0.011713624931871891 0.13199999928474426 249 230 243
0.07418555021286011 -0.011713624931871891 0.13199999928474426 242 223 236
0.07449593394994736 -0.011713624931871891 0.13199999928474426 221 195 210
0.0748063176870346 -0.011713624931871891 0.13199999928474426 226 200 215
0.07454763352870941 -0.01162488479167223 0.13099999725818634 233 217 222
0.07485567033290863 -0.01162488479167223 0.13099999725818634 254 238 243
0.07516369968652725 -0.01162488479167223 0.13099999725818634 255 252 251
0.07547173649072647 -0.01162488479167223 0.13099999725818634 255 251 250
0.07577976584434509 -0.01162488479167223 0.13099999725818634 255 246 255
0.07608779519796371 -0.01162488479167223 0.13099999725818634 249 231 241
0.07639583200216293 -0.01162488479167223 0.13099999725818634 235 205 228
0.07670386135578156 -0.01162488479167223 0.13099999725818634 214 184 207
0.07701189815998077 -0.01162488479167223 0.13099999725818634 205 179 194
0.0773199275135994 -0.01162488479167223 0.13099999725818634 202 176 191
0.07762796431779861 -0.01162488479167223 0.13099999725818634 195 178 180
0.07793599367141724 -0.01162488479167223 0.13099999725818634 191 174 176
0.07824403047561646 -0.01162488479167223 0.13099999725818634 197 185 183
0.07855205982923508 -0.01162488479167223 0.13099999725818634 197 185 183
0.0788600891828537 -0.01162488479167223 0.13099999725818634 197 185 185
0.07916812598705292 -0.01162488479167223 0.13099999725818634 198 186 186
0.07947615534067154 -0.01162488479167223 0.13099999725818634 196 179 193
0.07917515188455582 -0.011536145582795143 0.12999999523162842 199 182 196
0.07948083430528641 -0.011536145582795143 0.12999999523162842 195 170 194
0.079786516726017 -0.011536145582795143 0.12999999523162842 183 158 182
0.08009219169616699 -0.011536145582795143 0.12999999523162842 177 146 163
0.08039787411689758 -0.011536145582795143 0.12999999523162842 137 106 123
0.08192627876996994 -0.011536145582795143 0.12999999523162842 202 173 177
0.08223196119070053 -0.011536145582795143 0.12999999523162842 213 184 188
0.08253764361143112 -0.011536145582795143 0.12999999523162842 190 165 187
0.08284332603216171 -0.011536145582795143 0.12999999523162842 183 158 180
0.0831490084528923 -0.011536145582795143 0.12999999523162842 172 150 166
0.0834546908736229 -0.011536145582795143 0.12999999523162842 172 150 166
0.08376036584377289 -0.011536145582795143 0.12999999523162842 171 150 159
0.08406604826450348 -0.011536145582795143 0.12999999523162842 169 148 157
0.08437173068523407 -0.011536145582795143 0.12999999523162842 170 147 155
0.08467741310596466 -0.011536145582795143 0.12999999523162842 175 152 160
0.08498309552669525 -0.011536145582795143 0.12999999523162842 176 154 158
0.08528877794742584 -0.011536145582795143 0.12999999523162842 176 154 158
0.08559445291757584 -0.011536145582795143 0.12999999523162842 177 153 157
0.08590013533830643 -0.011536145582795143 0.12999999523162842 172 148 152
0.08620581775903702 -0.011536145582795143 0.12999999523162842 169 144 152
0.08651150017976761 -0.011536145582795143 0.12999999523162842 168 143 151
0.0868171826004982 -0.011536145582795143 0.12999999523162842 162 137 145
0.08712286502122879 -0.011536145582795143 0.12999999523162842 161 136 144
0.08742854744195938 -0.011536145582795143 0.12999999523162842 150 134 141
0.08773422241210938 -0.011536145582795143 0.12999999523162842 153 137 144
0.08803990483283997 -0.011536145582795143 0.12999999523162842 149 133 140
0.08834558725357056 -0.011536145582795143 0.12999999523162842 148 132 139
0.08865126967430115 -0.011536145582795143 0.12999999523162842 159 141 149
0.08895695209503174 -0.011536145582795143 0.12999999523162842 145 127 135
0.08926263451576233 -0.011536145582795143 0.12999999523162842 140 122 128
0.08956830948591232 -0.011536145582795143 0.12999999523162842 135 117 123
0.08987399190664291 -0.011536145582795143 0.12999999523162842 139 118 125
0.0901796743273735 -0.011536145582795143 0.12999999523162842 142 121 128
0.0904853567481041 -0.011536145582795143 0.12999999523162842 139 116 124
0.09079103916883469 -0.011536145582795143 0.12999999523162842 143 120 128
0.09179746359586716 -0.01162488479167223 0.13099999725818634 151 124 127
0.09210549294948578 -0.01162488479167223 0.13099999725818634 155 128 131
0.092413529753685 -0.01162488479167223 0.13099999725818634 156 129 132
0.09342935681343079 -0.011713624931871891 0.13199999928474426 157 130 133
0.09444989264011383 -0.011802364140748978 0.13300000131130219 156 127 133
0.09476263076066971 -0.011802364140748978 0.13300000131130219 151 122 128
0.09579021483659744 -0.011891103349626064 0.1340000033378601 151 117 125
0.09682250767946243 -0.011979843489825726 0.13500000536441803 147 113 121
0.09713994711637497 -0.011979843489825726 0.13500000536441803 147 115 120
0.09745737910270691 -0.011979843489825726 0.13500000536441803 148 116 121
0.09849908202886581 -0.012068582698702812 0.13600000739097595 155 124 124
0.09881886839866638 -0.012068582698702812 0.13600000739097595 162 131 131
0.09913865476846695 -0.012068582698702812 0.13600000739097595 169 138 138
0.09945844858884811 -0.012068582698702812 0.13600000739097595 164 133 133
0.09977823495864868 -0.012068582698702812 0.13600000739097595 159 131 130
0.10009802877902985 -0.012068582698702812 0.13600000739097595 169 141 140
0.10041781514883041 -0.012068582698702812 0.13600000739097595 164 141 140
0.10073760896921158 -0.012068582698702812 0.13600000739097595 169 146 145
0.10105739533901215 -0.012068582698702812 0.13600000739097595 159 137 139
0.10137718170881271 -0.012068582698702812 0.13600000739097595 167 145 147
0.10169697552919388 -0.012068582698702812 0.13600000739097595 162 130 135
0.10201676189899445 -0.012068582698702812 0.13600000739097595 150 118 123
0.06366105377674103 -0.012439899146556854 0.14399999380111694 246 214 210
0.06355521082878113 -0.012353510595858097 0.14300000667572021 255 240 236
0.0638914629817009 -0.012353510595858097 0.14300000667572021 255 254 249
0.06377856433391571 -0.01226712204515934 0.1420000046491623 255 254 249
0.06411246210336685 -0.01226712204515934 0.1420000046491623 254 255 249
0.064446359872818 -0.01226712204515934 0.1420000046491623 254 255 249
0.06432405859231949 -0.012180734425783157 0.14100000262260437 254 255 251
0.0646556094288826 -0.012180734425783157 0.14100000262260437 254 255 251
0.06498715281486511 -0.012180734425783157 0.14100000262260437 254 255 251
0.06531869620084763 -0.012180734425783157 0.14100000262260437 254 255 251
0.06565024703741074 -0.012180734425783157 0.14100000262260437 254 255 251
0.06551383435726166 -0.0120943458750844 0.14000000059604645 254 255 251
0.06584303081035614 -0.0120943458750844 0.14000000059604645 255 252 251
0.06617222726345062 -0.0120943458750844 0.14000000059604645 251 243 242
0.0665014237165451 -0.0120943458750844 0.14000000059604645 241 204 211
0.06635325402021408 -0.012007957324385643 0.13899999856948853 215 178 185
0.0674983561038971 -0.01192156970500946 0.1379999965429306 255 248 225
0.06782285124063492 -0.01192156970500946 0.1379999965429306 255 252 229
0.06814733892679214 -0.01192156970500946 0.1379999965429306 254 255 241
0.06847183406352997 -0.01192156970500946 0.1379999965429306 254 255 241
0.06879632920026779 -0.01192156970500946 0.1379999965429306 254 255 249
0.06912081688642502 -0.01192156970500946 0.1379999965429306 254 255 249
0.06944531202316284 -0.01192156970500946 0.1379999965429306 254 255 249
0.06976979970932007 -0.01192156970500946 0.1379999965429306 254 255 249
0.0695863664150238 -0.011835181154310703 0.13699999451637268 254 255 249
0.069908507168293 -0.011835181154310703 0.13699999451637268 254 255 249
0.0702306479215622 -0.011835181154310703 0.13699999451637268 254 255 249
0.07003780454397202 -0.01174879353493452 0.13600000739097595 254 255 249
0.07035759091377258 -0.01174879353493452 0.13600000739097595 254 255 249
0.07067738473415375 -0.01174879353493452 0.13600000739097595 254 255 249
0.07099717110395432 -0.01174879353493452 0.13600000739097595 254 255 249
0.07079257071018219 -0.011662404984235764 0.13500000536441803 254 255 249
0.07111001014709473 -0.011662404984235764 0.13500000536441803 255 255 249
0.07142744958400726 -0.011662404984235764 0.13500000536441803 254 254 248
0.07121344655752182 -0.011576016433537006 0.1340000033378601 255 242 251
0.07152853161096573 -0.011576016433537006 0.1340000033378601 238 217 226
0.0728711485862732 -0.011489628814160824 0.13300000131130219 255 243 229
0.07318388670682907 -0.011489628814160824 0.13300000131130219 255 255 237
0.07349661737680435 -0.011489628814160824 0.13300000131130219 255 255 237
0.07380935549736023 -0.011489628814160824 0.13300000131130219 255 252 247
0.07356478273868561 -0.011403240263462067 0.13199999928474426 241 238 233
0.07387516647577286 -0.011403240263462067 0.13199999928474426 250 232 242
0.07418555021286011 -0.011403240263462067 0.13199999928474426 240 222 232
0.07449593394994736 -0.011403240263462067 0.13199999928474426 228 205 217
0.0748063176870346 -0.011403240263462067 0.13199999928474426 229 206 218
0.07454763352870941 -0.011316852644085884 0.13099999725818634 227 211 218
0.07485567033290863 -0.011316852644085884 0.13099999725818634 249 233 240
0.07516369968652725 -0.011316852644085884 0.13099999725818634 255 249 255
0.07547173649072647 -0.011316852644085884 0.13099999725818634 255 250 255
0.07577976584434509 -0.011316852644085884 0.13099999725818634 255 244 255
0.07608779519796371 -0.011316852644085884 0.13099999725818634 247 223 238
0.07639583200216293 -0.011316852644085884 0.13099999725818634 230 203 225
0.07670386135578156 -0.011316852644085884 0.13099999725818634 212 185 207
0.07701189815998077 -0.011316852644085884 0.13099999725818634 197 174 195
0.0773199275135994 -0.011316852644085884 0.13099999725818634 193 170 191
0.07762796431779861 -0.011316852644085884 0.13099999725818634 191 175 182
0.07793599367141724 -0.011316852644085884 0.13099999725818634 187 171 178
0.07824403047561646 -0.011316852644085884 0.13099999725818634 190 180 180
0.07855205982923508 -0.011316852644085884 0.13099999725818634 185 175 175
0.0788600891828537 -0.011316852644085884 0.13099999725818634 188 175 179
0.07916812598705292 -0.011316852644085884 0.13099999725818634 183 170 174
0.07947615534067154 -0.011316852644085884 0.13099999725818634 187 168 181
0.07917515188455582 -0.011230464093387127 0.12999999523162842 185 166 179
0.07948083430528641 -0.011230464093387127 0.12999999523162842 193 169 186
0.079786516726017 -0.011230464093387127 0.12999999523162842 191 167 184
0.08009219169616699 -0.011230464093387127 0.12999999523162842 168 133 145
0.08039787411689758 -0.011230464093387127 0.12999999523162842 113 78 90
0.08192627876996994 -0.011230464093387127 0.12999999523162842 193 165 164
0.08223196119070053 -0.011230464093387127 0.12999999523162842 200 172 171
0.08253764361143112 -0.011230464093387127 0.12999999523162842 191 167 184
0.08284332603216171 -0.011230464093387127 0.12999999523162842 186 162 179
0.0831490084528923 -0.011230464093387127 0.12999999523162842 172 150 166
0.0834546908736229 -0.011230464093387127 0.12999999523162842 169 147 163
0.08376036584377289 -0.011230464093387127 0.12999999523162842 167 146 153
0.08406604826450348 -0.011230464093387127 0.12999999523162842 166 145 152
0.08437173068523407 -0.011230464093387127 0.12999999523162842 167 145 149
0.08467741310596466 -0.011230464093387127 0.12999999523162842 168 146 150
0.08498309552669525 -0.011230464093387127 0.12999999523162842 174 152 156
0.08528877794742584 -0.011230464093387127 0.12999999523162842 181 159 163
0.08559445291757584 -0.011230464093387127 0.12999999523162842 174 149 157
0.08590013533830643 -0.011230464093387127 0.12999999523162842 170 145 153
0.08620581775903702 -0.011230464093387127 0.12999999523162842 169 144 152
0.08651150017976761 -0.011230464093387127 0.12999999523162842 161 136 144
0.0868171826004982 -0.011230464093387127 0.12999999523162842 159 136 144
0.08712286502122879 -0.011230464093387127 0.12999999523162842 158 135 143
0.08742854744195938 -0.011230464093387127 0.12999999523162842 151 135 142
0.08773422241210938 -0.011230464093387127 0.12999999523162842 147 131 138
0.08803990483283997 -0.011230464093387127 0.12999999523162842 149 133 142
0.08834558725357056 -0.011230464093387127 0.12999999523162842 143 127 136
0.08865126967430115 -0.011230464093387127 0.12999999523162842 135 117 125
0.08895695209503174 -0.011230464093387127 0.12999999523162842 141 123 131
0.08926263451576233 -0.011230464093387127 0.12999999523162842 145 124 131
0.08956830948591232 -0.011230464093387127 0.12999999523162842 147 126 133
0.08987399190664291 -0.011230464093387127 0.12999999523162842 157 129 138
0.0901796743273735 -0.011230464093387127 0.12999999523162842 142 114 123
0.0904853567481041 -0.011230464093387127 0.12999999523162842 137 104 115
0.09148942679166794 -0.011316852644085884 0.13099999725818634 148 115 126
0.09179746359586716 -0.011316852644085884 0.13099999725818634 154 121 124
0.09210549294948578 -0.011316852644085884 0.13099999725818634 145 112 115
0.092413529753685 -0.011316852644085884 0.13099999725818634 150 114 118
0.09342935681343079 -0.011403240263462067 0.13199999928474426 155 119 123
0.09444989264011383 -0.011489628814160824 0.13300000131130219 142 108 116
0.09547512978315353 -0.011576016433537006 0.1340000033378601 154 120 128
0.0965050682425499 -0.011662404984235764 0.13500000536441803 149 112 121
0.09682250767946243 -0.011662404984235764 0.13500000536441803 146 109 118
0.09785950183868408 -0.01174879353493452 0.13600000739097595 146 110 114
0.09817928820848465 -0.01174879353493452 0.13600000739097595 149 113 117
0.09849908202886581 -0.01174879353493452 0.13600000739097595 158 122 122
0.09881886839866638 -0.01174879353493452 0.13600000739097595 162 126 126
0.09913865476846695 -0.01174879353493452 0.13600000739097595 174 141 140
0.09945844858884811 -0.01174879353493452 0.13600000739097595 170 137 136
0.09977823495864868 -0.01174879353493452 0.13600000739097595 165 139 137
0.10009802877902985 -0.01174879353493452 0.13600000739097595 171 145 143
0.10041781514883041 -0.01174879353493452 0.13600000739097595 170 147 146
0.10073760896921158 -0.01174879353493452 0.13600000739097595 157 134 133
0.10105739533901215 -0.01174879353493452 0.13600000739097595 148 126 130
0.10137718170881271 -0.01174879353493452 0.13600000739097595 167 145 149
0.10169697552919388 -0.01174879353493452 0.13600000739097595 166 134 139
0.10201676189899445 -0.01174879353493452 0.13600000739097595 157 125 130
0.06366105377674103 -0.012101298198103905 0.14399999380111694 255 234 232
0.06355521082878113 -0.012017261236906052 0.14300000667572021 255 243 241
0.0638914629817009 -0.012017261236906052 0.14300000667572021 255 255 249
0.06377856433391571 -0.011933224275708199 0.1420000046491623 255 255 249
0.06411246210336685 -0.011933224275708199 0.1420000046491623 254 255 249
0.064446359872818 -0.011933224275708199 0.1420000046491623 254 255 249
0.06432405859231949 -0.011849187314510345 0.14100000262260437 254 255 251
0.0646556094288826 -0.011849187314510345 0.14100000262260437 254 255 251
0.06498715281486511 -0.011849187314510345 0.14100000262260437 254 255 251
0.06531869620084763 -0.011849187314510345 0.14100000262260437 254 255 251
0.06565024703741074 -0.011849187314510345 0.14100000262260437 254 255 251
0.06551383435726166 -0.011765150353312492 0.14000000059604645 254 255 251
0.06584303081035614 -0.011765150353312492 0.14000000059604645 255 250 253
0.06617222726345062 -0.011765150353312492 0.14000000059604645 253 244 247
0.0665014237165451 -0.011765150353312492 0.14000000059604645 234 200 206
0.06635325402021408 -0.011681114323437214 0.13899999856948853 222 188 194
0.0674983561038971 -0.01159707736223936 0.1379999965429306 255 241 220
0.06782285124063492 -0.01159707736223936 0.1379999965429306 255 250 229
0.06814733892679214 -0.01159707736223936 0.1379999965429306 255 255 239
0.06847183406352997 -0.01159707736223936 0.1379999965429306 255 255 239
0.06879632920026779 -0.01159707736223936 0.1379999965429306 254 255 249
0.06912081688642502 -0.01159707736223936 0.1379999965429306 254 255 249
0.06944531202316284 -0.01159707736223936 0.1379999965429306 254 255 249
0.06976979970932007 -0.01159707736223936 0.1379999965429306 254 255 249
0.0702306479215622 -0.011513040401041508 0.13699999451637268 254 255 249
0.07055278867483139 -0.011513040401041508 0.13699999451637268 254 255 249
0.07099717110395432 -0.011429003439843655 0.13600000739097595 254 255 249
0.07079257071018219 -0.011344966478645802 0.13500000536441803 254 255 249
0.07111001014709473 -0.011344966478645802 0.13500000536441803 255 252 255
0.07142744958400726 -0.011344966478645802 0.13500000536441803 255 251 255
0.07121344655752182 -0.011260930448770523 0.1340000033378601 255 239 255
0.07152853161096573 -0.011260930448770523 0.1340000033378601 234 205 221
0.07318388670682907 -0.01117689348757267 0.13300000131130219 255 251 235
0.07349661737680435 -0.01117689348757267 0.13300000131130219 255 251 235
0.07380935549736023 -0.01117689348757267 0.13300000131130219 255 253 247
0.07356478273868561 -0.011092856526374817 0.13199999928474426 255 253 247
0.07387516647577286 -0.011092856526374817 0.13199999928474426 255 237 246
0.07418555021286011 -0.011092856526374817 0.13199999928474426 237 216 225
0.07449593394994736 -0.011092856526374817 0.13199999928474426 231 210 219
0.0748063176870346 -0.011092856526374817 0.13199999928474426 220 199 208
0.07454763352870941 -0.011008819565176964 0.13099999725818634 227 209 217
0.07485567033290863 -0.011008819565176964 0.13099999725818634 244 226 234
0.07516369968652725 -0.011008819565176964 0.13099999725818634 249 231 241
0.07547173649072647 -0.011008819565176964 0.13099999725818634 235 217 227
0.07577976584434509 -0.011008819565176964 0.13099999725818634 251 227 242
0.07608779519796371 -0.011008819565176964 0.13099999725818634 237 213 228
0.07639583200216293 -0.011008819565176964 0.13099999725818634 212 186 205
0.07670386135578156 -0.011008819565176964 0.13099999725818634 197 171 190
0.07701189815998077 -0.011008819565176964 0.13099999725818634 189 166 187
0.0773199275135994 -0.011008819565176964 0.13099999725818634 187 164 185
0.07762796431779861 -0.011008819565176964 0.13099999725818634 190 177 185
0.07793599367141724 -0.011008819565176964 0.13099999725818634 191 178 186
0.07824403047561646 -0.011008819565176964 0.13099999725818634 183 168 169
0.07855205982923508 -0.011008819565176964 0.13099999725818634 180 165 166
0.0788600891828537 -0.011008819565176964 0.13099999725818634 200 180 183
0.07916812598705292 -0.011008819565176964 0.13099999725818634 185 165 168
0.07947615534067154 -0.011008819565176964 0.13099999725818634 175 150 160
0.07917515188455582 -0.01092478260397911 0.12999999523162842 163 138 148
0.07948083430528641 -0.01092478260397911 0.12999999523162842 169 137 144
0.079786516726017 -0.01092478260397911 0.12999999523162842 175 143 150
0.08253764361143112 -0.01092478260397911 0.12999999523162842 172 148 150
0.08284332603216171 -0.01092478260397911 0.12999999523162842 176 152 154
0.0831490084528923 -0.01092478260397911 0.12999999523162842 172 150 154
0.0834546908736229 -0.01092478260397911 0.12999999523162842 166 144 148
0.08376036584377289 -0.01092478260397911 0.12999999523162842 172 145 148
0.08406604826450348 -0.01092478260397911 0.12999999523162842 170 143 146
0.08437173068523407 -0.01092478260397911 0.12999999523162842 170 144 144
0.08467741310596466 -0.01092478260397911 0.12999999523162842 171 145 145
0.08498309552669525 -0.01092478260397911 0.12999999523162842 168 142 142
0.08528877794742584 -0.01092478260397911 0.12999999523162842 164 138 138
0.08559445291757584 -0.01092478260397911 0.12999999523162842 162 133 139
0.08590013533830643 -0.01092478260397911 0.12999999523162842 160 131 137
0.08620581775903702 -0.01092478260397911 0.12999999523162842 158 129 135
0.08651150017976761 -0.01092478260397911 0.12999999523162842 156 127 133
0.0868171826004982 -0.01092478260397911 0.12999999523162842 159 132 137
0.08712286502122879 -0.01092478260397911 0.12999999523162842 158 131 136
0.08742854744195938 -0.01092478260397911 0.12999999523162842 150 127 135
0.08773422241210938 -0.01092478260397911 0.12999999523162842 144 121 129
0.08803990483283997 -0.01092478260397911 0.12999999523162842 141 116 128
0.08834558725357056 -0.01092478260397911 0.12999999523162842 136 111 123
0.08865126967430115 -0.01092478260397911 0.12999999523162842 140 112 121
0.08895695209503174 -0.01092478260397911 0.12999999523162842 148 120 129
0.08926263451576233 -0.01092478260397911 0.12999999523162842 162 134 143
0.08956830948591232 -0.01092478260397911 0.12999999523162842 156 128 137
0.08987399190664291 -0.01092478260397911 0.12999999523162842 164 131 144
0.0901796743273735 -0.01092478260397911 0.12999999523162842 152 119 132
0.10051190108060837 -0.011513040401041508 0.13699999451637268 169 141 138
0.10083404183387756 -0.011513040401041508 0.13699999451637268 173 145 142
0.10041781514883041 -0.011429003439843655 0.13600000739097595 165 143 147
0.10073760896921158 -0.011429003439843655 0.13600000739097595 157 135 139
0.10105739533901215 -0.011429003439843655 0.13600000739097595 152 131 142
0.10137718170881271 -0.011429003439843655 0.13600000739097595 158 137 148
0.10169697552919388 -0.011429003439843655 0.13600000739097595 157 125 132
0.10201676189899445 -0.011429003439843655 0.13600000739097595 157 125 132
0.06366105377674103 -0.011762697249650955 0.14399999380111694 255 238 233
0.06355521082878113 -0.011681011877954006 0.14300000667572021 255 245 240
0.0638914629817009 -0.011681011877954006 0.14300000667572021 255 254 249
0.06377856433391571 -0.011599326506257057 0.1420000046491623 255 254 249
0.06411246210336685 -0.011599326506257057 0.1420000046491623 254 255 249
0.064446359872818 -0.011599326506257057 0.1420000046491623 254 255 249
0.06432405859231949 -0.011517641134560108 0.14100000262260437 254 255 249
0.0646556094288826 -0.011517641134560108 0.14100000262260437 254 255 249
0.06498715281486511 -0.011517641134560108 0.14100000262260437 254 255 251
0.06531869620084763 -0.011517641134560108 0.14100000262260437 254 255 251
0.06565024703741074 -0.011517641134560108 0.14100000262260437 254 255 251
0.06551383435726166 -0.01143595576286316 0.14000000059604645 254 255 251
0.06584303081035614 -0.01143595576286316 0.14000000059604645 255 251 254
0.06617222726345062 -0.01143595576286316 0.14000000059604645 255 248 251
0.0665014237165451 -0.01143595576286316 0.14000000059604645 228 190 203
0.06635325402021408 -0.01135427039116621 0.13899999856948853 219 181 194
0.06782285124063492 -0.011272585019469261 0.1379999965429306 255 247 227
0.06814733892679214 -0.011272585019469261 0.1379999965429306 255 255 235
0.06847183406352997 -0.011272585019469261 0.1379999965429306 255 255 235
0.06879632920026779 -0.011272585019469261 0.1379999965429306 254 255 247
0.06912081688642502 -0.011272585019469261 0.1379999965429306 254 255 247
0.06944531202316284 -0.011272585019469261 0.1379999965429306 254 255 249
0.06976979970932007 -0.011272585019469261 0.1379999965429306 254 255 249
0.07009429484605789 -0.011272585019469261 0.1379999965429306 254 255 249
0.069908507168293 -0.011190899647772312 0.13699999451637268 254 255 249
0.0702306479215622 -0.011190899647772312 0.13699999451637268 254 255 249
0.07055278867483139 -0.011190899647772312 0.13699999451637268 254 255 249
0.07035759091377258 -0.011109214276075363 0.13600000739097595 253 254 248
0.07067738473415375 -0.011109214276075363 0.13600000739097595 254 255 249
0.07099717110395432 -0.011109214276075363 0.13600000739097595 255 251 250
0.07079257071018219 -0.011027528904378414 0.13500000536441803 255 252 251
0.07111001014709473 -0.011027528904378414 0.13500000536441803 247 222 232
0.07142744958400726 -0.011027528904378414 0.13500000536441803 228 203 213
0.07318388670682907 -0.010864158160984516 0.13300000131130219 255 224 218
0.07349661737680435 -0.010864158160984516 0.13300000131130219 255 238 232
0.07380935549736023 -0.010864158160984516 0.13300000131130219 255 247 245
0.07412209361791611 -0.010864158160984516 0.13300000131130219 255 243 241
0.07443482428789139 -0.010864158160984516 0.13300000131130219 255 228 233
0.07418555021286011 -0.010782472789287567 0.13199999928474426 251 219 224
0.07449593394994736 -0.010782472789287567 0.13199999928474426 229 196 197
0.0748063176870346 -0.010782472789287567 0.13199999928474426 232 199 200
0.07454763352870941 -0.010700787417590618 0.13099999725818634 224 196 197
0.07485567033290863 -0.010700787417590618 0.13099999725818634 215 187 188
0.07516369968652725 -0.010700787417590618 0.13099999725818634 216 191 199
0.07547173649072647 -0.010700787417590618 0.13099999725818634 211 186 194
0.07577976584434509 -0.010700787417590618 0.13099999725818634 225 197 208
0.07608779519796371 -0.010700787417590618 0.13099999725818634 226 198 209
0.07639583200216293 -0.010700787417590618 0.13099999725818634 209 180 196
0.07670386135578156 -0.010700787417590618 0.13099999725818634 188 159 175
0.07701189815998077 -0.010700787417590618 0.13099999725818634 186 158 171
0.0773199275135994 -0.010700787417590618 0.13099999725818634 187 159 172
0.07762796431779861 -0.010700787417590618 0.13099999725818634 178 153 161
0.07793599367141724 -0.010700787417590618 0.13099999725818634 178 153 161
0.07824403047561646 -0.010700787417590618 0.13099999725818634 182 153 159
0.07855205982923508 -0.010700787417590618 0.13099999725818634 181 152 158
0.0788600891828537 -0.010700787417590618 0.13099999725818634 186 147 156
0.07916812598705292 -0.010700787417590618 0.13099999725818634 182 143 152
0.08620581775903702 -0.010619102045893669 0.12999999523162842 151 112 121
0.08651150017976761 -0.010619102045893669 0.12999999523162842 151 112 121
0.0868171826004982 -0.010619102045893669 0.12999999523162842 150 113 122
0.08712286502122879 -0.010619102045893669 0.12999999523162842 150 113 122
0.08742854744195938 -0.010619102045893669 0.12999999523162842 142 105 114
0.08773422241210938 -0.010619102045893669 0.12999999523162842 137 100 109
0.08865126967430115 -0.010619102045893669 0.12999999523162842 156 119 128
0.08895695209503174 -0.010619102045893669 0.12999999523162842 156 119 128
0.08926263451576233 -0.010619102045893669 0.12999999523162842 154 116 129
0.08956830948591232 -0.010619102045893669 0.12999999523162842 155 117 130
0.10051190108060837 -0.011190899647772312 0.13699999451637268 176 138 138
0.10083404183387756 -0.011190899647772312 0.13699999451637268 176 138 138
0.10115618258714676 -0.011190899647772312 0.13699999451637268 169 142 145
0.10147832334041595 -0.011190899647772312 0.13699999451637268 164 137 140
0.10105739533901215 -0.011109214276075363 0.13600000739097595 164 141 151
0.10137718170881271 -0.011109214276075363 0.13600000739097595 167 144 154
0.10169697552919388 -0.011109214276075363 0.13600000739097595 178 141 150
0.10201676189899445 -0.011109214276075363 0.13600000739097595 163 126 135
0.06366105377674103 -0.011424096301198006 0.14399999380111694 255 234 228
0.06355521082878113 -0.01134476251900196 0.14300000667572021 255 245 239
0.0638914629817009 -0.01134476251900196 0.14300000667572021 255 255 247
0.06377856433391571 -0.011265428736805916 0.1420000046491623 255 255 247
0.06411246210336685 -0.011265428736805916 0.1420000046491623 254 255 249
0.064446359872818 -0.011265428736805916 0.1420000046491623 254 255 249
0.06432405859231949 -0.011186094023287296 0.14100000262260437 254 255 249
0.0646556094288826 -0.011186094023287296 0.14100000262260437 254 255 249
0.06498715281486511 -0.011186094023287296 0.14100000262260437 254 255 251
0.06531869620084763 -0.011186094023287296 0.14100000262260437 252 253 249
0.06565024703741074 -0.011186094023287296 0.14100000262260437 246 247 243
0.06551383435726166 -0.011106760241091251 0.14000000059604645 252 253 249
0.06584303081035614 -0.011106760241091251 0.14000000059604645 255 247 255
0.06617222726345062 -0.011106760241091251 0.14000000059604645 251 233 243
0.06782285124063492 -0.010948092676699162 0.1379999965429306 255 236 220
0.06814733892679214 -0.010948092676699162 0.1379999965429306 255 255 229
0.06847183406352997 -0.010948092676699162 0.1379999965429306 255 255 229
0.06879632920026779 -0.010948092676699162 0.1379999965429306 254 255 243
0.06912081688642502 -0.010948092676699162 0.1379999965429306 254 255 243
0.06944531202316284 -0.010948092676699162 0.1379999965429306 254 255 247
0.06976979970932007 -0.010948092676699162 0.1379999965429306 254 255 247
0.07009429484605789 -0.010948092676699162 0.1379999965429306 254 255 247
0.069908507168293 -0.010868758894503117 0.13699999451637268 254 255 247
0.0702306479215622 -0.010868758894503117 0.13699999451637268 254 255 247
0.07055278867483139 -0.010868758894503117 0.13699999451637268 254 255 247
0.07035759091377258 -0.010789424180984497 0.13600000739097595 255 250 248
0.07067738473415375 -0.010789424180984497 0.13600000739097595 255 248 246
0.07099717110395432 -0.010789424180984497 0.13600000739097595 255 230 235
0.07079257071018219 -0.010710090398788452 0.13500000536441803 252 220 225
0.1018945500254631 -0.010948092676699162 0.1379999965429306 170 133 140
0.10147832334041595 -0.010868758894503117 0.13699999451637268 171 134 141
0.10180046409368515 -0.010868758894503117 0.13699999451637268 171 138 149
0.10212260484695435 -0.010868758894503117 0.13699999451637268 155 122 133
0.06366105377674103 -0.011085495352745056 0.14399999380111694 255 233 227
0.06355521082878113 -0.011008513160049915 0.14300000667572021 255 244 238
0.0638914629817009 -0.011008513160049915 0.14300000667572021 255 255 247
0.06377856433391571 -0.010931530967354774 0.1420000046491623 255 255 247
0.06411246210336685 -0.010931530967354774 0.1420000046491623 254 255 249
0.064446359872818 -0.010931530967354774 0.1420000046491623 254 255 249
0.06432405859231949 -0.010854547843337059 0.14100000262260437 254 255 249
0.0646556094288826 -0.010854547843337059 0.14100000262260437 254 255 249
0.06498715281486511 -0.010854547843337059 0.14100000262260437 254 255 249
0.06531869620084763 -0.010854547843337059 0.14100000262260437 250 251 245
0.06565024703741074 -0.010854547843337059 0.14100000262260437 254 250 251
0.06551383435726166 -0.010777565650641918 0.14000000059604645 255 252 253
0.06584303081035614 -0.010777565650641918 0.14000000059604645 255 236 250
0.06617222726345062 -0.010777565650641918 0.14000000059604645 217 187 201
0.06814733892679214 -0.010623600333929062 0.1379999965429306 255 246 217
0.06896800547838211 -0.010700582526624203 0.13899999856948853 255 248 219
0.06879632920026779 -0.010623600333929062 0.1379999965429306 255 255 235
0.06912081688642502 -0.010623600333929062 0.1379999965429306 255 255 234
0.06944531202316284 -0.010623600333929062 0.1379999965429306 255 255 243
0.06976979970932007 -0.010623600333929062 0.1379999965429306 255 255 243
0.07009429484605789 -0.010623600333929062 0.1379999965429306 255 254 244
0.07041878998279572 -0.010623600333929062 0.1379999965429306 255 254 244
0.0702306479215622 -0.010546617209911346 0.13699999451637268 255 251 245
0.07055278867483139 -0.010546617209911346 0.13699999451637268 255 244 238
0.07035759091377258 -0.010469635017216206 0.13600000739097595 255 223 226
0.07067738473415375 -0.010469635017216206 0.13600000739097595 234 201 204
0.06366105377674103 -0.010746895335614681 0.14399999380111694 255 227 224
0.06355521082878113 -0.01067226380109787 0.14300000667572021 255 240 237
0.0638914629817009 -0.01067226380109787 0.14300000667572021 255 254 249
0.06422770768404007 -0.01067226380109787 0.14300000667572021 255 254 249
0.06411246210336685 -0.010597632266581059 0.1420000046491623 254 255 249
0.064446359872818 -0.010597632266581059 0.1420000046491623 254 255 249
0.06432405859231949 -0.010523001663386822 0.14100000262260437 254 255 251
0.0646556094288826 -0.010523001663386822 0.14100000262260437 254 255 251
0.06498715281486511 -0.010523001663386822 0.14100000262260437 254 255 251
0.06531869620084763 -0.010523001663386822 0.14100000262260437 240 241 237
0.06565024703741074 -0.010523001663386822 0.14100000262260437 255 246 252
0.06551383435726166 -0.01044837012887001 0.14000000059604645 239 228 234
0.06929484754800797 -0.010373738594353199 0.13899999856948853 255 239 226
0.06962169706821442 -0.010373738594353199 0.13899999856948853 255 234 221
0.06944531202316284 -0.010299107991158962 0.1379999965429306 255 237 232
0.06976979970932007 -0.010299107991158962 0.1379999965429306 255 240 235
0.07009429484605789 -0.010299107991158962 0.1379999965429306 255 234 231
0.07041878998279572 -0.010299107991158962 0.1379999965429306 252 224 221
0.06366105377674103 -0.010408294387161732 0.14399999380111694 255 219 222
0.06355521082878113 -0.010336014442145824 0.14300000667572021 255 237 240
0.0638914629817009 -0.010336014442145824 0.14300000667572021 255 252 249
0.06422770768404007 -0.010336014442145824 0.14300000667572021 255 252 249
0.06411246210336685 -0.010263734497129917 0.1420000046491623 254 255 249
0.064446359872818 -0.010263734497129917 0.1420000046491623 254 255 249
0.06432405859231949 -0.01019145455211401 0.14100000262260437 254 255 251
0.0646556094288826 -0.01019145455211401 0.14100000262260437 254 255 251
0.06498715281486511 -0.01019145455211401 0.14100000262260437 255 254 254
0.06531869620084763 -0.01019145455211401 0.14100000262260437 248 247 247
0.06565024703741074 -0.01019145455211401 0.14100000262260437 252 234 242
0.06551383435726166 -0.010119174607098103 0.14000000059604645 216 198 206
0.06399965286254883 -0.010069693438708782 0.14399999380111694 255 233 234
0.0638914629817009 -0.009999765083193779 0.14300000667572021 255 242 241
0.06422770768404007 -0.009999765083193779 0.14300000667572021 255 249 248
0.06411246210336685 -0.009929836727678776 0.1420000046491623 254 255 249
0.064446359872818 -0.009929836727678776 0.1420000046491623 254 255 249
0.06478025764226913 -0.009929836727678776 0.1420000046491623 254 255 251
0.06511415541172028 -0.009929836727678776 0.1420000046491623 254 255 251
0.06498715281486511 -0.009859908372163773 0.14100000262260437 255 250 248
0.06531869620084763 -0.009859908372163773 0.14100000262260437 239 234 232
0.06565024703741074 -0.009859908372163773 0.14100000262260437 220 185 199
0.06551383435726166 -0.00978998001664877 0.14000000059604645 197 162 176
0.0638914629817009 -0.009663515724241734 0.14300000667572021 255 241 243
0.06422770768404007 -0.009663515724241734 0.14300000667572021 255 245 247
0.06411246210336685 -0.009595938958227634 0.1420000046491623 255 253 249
0.064446359872818 -0.009595938958227634 0.1420000046491623 255 253 249
0.06478025764226913 -0.009595938958227634 0.1420000046491623 255 252 248
0.06511415541172028 -0.009595938958227634 0.1420000046491623 255 250 246
0.06498715281486511 -0.00952836126089096 0.14100000262260437 240 220 223
0.06531869620084763 -0.00952836126089096 0.14100000262260437 210 190 193
0.06433825194835663 -0.009392491541802883 0.14399999380111694 255 216 217
0.06422770768404007 -0.009327266365289688 0.14300000667572021 255 236 237
0.06456395983695984 -0.009327266365289688 0.14300000667572021 255 248 245
0.064446359872818 -0.009262040257453918 0.1420000046491623 255 248 245
0.06478025764226913 -0.009262040257453918 0.1420000046491623 255 248 245
0.06511415541172028 -0.009262040257453918 0.1420000046491623 255 237 234
0.06456395983695984 -0.008991017006337643 0.14300000667572021 255 225 225
0.06490021198987961 -0.008991017006337643 0.14300000667572021 255 227 227
0.06523645669221878 -0.008991017006337643 0.14300000667572021 255 218 219
