-0.00932679045945406 0.020777733996510506 0.12399999797344208 250 255 251
-0.0247801523655653 0.01815357804298401 0.12399999797344208 46 70 72
-0.024488579481840134 0.01815357804298401 0.12399999797344208 46 77 91
-0.024197006598114967 0.01815357804298401 0.12399999797344208 46 77 91
-0.0239054337143898 0.01815357804298401 0.12399999797344208 47 80 93
-0.023613860830664635 0.01815357804298401 0.12399999797344208 45 78 91
-0.02332228794693947 0.018445150926709175 0.12399999797344208 45 73 88
-0.01924026757478714 0.01815357804298401 0.12399999797344208 31 71 73
-0.02332228794693947 0.018445150926709175 0.12399999797344208 45 73 88
-0.023613860830664635 0.01815357804298401 0.12399999797344208 45 78 91
-0.0239054337143898 0.01815357804298401 0.12399999797344208 47 80 93
-0.024197006598114967 0.01815357804298401 0.12399999797344208 46 77 91
-0.024488579481840134 0.01815357804298401 0.12399999797344208 46 77 91
-0.016771331429481506 0.015982627868652344 0.12300000339746475 241 255 255
-0.017060553655028343 0.015982627868652344 0.12300000339746475 241 255 255
-0.01734977588057518 0.01627185009419918 0.12300000339746475 245 255 253
-0.01778240315616131 0.016695713624358177 0.12399999797344208 227 245 243
-0.018073976039886475 0.016987286508083344 0.12399999797344208 246 255 253
-0.01836554892361164 0.01727885939180851 0.12399999797344208 237 255 255
-0.01836554892361164 0.017570432275533676 0.12399999797344208 236 255 255
-0.01836554892361164 0.017862005159258842 0.12399999797344208 236 255 255
-0.018657121807336807 0.01815357804298401 0.12399999797344208 227 251 251
-0.01836554892361164 0.01815357804298401 0.12399999797344208 238 255 255
-0.018073976039886475 0.01815357804298401 0.12399999797344208 249 255 254
-0.01778240315616131 0.018445150926709175 0.12399999797344208 247 255 254
-0.017490830272436142 0.018445150926709175 0.12399999797344208 250 255 254
-0.017199257388710976 0.018445150926709175 0.12399999797344208 250 255 254
-0.01690768450498581 0.01873672381043434 0.12399999797344208 250 255 254
-0.016616111621260643 0.01873672381043434 0.12399999797344208 250 255 254
-0.016324538737535477 0.01873672381043434 0.12399999797344208 250 255 254
-0.015449820086359978 0.019319869577884674 0.12399999797344208 250 255 251
-0.015158247202634811 0.019319869577884674 0.12399999797344208 250 255 251
-0.014866674318909645 0.019319869577884674 0.12399999797344208 250 255 251
-0.014575101435184479 0.019319869577884674 0.12399999797344208 250 255 251
-0.014283528551459312 0.01961144246160984 0.12399999797344208 250 255 251
-0.013991955667734146 0.01961144246160984 0.12399999797344208 250 255 251
-0.01370038278400898 0.01961144246160984 0.12399999797344208 250 255 251
-0.013408809900283813 0.01961144246160984 0.12399999797344208 250 255 251
-0.013117237016558647 0.01961144246160984 0.12399999797344208 250 255 251
-0.01282566413283348 0.019903015345335007 0.12399999797344208 250 255 251
-0.012534091249108315 0.019903015345335007 0.12399999797344208 250 255 251
-0.012242518365383148 0.019903015345335007 0.12399999797344208 250 255 251
-0.011950945481657982 0.019903015345335007 0.12399999797344208 250 255 251
-0.01165937352925539 0.019903015345335007 0.12399999797344208 250 255 251
-0.011367800645530224 0.019903015345335007 0.12399999797344208 250 255 251
-0.011076227761805058 0.019903015345335007 0.12399999797344208 250 255 251
-0.010784654878079891 0.019903015345335007 0.12399999797344208 250 255 251
-0.010493081994354725 0.019903015345335007 0.12399999797344208 250 255 251
-0.010201509110629559 0.019903015345335007 0.12399999797344208 250 255 251
-0.009909936226904392 0.019903015345335007 0.12399999797344208 250 255 251
-0.009695930406451225 0.020063523203134537 0.125 250 255 251
-0.009402005933225155 0.020357448607683182 0.125 250 255 251
-0.009108082391321659 0.020357448607683182 0.125 250 255 251
-0.008814157918095589 0.020357448607683182 0.125 250 255 251
-0.008520233444869518 0.020357448607683182 0.125 250 255 251
-0.008226308971643448 0.020357448607683182 0.125 250 255 251
-0.007932384498417377 0.020357448607683182 0.125 250 255 251
-0.007638460490852594 0.020357448607683182 0.125 250 255 251
-0.007403292693197727 0.02052030712366104 0.12600000202655792 250 255 251
-0.00710701709613204 0.02052030712366104 0.12600000202655792 250 255 251
-0.006810741499066353 0.02052030712366104 0.12600000202655792 250 255 251
-0.006514465902000666 0.02052030712366104 0.12600000202655792 250 255 251
-0.006267540622502565 0.020981794223189354 0.12700000405311584 250 255 251
-0.0062181903049349785 0.02111285924911499 0.12600000202655792 250 255 251
-0.006267540622502565 0.020981794223189354 0.12700000405311584 250 255 251
-0.006267540622502565 0.02068316750228405 0.12700000405311584 250 255 251
-0.006514465902000666 0.02052030712366104 0.12600000202655792 250 255 251
-0.006810741499066353 0.02052030712366104 0.12600000202655792 250 255 251
-0.00710701709613204 0.02052030712366104 0.12600000202655792 250 255 251
-0.007403292693197727 0.02052030712366104 0.12600000202655792 250 255 251
-0.007638460490852594 0.020357448607683182 0.125 250 255 251
-0.007932384498417377 0.020357448607683182 0.125 250 255 251
-0.008226308971643448 0.020357448607683182 0.125 250 255 251
-0.008520233444869518 0.020357448607683182 0.125 250 255 251
-0.008814157918095589 0.020357448607683182 0.125 250 255 251
-0.009108082391321659 0.020357448607683182 0.125 250 255 251
-0.009402005933225155 0.020357448607683182 0.125 250 255 251
-0.009695930406451225 0.020063523203134537 0.125 250 255 251
-0.009909936226904392 0.019903015345335007 0.12399999797344208 250 255 251
-0.010201509110629559 0.019903015345335007 0.12399999797344208 250 255 251
-0.010493081994354725 0.019903015345335007 0.12399999797344208 250 255 251
-0.010784654878079891 0.019903015345335007 0.12399999797344208 250 255 251
-0.011076227761805058 0.019903015345335007 0.12399999797344208 250 255 251
-0.011367800645530224 0.019903015345335007 0.12399999797344208 250 255 251
-0.01165937352925539 0.019903015345335007 0.12399999797344208 250 255 251
-0.011950945481657982 0.019903015345335007 0.12399999797344208 250 255 251
-0.012242518365383148 0.019903015345335007 0.12399999797344208 250 255 251
-0.012534091249108315 0.019903015345335007 0.12399999797344208 250 255 251
-0.01282566413283348 0.019903015345335007 0.12399999797344208 250 255 251
-0.013117237016558647 0.01961144246160984 0.12399999797344208 250 255 251
-0.013408809900283813 0.01961144246160984 0.12399999797344208 250 255 251
-0.01370038278400898 0.01961144246160984 0.12399999797344208 250 255 251
-0.013991955667734146 0.01961144246160984 0.12399999797344208 250 255 251
-0.014283528551459312 0.01961144246160984 0.12399999797344208 250 255 251
-0.014575101435184479 0.019319869577884674 0.12399999797344208 250 255 251
-0.014866674318909645 0.019319869577884674 0.12399999797344208 250 255 251
-0.015158247202634811 0.019319869577884674 0.12399999797344208 250 255 251
-0.015449820086359978 0.019319869577884674 0.12399999797344208 250 255 251
-0.01603296585381031 0.01873672381043434 0.12399999797344208 250 255 254
-0.016324538737535477 0.01873672381043434 0.12399999797344208 250 255 254
-0.016616111621260643 0.01873672381043434 0.12399999797344208 250 255 254
-0.01690768450498581 0.01873672381043434 0.12399999797344208 250 255 254
-0.017199257388710976 0.018445150926709175 0.12399999797344208 250 255 254
-0.017490830272436142 0.018445150926709175 0.12399999797344208 250 255 254
-0.01778240315616131 0.018445150926709175 0.12399999797344208 247 255 254
-0.018073976039886475 0.01815357804298401 0.12399999797344208 249 255 254
-0.01836554892361164 0.017862005159258842 0.12399999797344208 236 255 255
-0.01836554892361164 0.017570432275533676 0.12399999797344208 236 255 255
-0.018073976039886475 0.01727885939180851 0.12399999797344208 247 255 255
-0.01778240315616131 0.016987286508083344 0.12399999797344208 247 255 254
-0.017490830272436142 0.016695713624358177 0.12399999797344208 248 255 253
-0.017060553655028343 0.01627185009419918 0.12300000339746475 244 255 252
-0.016771331429481506 0.015982627868652344 0.12300000339746475 241 255 255
-0.016324538737535477 0.015820994973182678 0.12399999797344208 243 255 255
-0.01603296585381031 0.015820994973182678 0.12399999797344208 244 255 255
-0.015741392970085144 0.015820994973182678 0.12399999797344208 248 254 254
-0.015449820086359978 0.015820994973182678 0.12399999797344208 249 255 255
-0.015158247202634811 0.015820994973182678 0.12399999797344208 250 255 254
-0.014866674318909645 0.015820994973182678 0.12399999797344208 250 255 254
-0.014575101435184479 0.015820994973182678 0.12399999797344208 247 255 254
-0.014398718252778053 0.01594858430325985 0.125 247 255 254
-0.014104794710874557 0.01594858430325985 0.125 247 255 254
-0.013810870237648487 0.01594858430325985 0.125 246 255 253
-0.013516945764422417 0.01594858430325985 0.125 239 255 255
-0.013223021291196346 0.01594858430325985 0.125 235 253 251
-0.01292909774929285 0.016242507845163345 0.125 246 255 255
-0.01263517327606678 0.016242507845163345 0.125 246 255 255
-0.01234124880284071 0.016242507845163345 0.125 244 255 255
-0.01204732432961464 0.016242507845163345 0.125 244 255 255
-0.011753399856388569 0.01653643324971199 0.125 248 255 253
-0.011459476314485073 0.016830356791615486 0.125 250 255 254
-0.011165551841259003 0.016830356791615486 0.125 246 255 254
-0.010871627368032932 0.017124280333518982 0.125 249 255 254
-0.010577702894806862 0.017418205738067627 0.125 246 255 254
-0.010577702894806862 0.017712129279971123 0.125 249 255 251
-0.010283779352903366 0.018006054684519768 0.125 249 255 250
-0.009989854879677296 0.017712129279971123 0.125 181 196 182
-0.009695930406451225 0.018006054684519768 0.125 235 243 232
-0.009402005933225155 0.017712129279971123 0.125 220 234 223
-0.009108082391321659 0.018006054684519768 0.125 250 255 251
-0.008814157918095589 0.017712129279971123 0.125 246 255 254
-0.008588395081460476 0.017557550221681595 0.12600000202655792 242 255 255
-0.008292119950056076 0.017557550221681595 0.12600000202655792 242 255 255
-0.007995843887329102 0.01726127602159977 0.12600000202655792 230 254 254
-0.007699568290263414 0.01726127602159977 0.12600000202655792 231 255 255
-0.007403292693197727 0.01726127602159977 0.12600000202655792 231 255 255
-0.007163422182202339 0.017398269847035408 0.12700000405311584 231 253 255
-0.006864794995635748 0.017696896567940712 0.12700000405311584 244 255 255
-0.006566167809069157 0.017696896567940712 0.12700000405311584 246 255 255
-0.006267540622502565 0.017696896567940712 0.12700000405311584 246 255 255
-0.005968913901597261 0.017995523288846016 0.12700000405311584 248 255 253
-0.0057149347849190235 0.018137220293283463 0.12800000607967377 249 255 254
-0.005413956008851528 0.018438199535012245 0.12800000607967377 249 255 255
-0.00511297769844532 0.018438199535012245 0.12800000607967377 249 255 255
-0.004811999388039112 0.01873917691409588 0.12800000607967377 246 255 255
-0.004511021077632904 0.01904015615582466 0.12800000607967377 249 255 251
-0.004210042301565409 0.019341135397553444 0.12800000607967377 246 255 255
-0.004210042301565409 0.019642112776637077 0.12800000607967377 248 255 253
-0.003909063991159201 0.019642112776637077 0.12800000607967377 249 255 254
-0.0036362737882882357 0.01979556679725647 0.1289999932050705 218 232 223
-0.0033329438883811235 0.01979556679725647 0.1289999932050705 228 242 233
-0.0033329438883811235 0.01979556679725647 0.1289999932050705 228 242 233
-0.0036362737882882357 0.01979556679725647 0.1289999932050705 218 232 223
-0.003909063991159201 0.019642112776637077 0.12800000607967377 249 255 254
-0.004210042301565409 0.019341135397553444 0.12800000607967377 246 255 255
-0.004210042301565409 0.01904015615582466 0.12800000607967377 237 255 255
-0.004511021077632904 0.01873917691409588 0.12800000607967377 246 255 255
-0.004811999388039112 0.018438199535012245 0.12800000607967377 233 248 247
-0.00511297769844532 0.018438199535012245 0.12800000607967377 249 255 255
-0.005413956008851528 0.018137220293283463 0.12800000607967377 244 255 253
-0.0057149347849190235 0.018137220293283463 0.12800000607967377 249 255 254
-0.005968913901597261 0.017995523288846016 0.12700000405311584 248 255 253
-0.006267540622502565 0.017696896567940712 0.12700000405311584 246 255 255
-0.006566167809069157 0.017696896567940712 0.12700000405311584 246 255 255
-0.006864794995635748 0.017696896567940712 0.12700000405311584 244 255 255
-0.007163422182202339 0.017398269847035408 0.12700000405311584 231 253 255
-0.007403292693197727 0.01726127602159977 0.12600000202655792 231 255 255
-0.007699568290263414 0.01726127602159977 0.12600000202655792 231 255 255
-0.007995843887329102 0.01726127602159977 0.12600000202655792 230 254 254
-0.008292119950056076 0.017557550221681595 0.12600000202655792 242 255 255
-0.008588395081460476 0.017557550221681595 0.12600000202655792 242 255 255
-0.008814157918095589 0.017418205738067627 0.125 239 255 253
-0.009108082391321659 0.017712129279971123 0.125 246 255 249
-0.009402005933225155 0.017712129279971123 0.125 220 234 223
-0.009695930406451225 0.018006054684519768 0.125 235 243 232
-0.009989854879677296 0.017712129279971123 0.125 181 196 182
-0.010283779352903366 0.017712129279971123 0.125 249 255 251
-0.010577702894806862 0.017418205738067627 0.125 246 255 254
-0.010577702894806862 0.017124280333518982 0.125 240 255 254
-0.010871627368032932 0.016830356791615486 0.125 241 254 249
-0.011165551841259003 0.016830356791615486 0.125 246 255 254
-0.011753399856388569 0.01653643324971199 0.125 248 255 253
-0.01204732432961464 0.016242507845163345 0.125 244 255 255
-0.01234124880284071 0.016242507845163345 0.125 244 255 255
-0.01263517327606678 0.016242507845163345 0.125 246 255 255
-0.01292909774929285 0.016242507845163345 0.125 246 255 255
-0.013223021291196346 0.01594858430325985 0.125 235 253 251
-0.013516945764422417 0.01594858430325985 0.125 239 255 255
-0.013810870237648487 0.01594858430325985 0.125 246 255 253
-0.014104794710874557 0.01594858430325985 0.125 247 255 254
-0.014398718252778053 0.01594858430325985 0.125 247 255 254
-0.014575101435184479 0.015820994973182678 0.12399999797344208 247 255 254
-0.014866674318909645 0.015820994973182678 0.12399999797344208 250 255 254
-0.015158247202634811 0.015820994973182678 0.12399999797344208 250 255 254
-0.015449820086359978 0.015820994973182678 0.12399999797344208 249 255 255
-0.015741392970085144 0.015820994973182678 0.12399999797344208 248 254 254
-0.01603296585381031 0.015820994973182678 0.12399999797344208 244 255 255
-0.016324538737535477 0.015820994973182678 0.12399999797344208 243 255 255
-0.0314016193151474 0.016964999958872795 0.12600000202655792 249 255 253
-0.031697895377874374 0.01726127602159977 0.12600000202655792 249 255 248
-0.03199417144060135 0.01726127602159977 0.12600000202655792 246 253 245
-0.03229044750332832 0.01726127602159977 0.12600000202655792 248 255 249
-0.03229044750332832 0.01726127602159977 0.12600000202655792 248 255 249
-0.03199417144060135 0.01726127602159977 0.12600000202655792 246 253 245
-0.031697895377874374 0.01726127602159977 0.12600000202655792 249 255 248
-0.0314016193151474 0.01726127602159977 0.12600000202655792 251 255 250
-0.031105345115065575 0.016964999958872795 0.12600000202655792 250 255 254
-0.025946443900465965 0.016987286508083344 0.12399999797344208 249 255 254
-0.025946443900465965 0.01727885939180851 0.12399999797344208 249 255 250
-0.0256548710167408 0.017570432275533676 0.12399999797344208 247 255 251
-0.0256548710167408 0.017862005159258842 0.12399999797344208 247 255 249
-0.025946443900465965 0.01815357804298401 0.12399999797344208 250 255 249
-0.02623801678419113 0.01815357804298401 0.12399999797344208 250 255 249
-0.026529589667916298 0.01815357804298401 0.12399999797344208 250 255 251
-0.026821162551641464 0.01815357804298401 0.12399999797344208 250 255 251
-0.02711273543536663 0.01815357804298401 0.12399999797344208 250 255 251
-0.027404308319091797 0.01815357804298401 0.12399999797344208 250 255 251
-0.027919234707951546 0.018299978226423264 0.125 250 255 251
-0.02821315824985504 0.018299978226423264 0.125 250 255 251
-0.028507083654403687 0.018299978226423264 0.125 250 255 251
-0.029031414538621902 0.01844637840986252 0.12600000202655792 250 255 251
-0.029327690601348877 0.01844637840986252 0.12600000202655792 250 255 251
-0.02962396666407585 0.01844637840986252 0.12600000202655792 250 255 251
-0.031053585931658745 0.018592778593301773 0.12700000405311584 250 255 251
-0.0313522107899189 0.018592778593301773 0.12700000405311584 250 255 251
-0.0316508412361145 0.018592778593301773 0.12700000405311584 250 255 251
-0.031949467957019806 0.018592778593301773 0.12700000405311584 250 255 251
-0.03224809467792511 0.018592778593301773 0.12700000405311584 250 255 251
-0.032546721398830414 0.018592778593301773 0.12700000405311584 250 255 251
-0.0325867235660553 0.01844637840986252 0.12600000202655792 250 255 251
-0.03288299962878227 0.01844637840986252 0.12600000202655792 250 255 251
-0.03288299962878227 0.01844637840986252 0.12600000202655792 250 255 251
-0.0325867235660553 0.01844637840986252 0.12600000202655792 250 255 251
-0.032546721398830414 0.018592778593301773 0.12700000405311584 250 255 251
-0.03224809467792511 0.018592778593301773 0.12700000405311584 250 255 251
-0.031949467957019806 0.018592778593301773 0.12700000405311584 250 255 251
-0.0316508412361145 0.018592778593301773 0.12700000405311584 250 255 251
-0.0313522107899189 0.018592778593301773 0.12700000405311584 250 255 251
-0.031053585931658745 0.018592778593301773 0.12700000405311584 250 255 251
-0.02962396666407585 0.01844637840986252 0.12600000202655792 250 255 251
-0.029327690601348877 0.01844637840986252 0.12600000202655792 250 255 251
-0.029031414538621902 0.01844637840986252 0.12600000202655792 250 255 251
-0.028507083654403687 0.018299978226423264 0.125 250 255 251
-0.02821315824985504 0.018299978226423264 0.125 250 255 251
-0.027919234707951546 0.018299978226423264 0.125 250 255 251
-0.027404308319091797 0.01815357804298401 0.12399999797344208 250 255 251
-0.02711273543536663 0.01815357804298401 0.12399999797344208 250 255 251
-0.026821162551641464 0.01815357804298401 0.12399999797344208 250 255 251
-0.026529589667916298 0.01815357804298401 0.12399999797344208 250 255 251
-0.02623801678419113 0.01815357804298401 0.12399999797344208 250 255 249
-0.025946443900465965 0.01815357804298401 0.12399999797344208 250 255 249
-0.0256548710167408 0.01815357804298401 0.12399999797344208 247 255 249
-0.025363298133015633 0.01815357804298401 0.12399999797344208 229 241 231
-0.0256548710167408 0.017862005159258842 0.12399999797344208 247 255 249
-0.0256548710167408 0.017570432275533676 0.12399999797344208 247 255 251
-0.025946443900465965 0.01727885939180851 0.12399999797344208 249 255 250
-0.025946443900465965 0.016987286508083344 0.12399999797344208 249 255 254
-0.02011321485042572 0.02198205702006817 0.1860000044107437 54 83 95
-0.019675856456160545 0.02198205702006817 0.1860000044107437 52 81 93
-0.01923849619925022 0.02198205702006817 0.1860000044107437 49 76 87
-0.018801137804985046 0.02198205702006817 0.1860000044107437 47 74 85
-0.018363777548074722 0.02198205702006817 0.1860000044107437 53 77 89
-0.017926419153809547 0.02198205702006817 0.1860000044107437 54 78 90
-0.017489058896899223 0.02198205702006817 0.1860000044107437 56 78 90
-0.0169600248336792 0.021863872185349464 0.1850000023841858 56 78 90
-0.016525017097592354 0.021863872185349464 0.1850000023841858 54 83 93
-0.01609000936150551 0.021863872185349464 0.1850000023841858 32 61 71
-0.015655001625418663 0.021863872185349464 0.1850000023841858 41 75 85
-0.015219992958009243 0.021863872185349464 0.1850000023841858 43 77 87
-0.014784985221922398 0.021863872185349464 0.1850000023841858 37 66 76
-0.014349977485835552 0.021863872185349464 0.1850000023841858 44 73 83
-0.013914968818426132 0.021863872185349464 0.1850000023841858 51 75 85
-0.013479961082339287 0.021863872185349464 0.1850000023841858 51 75 85
-0.013044953346252441 0.02229888178408146 0.1850000023841858 51 74 81
-0.012609945610165596 0.02229888178408146 0.1850000023841858 46 69 76
-0.012109126895666122 0.022178346291184425 0.18400000035762787 39 66 77
-0.011676470749080181 0.022178346291184425 0.18400000035762787 41 68 79
-0.011243813671171665 0.022178346291184425 0.18400000035762787 38 66 81
-0.010811157524585724 0.022178346291184425 0.18400000035762787 38 66 81
-0.010378501377999783 0.02261100336909294 0.18400000035762787 43 66 83
-0.009945844300091267 0.02261100336909294 0.18400000035762787 40 63 80
-0.009513188153505325 0.02261100336909294 0.18400000035762787 43 64 81
-0.009080532006919384 0.02261100336909294 0.18400000035762787 52 73 90
-0.008647874929010868 0.02261100336909294 0.18400000035762787 51 73 87
-0.008215218782424927 0.02261100336909294 0.18400000035762787 52 74 88
-0.007782562170177698 0.02261100336909294 0.18400000035762787 44 66 78
-0.0073499055579304695 0.02261100336909294 0.18400000035762787 52 74 86
-0.006954842712730169 0.02316889725625515 0.1850000023841858 56 76 89
-0.006519834976643324 0.02316889725625515 0.1850000023841858 60 80 93
-0.006084826774895191 0.02316889725625515 0.1850000023841858 53 75 87
-0.005680358503013849 0.023294134065508842 0.1860000044107437 37 59 71
-0.0052429991774261 0.023294134065508842 0.1860000044107437 40 69 81
-0.00483147706836462 0.023419370874762535 0.18700000643730164 41 70 82
-0.004391766153275967 0.023419370874762535 0.18700000643730164 47 76 88
-0.0039520557038486 0.02385908178985119 0.18700000643730164 49 76 87
-0.003512344788759947 0.024298792704939842 0.18700000643730164 49 76 85
-0.003072634106501937 0.024298792704939842 0.18700000643730164 48 75 84
-0.002632923424243927 0.024298792704939842 0.18700000643730164 51 75 85
-0.002193212741985917 0.024298792704939842 0.18700000643730164 46 70 80
-0.0017535020597279072 0.024738503620028496 0.18700000643730164 41 70 80
-0.0013137913774698973 0.024738503620028496 0.18700000643730164 38 67 77
-0.0008694064454175532 0.024606211110949516 0.1860000044107437 34 66 77
-0.0004320471198298037 0.02504357136785984 0.1860000044107437 31 64 77
5.312164375936845e-06 0.02504357136785984 0.1860000044107437 33 68 83
0.00044267147313803434 0.02504357136785984 0.1860000044107437 35 70 85
0.0008800307405181229 0.02504357136785984 0.1860000044107437 30 70 81
0.0013173900078982115 0.025480929762125015 0.1860000044107437 29 72 84
0.001754749333485961 0.025480929762125015 0.1860000044107437 36 79 91
0.0021921086590737104 0.025480929762125015 0.1860000044107437 37 80 92
0.001754749333485961 0.025480929762125015 0.1860000044107437 36 79 91
0.0013173900078982115 0.025480929762125015 0.1860000044107437 29 72 84
0.0008800307405181229 0.02504357136785984 0.1860000044107437 30 70 81
0.00044267147313803434 0.02504357136785984 0.1860000044107437 35 70 85
5.312164375936845e-06 0.02504357136785984 0.1860000044107437 33 68 83
-0.0004320471198298037 0.02504357136785984 0.1860000044107437 31 64 77
-0.0008694064454175532 0.024606211110949516 0.1860000044107437 34 66 77
-0.0013137913774698973 0.024738503620028496 0.18700000643730164 38 67 77
-0.0017535020597279072 0.024738503620028496 0.18700000643730164 41 70 80
-0.002193212741985917 0.024298792704939842 0.18700000643730164 46 70 80
-0.002632923424243927 0.024298792704939842 0.18700000643730164 51 75 85
-0.003072634106501937 0.024298792704939842 0.18700000643730164 48 75 84
-0.003512344788759947 0.02385908178985119 0.18700000643730164 40 64 76
-0.0039520557038486 0.02385908178985119 0.18700000643730164 49 76 87
-0.004391766153275967 0.023419370874762535 0.18700000643730164 47 76 88
-0.00483147706836462 0.023419370874762535 0.18700000643730164 41 70 82
-0.0052429991774261 0.023294134065508842 0.1860000044107437 40 69 81
-0.005680358503013849 0.023294134065508842 0.1860000044107437 37 59 71
-0.006084826774895191 0.02316889725625515 0.1850000023841858 53 75 87
-0.006519834976643324 0.02316889725625515 0.1850000023841858 60 80 93
-0.006954842712730169 0.02316889725625515 0.1850000023841858 56 76 89
-0.0073499055579304695 0.02261100336909294 0.18400000035762787 52 74 86
-0.007782562170177698 0.02261100336909294 0.18400000035762787 44 66 78
-0.008215218782424927 0.02261100336909294 0.18400000035762787 52 74 88
-0.008647874929010868 0.02261100336909294 0.18400000035762787 51 73 87
-0.009080532006919384 0.02261100336909294 0.18400000035762787 52 73 90
-0.009513188153505325 0.02261100336909294 0.18400000035762787 43 64 81
-0.009945844300091267 0.02261100336909294 0.18400000035762787 40 63 80
-0.010378501377999783 0.02261100336909294 0.18400000035762787 43 66 83
-0.010811157524585724 0.022178346291184425 0.18400000035762787 38 66 81
-0.011243813671171665 0.022178346291184425 0.18400000035762787 38 66 81
-0.011676470749080181 0.022178346291184425 0.18400000035762787 41 68 79
-0.012109126895666122 0.022178346291184425 0.18400000035762787 39 66 77
-0.012609945610165596 0.02229888178408146 0.1850000023841858 46 69 76
-0.013044953346252441 0.021863872185349464 0.1850000023841858 50 73 80
-0.013479961082339287 0.021863872185349464 0.1850000023841858 51 75 85
-0.013914968818426132 0.021863872185349464 0.1850000023841858 51 75 85
-0.014349977485835552 0.021863872185349464 0.1850000023841858 44 73 83
-0.014784985221922398 0.021863872185349464 0.1850000023841858 37 66 76
-0.015219992958009243 0.021863872185349464 0.1850000023841858 43 77 87
-0.015655001625418663 0.021863872185349464 0.1850000023841858 41 75 85
-0.01609000936150551 0.021863872185349464 0.1850000023841858 32 61 71
-0.016525017097592354 0.021863872185349464 0.1850000023841858 54 83 93
-0.0169600248336792 0.021863872185349464 0.1850000023841858 56 78 90
-0.017489058896899223 0.02198205702006817 0.1860000044107437 56 78 90
-0.017926419153809547 0.02198205702006817 0.1860000044107437 54 78 90
-0.018363777548074722 0.02198205702006817 0.1860000044107437 53 77 89
-0.018801137804985046 0.02198205702006817 0.1860000044107437 47 74 85
-0.01923849619925022 0.02198205702006817 0.1860000044107437 49 76 87
-0.019675856456160545 0.02198205702006817 0.1860000044107437 52 81 93
-0.05319512262940407 0.021391140297055244 0.1809999942779541 49 86 103
-0.05332447588443756 0.02169620804488659 0.18000000715255737 49 80 96
-0.05374772846698761 0.02169620804488659 0.18000000715255737 87 114 123
-0.05417097732424736 0.02169620804488659 0.18000000715255737 94 121 130
-0.05374772846698761 0.02169620804488659 0.18000000715255737 87 114 123
-0.05332447588443756 0.02169620804488659 0.18000000715255737 49 80 96
-0.05319512262940407 0.021391140297055244 0.1809999942779541 49 86 103
-0.05276951938867569 0.021391140297055244 0.1809999942779541 45 85 98
-0.05234391614794731 0.021391140297055244 0.1809999942779541 46 86 99
-0.05191831290721893 0.021391140297055244 0.1809999942779541 51 84 99
-0.05149271339178085 0.021391140297055244 0.1809999942779541 49 82 97
-0.051067110151052475 0.021391140297055244 0.1809999942779541 44 77 92
-0.0506415069103241 0.021391140297055244 0.1809999942779541 44 77 92
-0.05021590366959572 0.021391140297055244 0.1809999942779541 48 81 94
-0.0506415069103241 0.021391140297055244 0.1809999942779541 44 77 92
-0.051067110151052475 0.021391140297055244 0.1809999942779541 44 77 92
-0.05149271339178085 0.021391140297055244 0.1809999942779541 49 82 97
-0.05191831290721893 0.021391140297055244 0.1809999942779541 51 84 99
-0.05234391614794731 0.021391140297055244 0.1809999942779541 46 86 99
-0.05276951938867569 0.021391140297055244 0.1809999942779541 45 85 98
-0.05544073134660721 0.02042645588517189 0.18000000715255737 52 84 95
-0.05544073134660721 0.02084970660507679 0.18000000715255737 50 79 91
-0.05501747876405716 0.02127295732498169 0.18000000715255737 46 75 85
-0.05501747876405716 0.02169620804488659 0.18000000715255737 69 94 101
-0.05501747876405716 0.02211945876479149 0.18000000715255737 64 89 94
-0.05501747876405716 0.022542709484696388 0.18000000715255737 66 91 86
-0.05459422990679741 0.022965962067246437 0.18000000715255737 131 159 144
-0.05417097732424736 0.023389212787151337 0.18000000715255737 156 183 176
-0.053449127823114395 0.023259272798895836 0.17900000512599945 78 105 98
-0.053028229624032974 0.023680170997977257 0.17900000512599945 51 85 95
-0.05260733142495155 0.024101071059703827 0.17900000512599945 53 89 97
-0.05260733142495155 0.023680170997977257 0.17900000512599945 57 91 101
-0.053028229624032974 0.023259272798895836 0.17900000512599945 48 77 85
-0.053449127823114395 0.023259272798895836 0.17900000512599945 78 105 98
-0.05417097732424736 0.022965962067246437 0.18000000715255737 150 176 174
-0.05374772846698761 0.022542709484696388 0.18000000715255737 103 129 131
-0.05417097732424736 0.022965962067246437 0.18000000715255737 150 176 174
-0.05459422990679741 0.022542709484696388 0.18000000715255737 101 126 121
-0.05501747876405716 0.02211945876479149 0.18000000715255737 64 89 94
-0.05501747876405716 0.02169620804488659 0.18000000715255737 69 94 101
-0.05501747876405716 0.02127295732498169 0.18000000715255737 46 75 85
-0.05544073134660721 0.02084970660507679 0.18000000715255737 50 79 91
