-0.026578711345791817 0.018532970920205116 0.13300000131130219 252 255 251
-0.026689255610108376 0.01870400831103325 0.13199999928474426 252 255 251
-0.026999639347195625 0.019014393910765648 0.13199999928474426 250 255 254
-0.026999639347195625 0.019324777647852898 0.13199999928474426 250 255 254
-0.026689255610108376 0.019014393910765648 0.13199999928474426 252 255 251
-0.026378871873021126 0.01870400831103325 0.13199999928474426 252 255 251
-0.026265975087881088 0.018532970920205116 0.13300000131130219 252 255 251
-0.02595324069261551 0.018532970920205116 0.13300000131130219 252 255 251
-0.02564050443470478 0.018532970920205116 0.13300000131130219 252 255 251
-0.0253277700394392 0.018532970920205116 0.13300000131130219 252 255 251
-0.025015033781528473 0.018532970920205116 0.13300000131130219 252 255 251
-0.024702299386262894 0.018532970920205116 0.13300000131130219 252 255 251
-0.024389563128352165 0.018532970920205116 0.13300000131130219 249 255 250
-0.024076828733086586 0.018532970920205116 0.13300000131130219 249 255 250
-0.023764092475175858 0.018532970920205116 0.13300000131130219 249 255 254
-0.02345135807991028 0.018845705315470695 0.13300000131130219 252 255 251
-0.02313862182199955 0.018845705315470695 0.13300000131130219 250 255 251
-0.02282588556408882 0.018845705315470695 0.13300000131130219 250 255 251
-0.022513151168823242 0.018845705315470695 0.13300000131130219 250 255 251
-0.02203349582850933 0.019014393910765648 0.13199999928474426 252 255 251
-0.021723110228776932 0.019014393910765648 0.13199999928474426 250 255 251
-0.021412726491689682 0.019324777647852898 0.13199999928474426 250 255 251
-0.021102342754602432 0.019635161384940147 0.13199999928474426 250 255 251
-0.020791959017515182 0.019635161384940147 0.13199999928474426 250 255 251
-0.020481575280427933 0.019945545122027397 0.13199999928474426 250 255 251
-0.020481575280427933 0.020255928859114647 0.13199999928474426 252 255 251
-0.020171191543340683 0.020566312596201897 0.13199999928474426 252 255 251
-0.019860807806253433 0.020566312596201897 0.13199999928474426 250 255 251
-0.019550422206521034 0.020566312596201897 0.13199999928474426 250 255 251
-0.019240038469433784 0.020876696333289146 0.13199999928474426 251 254 253
-0.018929654732346535 0.020876696333289146 0.13199999928474426 252 255 254
-0.018760325387120247 0.021034853532910347 0.13300000131130219 252 255 254
-0.018447590991854668 0.020722119137644768 0.13300000131130219 250 255 254
-0.01813485473394394 0.021034853532910347 0.13300000131130219 252 255 254
-0.01782212033867836 0.020722119137644768 0.13300000131130219 250 255 254
-0.017641033977270126 0.02056283690035343 0.1340000033378601 249 255 251
-0.01732594706118107 0.02056283690035343 0.1340000033378601 249 255 251
-0.01701086014509201 0.02056283690035343 0.1340000033378601 247 255 251
-0.016695773229002953 0.02056283690035343 0.1340000033378601 247 255 251
-0.016380686312913895 0.02087792381644249 0.1340000033378601 250 255 251
-0.016065599396824837 0.02087792381644249 0.1340000033378601 250 255 251
-0.015868054702878 0.021351167932152748 0.13500000536441803 252 255 251
-0.015550616197288036 0.021351167932152748 0.13500000536441803 252 255 251
-0.015233177691698074 0.021668605506420135 0.13500000536441803 250 255 251
-0.014915740117430687 0.021986043080687523 0.13500000536441803 250 255 251
-0.014598301611840725 0.02230348251760006 0.13500000536441803 250 255 251
-0.014280863106250763 0.022620920091867447 0.13500000536441803 250 255 251
-0.013963425531983376 0.022938357666134834 0.13500000536441803 250 255 251
-0.013645987026393414 0.022938357666134834 0.13500000536441803 248 255 249
-0.013328548520803452 0.022938357666134834 0.13500000536441803 245 255 248
-0.013107488863170147 0.02310827188193798 0.13600000739097595 245 255 248
-0.012787699699401855 0.023428061977028847 0.13600000739097595 249 255 248
-0.01246790960431099 0.023428061977028847 0.13600000739097595 249 255 248
-0.01246790960431099 0.023428061977028847 0.13600000739097595 249 255 248
-0.012787699699401855 0.023428061977028847 0.13600000739097595 249 255 248
-0.013107488863170147 0.02310827188193798 0.13600000739097595 245 255 248
-0.013328548520803452 0.022938357666134834 0.13500000536441803 245 255 248
-0.013645987026393414 0.022938357666134834 0.13500000536441803 248 255 249
-0.013963425531983376 0.022620920091867447 0.13500000536441803 247 255 251
-0.014280863106250763 0.02230348251760006 0.13500000536441803 250 255 251
-0.014598301611840725 0.021986043080687523 0.13500000536441803 249 255 251
-0.014915740117430687 0.021668605506420135 0.13500000536441803 250 255 251
-0.015233177691698074 0.021351167932152748 0.13500000536441803 249 255 251
-0.015550616197288036 0.021351167932152748 0.13500000536441803 252 255 251
-0.015868054702878 0.02103372849524021 0.13500000536441803 250 255 251
-0.016065599396824837 0.02087792381644249 0.1340000033378601 250 255 251
-0.016380686312913895 0.02087792381644249 0.1340000033378601 250 255 251
-0.016695773229002953 0.02056283690035343 0.1340000033378601 247 255 251
-0.01701086014509201 0.02056283690035343 0.1340000033378601 247 255 251
-0.01732594706118107 0.02056283690035343 0.1340000033378601 249 255 251
-0.017641033977270126 0.02056283690035343 0.1340000033378601 249 255 251
-0.01782212033867836 0.020722119137644768 0.13300000131130219 250 255 254
-0.01813485473394394 0.020722119137644768 0.13300000131130219 250 255 254
-0.018447590991854668 0.020722119137644768 0.13300000131130219 250 255 254
-0.018760325387120247 0.021034853532910347 0.13300000131130219 252 255 254
-0.018929654732346535 0.020876696333289146 0.13199999928474426 252 255 254
-0.019240038469433784 0.020876696333289146 0.13199999928474426 251 254 253
-0.019550422206521034 0.020566312596201897 0.13199999928474426 250 255 251
-0.019860807806253433 0.020566312596201897 0.13199999928474426 250 255 251
-0.020171191543340683 0.020255928859114647 0.13199999928474426 252 255 251
-0.020481575280427933 0.019945545122027397 0.13199999928474426 250 255 251
-0.020791959017515182 0.019635161384940147 0.13199999928474426 250 255 251
-0.021102342754602432 0.019324777647852898 0.13199999928474426 250 255 251
-0.021412726491689682 0.019014393910765648 0.13199999928474426 250 255 251
-0.021723110228776932 0.019014393910765648 0.13199999928474426 250 255 251
-0.02203349582850933 0.019014393910765648 0.13199999928474426 252 255 251
-0.022513151168823242 0.018845705315470695 0.13300000131130219 250 255 251
-0.02282588556408882 0.018845705315470695 0.13300000131130219 250 255 251
-0.02313862182199955 0.018845705315470695 0.13300000131130219 250 255 251
-0.02345135807991028 0.018845705315470695 0.13300000131130219 252 255 251
-0.023764092475175858 0.018532970920205116 0.13300000131130219 249 255 254
-0.024076828733086586 0.018532970920205116 0.13300000131130219 249 255 250
-0.024389563128352165 0.018532970920205116 0.13300000131130219 249 255 250
-0.024702299386262894 0.018532970920205116 0.13300000131130219 252 255 251
-0.025015033781528473 0.018532970920205116 0.13300000131130219 252 255 251
-0.0253277700394392 0.018532970920205116 0.13300000131130219 252 255 251
-0.02564050443470478 0.018532970920205116 0.13300000131130219 252 255 251
-0.02595324069261551 0.018532970920205116 0.13300000131130219 252 255 251
-0.026265975087881088 0.018532970920205116 0.13300000131130219 252 255 251
-0.04221780598163605 0.018042143434286118 0.1340000033378601 252 255 251
-0.04190271720290184 0.018042143434286118 0.1340000033378601 252 255 251
-0.04158763214945793 0.018042143434286118 0.1340000033378601 248 255 249
-0.041272543370723724 0.018042143434286118 0.1340000033378601 249 255 250
-0.040957458317279816 0.018042143434286118 0.1340000033378601 250 255 251
-0.04064236953854561 0.018042143434286118 0.1340000033378601 250 255 251
-0.0403272844851017 0.018042143434286118 0.1340000033378601 250 255 251
-0.04001219570636749 0.01772705651819706 0.1340000033378601 247 255 254
-0.039400864392519 0.01759476400911808 0.13300000131130219 250 255 254
-0.03908812627196312 0.01759476400911808 0.13300000131130219 250 255 254
-0.03877539187669754 0.0172820296138525 0.13300000131130219 247 255 255
-0.03846265748143196 0.0172820296138525 0.13300000131130219 247 255 255
-0.03814992308616638 0.01759476400911808 0.13300000131130219 250 255 254
-0.03755269572138786 0.01746247336268425 0.13199999928474426 250 255 254
-0.03724231198430061 0.01746247336268425 0.13199999928474426 250 255 254
-0.036931928247213364 0.0177728570997715 0.13199999928474426 250 255 254
-0.036621544510126114 0.0177728570997715 0.13199999928474426 250 255 254
-0.03603607416152954 0.01794624701142311 0.13099999725818634 250 255 251
-0.03572804108262062 0.01825428009033203 0.13099999725818634 250 255 251
-0.035420011729002 0.018562311306595802 0.13099999725818634 250 255 251
-0.03572804108262062 0.018870344385504723 0.13099999725818634 252 255 251
-0.03603607416152954 0.018870344385504723 0.13099999725818634 252 255 251
-0.03634410724043846 0.018870344385504723 0.13099999725818634 252 255 251
-0.03665214031934738 0.018870344385504723 0.13099999725818634 252 255 251
-0.03724231198430061 0.019014393910765648 0.13199999928474426 252 255 251
-0.03755269572138786 0.019014393910765648 0.13199999928474426 252 255 251
-0.03755269572138786 0.019014393910765648 0.13199999928474426 252 255 251
-0.03724231198430061 0.019014393910765648 0.13199999928474426 252 255 251
-0.03665214031934738 0.018870344385504723 0.13099999725818634 252 255 251
-0.03634410724043846 0.018870344385504723 0.13099999725818634 252 255 251
-0.03603607416152954 0.018870344385504723 0.13099999725818634 252 255 251
-0.03572804108262062 0.018870344385504723 0.13099999725818634 252 255 251
-0.035420011729002 0.018870344385504723 0.13099999725818634 252 255 251
-0.03511197865009308 0.018870344385504723 0.13099999725818634 251 255 248
-0.035420011729002 0.018562311306595802 0.13099999725818634 250 255 251
-0.035420011729002 0.01825428009033203 0.13099999725818634 250 255 251
-0.03572804108262062 0.01794624701142311 0.13099999725818634 250 255 251
-0.03603607416152954 0.01763821393251419 0.13099999725818634 250 255 254
-0.036621544510126114 0.0177728570997715 0.13199999928474426 250 255 254
-0.036931928247213364 0.0177728570997715 0.13199999928474426 250 255 254
-0.03724231198430061 0.01746247336268425 0.13199999928474426 250 255 254
-0.03755269572138786 0.01746247336268425 0.13199999928474426 250 255 254
-0.03814992308616638 0.01759476400911808 0.13300000131130219 250 255 254
-0.03846265748143196 0.0172820296138525 0.13300000131130219 247 255 255
-0.03877539187669754 0.0172820296138525 0.13300000131130219 247 255 255
-0.03908812627196312 0.01759476400911808 0.13300000131130219 250 255 254
-0.039400864392519 0.01759476400911808 0.13300000131130219 250 255 254
-0.04001219570636749 0.01772705651819706 0.1340000033378601 247 255 254
-0.0403272844851017 0.01772705651819706 0.1340000033378601 247 255 254
-0.04064236953854561 0.018042143434286118 0.1340000033378601 250 255 251
-0.040957458317279816 0.018042143434286118 0.1340000033378601 250 255 251
-0.041272543370723724 0.018042143434286118 0.1340000033378601 249 255 250
-0.04158763214945793 0.018042143434286118 0.1340000033378601 248 255 249
-0.04190271720290184 0.018042143434286118 0.1340000033378601 252 255 251
-0.04221780598163605 0.018042143434286118 0.1340000033378601 252 255 251
