0.029633278027176857 0.026928571984171867 0.20000000298023224 128 115 93
0.029162997379899025 0.02739885076880455 0.20000000298023224 227 216 191
0.028692718595266342 0.02739885076880455 0.20000000298023224 214 200 183
0.02822243981063366 0.02739885076880455 0.20000000298023224 106 92 75
0.02822243981063366 0.027869129553437233 0.20000000298023224 150 138 109
0.018278861418366432 0.021193010732531548 0.1340000033378601 254 255 230
0.01859394833445549 0.021193010732531548 0.1340000033378601 255 255 231
0.018909035250544548 0.021193010732531548 0.1340000033378601 254 255 245
0.01859394833445549 0.021193010732531548 0.1340000033378601 255 255 231
0.018278861418366432 0.021193010732531548 0.1340000033378601 254 255 230
0.02822243981063366 0.027869129553437233 0.20000000298023224 150 138 109
0.028692718595266342 0.02739885076880455 0.20000000298023224 214 200 183
0.029162997379899025 0.02739885076880455 0.20000000298023224 227 216 191
0.029633278027176857 0.026928571984171867 0.20000000298023224 128 115 93
0.03010355681180954 0.026928571984171867 0.20000000298023224 121 107 88
0.030573835596442223 0.026928571984171867 0.20000000298023224 116 102 83
0.031044114381074905 0.026928571984171867 0.20000000298023224 114 102 82
0.031044114381074905 0.026928571984171867 0.20000000298023224 114 102 82
0.030573835596442223 0.026928571984171867 0.20000000298023224 116 102 83
0.03010355681180954 0.026928571984171867 0.20000000298023224 121 107 88
0.005705548450350761 0.02482294850051403 0.20200000703334808 130 114 91
0.0052305664867162704 0.02529793046414852 0.20200000703334808 235 227 203
0.004755584988743067 0.02529793046414852 0.20200000703334808 203 195 171
0.004280603490769863 0.02529793046414852 0.20200000703334808 136 129 112
0.003824461717158556 0.025900499895215034 0.2029999941587448 144 137 106
0.002049854025244713 0.020205117762088776 0.14499999582767487 247 244 201
0.002049854025244713 0.020546071231365204 0.14499999582767487 255 255 210
0.002390806097537279 0.020546071231365204 0.14499999582767487 255 255 210
0.002731758402660489 0.020546071231365204 0.14499999582767487 254 255 230
0.0030727104749530554 0.020546071231365204 0.14499999582767487 255 255 231
0.0034136625472456217 0.020546071231365204 0.14499999582767487 254 255 247
0.003754614619538188 0.020546071231365204 0.14499999582767487 254 255 247
0.00406732177361846 0.020404374226927757 0.14399999380111694 254 255 249
0.004405922256410122 0.020404374226927757 0.14399999380111694 254 255 249
0.0047445232048630714 0.020404374226927757 0.14399999380111694 254 255 249
0.004405922256410122 0.020404374226927757 0.14399999380111694 254 255 249
0.00406732177361846 0.020404374226927757 0.14399999380111694 254 255 249
0.003754614619538188 0.020546071231365204 0.14499999582767487 254 255 247
0.0034136625472456217 0.020546071231365204 0.14499999582767487 254 255 247
0.0030727104749530554 0.020546071231365204 0.14499999582767487 255 255 231
0.002731758402660489 0.020546071231365204 0.14499999582767487 254 255 230
0.002390806097537279 0.020546071231365204 0.14499999582767487 255 255 210
0.002049854025244713 0.020205117762088776 0.14499999582767487 247 244 201
0.004280603490769863 0.025772912427783012 0.20200000703334808 225 218 187
0.004755584988743067 0.02529793046414852 0.20200000703334808 203 195 171
0.0052305664867162704 0.02529793046414852 0.20200000703334808 235 227 203
0.005705548450350761 0.02482294850051403 0.20200000703334808 130 114 91
0.006149933207780123 0.024700062349438667 0.20100000500679016 130 114 91
0.00662256358191371 0.02517269365489483 0.20100000500679016 243 232 209
0.007095193490386009 0.02517269365489483 0.20100000500679016 200 189 166
0.007567823864519596 0.02564532309770584 0.20100000500679016 222 208 189
0.006098926067352295 0.01904997043311596 0.14399999380111694 235 229 193
0.012766756117343903 0.02517269365489483 0.20100000500679016 156 145 109
0.01323938649147749 0.02517269365489483 0.20100000500679016 154 143 109
0.013712016865611076 0.02517269365489483 0.20100000500679016 133 122 88
0.014184646308422089 0.02564532309770584 0.20100000500679016 220 213 182
0.014657276682555676 0.02564532309770584 0.20100000500679016 187 180 149
0.015129907056689262 0.02564532309770584 0.20100000500679016 143 130 108
0.01560253743082285 0.026117954403162003 0.20100000500679016 193 187 163
0.016075167804956436 0.026590583845973015 0.20100000500679016 231 226 206
0.012097189202904701 0.019695889204740524 0.13899999856948853 136 136 112
0.012010158970952034 0.019878683611750603 0.1379999965429306 155 156 129
0.012010158970952034 0.020203176885843277 0.1379999965429306 167 168 141
0.011685666628181934 0.020527668297290802 0.1379999965429306 255 255 228
0.011361174285411835 0.020527668297290802 0.1379999965429306 253 255 246
0.011116658337414265 0.020676419138908386 0.13899999856948853 254 255 247
0.010789814405143261 0.020676419138908386 0.13899999856948853 254 255 249
0.011116658337414265 0.020676419138908386 0.13899999856948853 254 255 247
0.011361174285411835 0.020527668297290802 0.1379999965429306 253 255 246
0.011685666628181934 0.020527668297290802 0.1379999965429306 255 255 228
0.012010158970952034 0.020527668297290802 0.1379999965429306 172 173 144
0.012010158970952034 0.020203176885843277 0.1379999965429306 167 168 141
0.012010158970952034 0.019878683611750603 0.1379999965429306 155 156 129
0.012097189202904701 0.019695889204740524 0.13899999856948853 136 136 112
0.01702042855322361 0.027063213288784027 0.20100000500679016 149 147 128
0.01654779724776745 0.026590583845973015 0.20100000500679016 144 139 119
0.016075167804956436 0.026117954403162003 0.20100000500679016 143 129 114
0.01560253743082285 0.026117954403162003 0.20100000500679016 193 187 163
0.015129907056689262 0.02564532309770584 0.20100000500679016 143 130 108
0.014657276682555676 0.02564532309770584 0.20100000500679016 187 180 149
0.014184646308422089 0.02564532309770584 0.20100000500679016 220 213 182
0.013712016865611076 0.02517269365489483 0.20100000500679016 133 122 88
0.01323938649147749 0.02517269365489483 0.20100000500679016 154 143 109
0.012766756117343903 0.02517269365489483 0.20100000500679016 156 145 109
0.008040454238653183 0.02564532309770584 0.20100000500679016 137 123 104
0.007567823864519596 0.02517269365489483 0.20100000500679016 124 107 89
0.007095193490386009 0.02517269365489483 0.20100000500679016 200 189 166
0.00662256358191371 0.02517269365489483 0.20100000500679016 243 232 209
0.006149933207780123 0.024700062349438667 0.20100000500679016 130 114 91
