-0.0251800324767828 0.014623420313000679 0.11900000274181366 249 255 255
-0.0251800324767828 0.0149032361805439 0.11900000274181366 248 254 252
-0.02545984834432602 0.01518305204808712 0.11900000274181366 249 255 255
-0.02545984834432602 0.01546286791563034 0.11900000274181366 247 255 255
-0.0251800324767828 0.01546286791563034 0.11900000274181366 252 255 254
-0.022381871938705444 0.016302315518260002 0.11900000274181366 252 255 254
-0.022102056071162224 0.016302315518260002 0.11900000274181366 252 255 254
-0.021822240203619003 0.016302315518260002 0.11900000274181366 252 255 254
-0.021542424336075783 0.016302315518260002 0.11900000274181366 252 255 254
-0.021262608468532562 0.016302315518260002 0.11900000274181366 252 255 254
-0.020982792600989342 0.016302315518260002 0.11900000274181366 252 255 254
-0.02070297673344612 0.016582131385803223 0.11900000274181366 252 255 254
-0.0204231608659029 0.016582131385803223 0.11900000274181366 252 255 254
-0.02014334499835968 0.016582131385803223 0.11900000274181366 252 255 254
-0.01986352913081646 0.016582131385803223 0.11900000274181366 252 255 254
-0.019419144839048386 0.016442786902189255 0.11800000071525574 252 255 254
-0.019141679629683495 0.016442786902189255 0.11800000071525574 252 255 254
-0.018864216282963753 0.016720250248908997 0.11800000071525574 250 255 254
-0.01858675107359886 0.016720250248908997 0.11800000071525574 250 255 254
-0.01830928772687912 0.016720250248908997 0.11800000071525574 250 255 254
-0.01803182251751423 0.016720250248908997 0.11800000071525574 250 255 254
-0.017754357308149338 0.016720250248908997 0.11800000071525574 250 255 254
-0.017476893961429596 0.016720250248908997 0.11800000071525574 250 255 254
-0.017345186322927475 0.016861947253346443 0.11900000274181366 250 255 254
-0.017065370455384254 0.017141763120889664 0.11900000274181366 252 255 254
-0.016785554587841034 0.017141763120889664 0.11900000274181366 252 255 254
-0.016644442453980446 0.01728581264615059 0.11999999731779099 252 255 254
-0.016362275928258896 0.01728581264615059 0.11999999731779099 252 255 254
-0.016080107539892197 0.01728581264615059 0.11999999731779099 252 255 254
-0.01592959091067314 0.017429860308766365 0.12099999934434891 252 255 254
-0.015645071864128113 0.017429860308766365 0.12099999934434891 252 255 254
-0.015360552817583084 0.017429860308766365 0.12099999934434891 252 255 254
-0.015200629830360413 0.01786077953875065 0.12200000137090683 252 255 254
-0.01491375919431448 0.01786077953875065 0.12200000137090683 252 255 254
-0.014626889489591122 0.01786077953875065 0.12200000137090683 252 255 254
-0.014340019784867764 0.01786077953875065 0.12200000137090683 252 255 254
-0.01405314914882183 0.01786077953875065 0.12200000137090683 252 255 254
-0.013766279444098473 0.01786077953875065 0.12200000137090683 252 255 254
-0.013589896261692047 0.018007177859544754 0.12300000339746475 252 255 254
-0.013300674967467785 0.018007177859544754 0.12300000339746475 252 255 254
-0.013011453673243523 0.01829640008509159 0.12300000339746475 252 255 254
-0.012722231447696686 0.01829640008509159 0.12300000339746475 252 255 254
-0.012433010153472424 0.01829640008509159 0.12300000339746475 252 255 254
-0.012143788859248161 0.01829640008509159 0.12300000339746475 252 255 254
-0.011854567565023899 0.01829640008509159 0.12300000339746475 252 255 254
-0.011565346270799637 0.01829640008509159 0.12300000339746475 252 255 254
-0.0112761240452528 0.01829640008509159 0.12300000339746475 252 255 254
-0.010986902751028538 0.01829640008509159 0.12300000339746475 252 255 254
-0.010697681456804276 0.01829640008509159 0.12300000339746475 252 255 254
-0.010493081994354725 0.018445150926709175 0.12399999797344208 252 255 254
-0.010201509110629559 0.018445150926709175 0.12399999797344208 252 255 254
-0.009909936226904392 0.018445150926709175 0.12399999797344208 252 255 254
-0.009618363343179226 0.018445150926709175 0.12399999797344208 252 255 254
-0.00932679045945406 0.018445150926709175 0.12399999797344208 252 255 254
-0.009035217575728893 0.018445150926709175 0.12399999797344208 252 255 254
-0.008743644692003727 0.018445150926709175 0.12399999797344208 252 255 254
-0.00845207180827856 0.018445150926709175 0.12399999797344208 252 255 254
-0.008160498924553394 0.018445150926709175 0.12399999797344208 252 255 254
-0.007868926040828228 0.018445150926709175 0.12399999797344208 252 255 254
-0.007577353157103062 0.018445150926709175 0.12399999797344208 252 255 254
-0.007285780273377895 0.018445150926709175 0.12399999797344208 252 255 254
-0.007050612010061741 0.01859390176832676 0.125 252 255 254
-0.006756688002496958 0.01859390176832676 0.125 252 255 254
-0.006462763529270887 0.01859390176832676 0.125 252 255 254
-0.006168839521706104 0.018299978226423264 0.125 252 255 251
-0.005921914242208004 0.01844637840986252 0.12600000202655792 252 255 251
-0.005413956008851528 0.01873917691409588 0.12800000607967377 252 255 251
-0.00511297769844532 0.01873917691409588 0.12800000607967377 252 255 251
-0.0048495931550860405 0.018885577097535133 0.1289999932050705 252 255 251
-0.004581505432724953 0.019031977280974388 0.12999999523162842 252 255 251
-0.004275824408978224 0.019031977280974388 0.12999999523162842 252 255 251
-0.004275824408978224 0.019031977280974388 0.12999999523162842 252 255 251
-0.004581505432724953 0.019031977280974388 0.12999999523162842 252 255 251
-0.0048495931550860405 0.018885577097535133 0.1289999932050705 252 255 251
-0.00511297769844532 0.01873917691409588 0.12800000607967377 252 255 251
-0.005413956008851528 0.01873917691409588 0.12800000607967377 252 255 251
-0.005921914242208004 0.01844637840986252 0.12600000202655792 252 255 251
-0.006168839521706104 0.018299978226423264 0.125 252 255 251
-0.006462763529270887 0.01859390176832676 0.125 252 255 254
-0.006756688002496958 0.01859390176832676 0.125 252 255 254
-0.007050612010061741 0.01859390176832676 0.125 252 255 254
-0.007285780273377895 0.018445150926709175 0.12399999797344208 252 255 254
-0.007577353157103062 0.018445150926709175 0.12399999797344208 252 255 254
-0.007868926040828228 0.018445150926709175 0.12399999797344208 252 255 254
-0.008160498924553394 0.018445150926709175 0.12399999797344208 252 255 254
-0.00845207180827856 0.018445150926709175 0.12399999797344208 252 255 254
-0.008743644692003727 0.018445150926709175 0.12399999797344208 252 255 254
-0.009035217575728893 0.018445150926709175 0.12399999797344208 252 255 254
-0.00932679045945406 0.018445150926709175 0.12399999797344208 252 255 254
-0.009618363343179226 0.018445150926709175 0.12399999797344208 252 255 254
-0.009909936226904392 0.018445150926709175 0.12399999797344208 252 255 254
-0.010201509110629559 0.018445150926709175 0.12399999797344208 252 255 254
-0.010493081994354725 0.018445150926709175 0.12399999797344208 252 255 254
-0.010697681456804276 0.01829640008509159 0.12300000339746475 252 255 254
-0.010986902751028538 0.01829640008509159 0.12300000339746475 252 255 254
-0.0112761240452528 0.01829640008509159 0.12300000339746475 252 255 254
-0.011565346270799637 0.01829640008509159 0.12300000339746475 252 255 254
-0.011854567565023899 0.01829640008509159 0.12300000339746475 252 255 254
-0.012143788859248161 0.01829640008509159 0.12300000339746475 252 255 254
-0.012433010153472424 0.01829640008509159 0.12300000339746475 252 255 254
-0.012722231447696686 0.01829640008509159 0.12300000339746475 252 255 254
-0.013011453673243523 0.01829640008509159 0.12300000339746475 252 255 254
-0.013300674967467785 0.018007177859544754 0.12300000339746475 252 255 254
-0.013589896261692047 0.018007177859544754 0.12300000339746475 252 255 254
-0.013766279444098473 0.01786077953875065 0.12200000137090683 252 255 254
-0.01405314914882183 0.01786077953875065 0.12200000137090683 252 255 254
-0.014340019784867764 0.01786077953875065 0.12200000137090683 252 255 254
-0.014626889489591122 0.01786077953875065 0.12200000137090683 252 255 254
-0.01491375919431448 0.01786077953875065 0.12200000137090683 252 255 254
-0.015200629830360413 0.01786077953875065 0.12200000137090683 252 255 254
-0.015360552817583084 0.017429860308766365 0.12099999934434891 252 255 254
-0.015645071864128113 0.017429860308766365 0.12099999934434891 252 255 254
-0.01592959091067314 0.017429860308766365 0.12099999934434891 252 255 254
-0.016080107539892197 0.01728581264615059 0.11999999731779099 252 255 254
-0.016362275928258896 0.01728581264615059 0.11999999731779099 252 255 254
-0.016644442453980446 0.01728581264615059 0.11999999731779099 252 255 254
-0.016785554587841034 0.017141763120889664 0.11900000274181366 252 255 254
-0.017065370455384254 0.017141763120889664 0.11900000274181366 252 255 254
-0.017345186322927475 0.016861947253346443 0.11900000274181366 250 255 254
-0.017476893961429596 0.016720250248908997 0.11800000071525574 250 255 254
-0.017754357308149338 0.016720250248908997 0.11800000071525574 250 255 254
-0.01803182251751423 0.016720250248908997 0.11800000071525574 250 255 254
-0.01830928772687912 0.016720250248908997 0.11800000071525574 250 255 254
-0.01858675107359886 0.016720250248908997 0.11800000071525574 250 255 254
-0.018864216282963753 0.016720250248908997 0.11800000071525574 250 255 254
-0.019141679629683495 0.016442786902189255 0.11800000071525574 252 255 254
-0.019419144839048386 0.016442786902189255 0.11800000071525574 252 255 254
-0.01986352913081646 0.016582131385803223 0.11900000274181366 252 255 254
-0.02014334499835968 0.016582131385803223 0.11900000274181366 252 255 254
-0.0204231608659029 0.016582131385803223 0.11900000274181366 252 255 254
-0.02070297673344612 0.016582131385803223 0.11900000274181366 252 255 254
-0.020982792600989342 0.016302315518260002 0.11900000274181366 252 255 254
-0.021262608468532562 0.016302315518260002 0.11900000274181366 252 255 254
-0.021542424336075783 0.016302315518260002 0.11900000274181366 252 255 254
-0.021822240203619003 0.016302315518260002 0.11900000274181366 252 255 254
-0.022102056071162224 0.016302315518260002 0.11900000274181366 252 255 254
-0.022381871938705444 0.016302315518260002 0.11900000274181366 252 255 254
-0.0251800324767828 0.01546286791563034 0.11900000274181366 252 255 254
-0.02545984834432602 0.01518305204808712 0.11900000274181366 249 255 255
-0.0251800324767828 0.0149032361805439 0.11900000274181366 248 254 252
-0.0251800324767828 0.014623420313000679 0.11900000274181366 249 255 255
-0.017625002190470695 0.014343604445457458 0.11900000274181366 250 255 251
-0.017345186322927475 0.014623420313000679 0.11900000274181366 249 255 251
-0.017208777368068695 0.015028473921120167 0.11999999731779099 250 255 254
-0.016926610842347145 0.015028473921120167 0.11999999731779099 236 249 244
-0.016644442453980446 0.015028473921120167 0.11999999731779099 194 207 202
-0.01649862714111805 0.01515371073037386 0.12099999934434891 216 231 226
-0.01621410995721817 0.01515371073037386 0.12099999934434891 244 255 254
-0.01592959091067314 0.01515371073037386 0.12099999934434891 249 255 254
-0.015645071864128113 0.014869192615151405 0.12099999934434891 246 255 255
-0.015360552817583084 0.014584673568606377 0.12099999934434891 244 255 255
-0.015200629830360413 0.014705208130180836 0.12200000137090683 244 255 255
-0.01491375919431448 0.014705208130180836 0.12200000137090683 244 255 255
-0.014626889489591122 0.014705208130180836 0.12200000137090683 244 255 255
-0.014340019784867764 0.014705208130180836 0.12200000137090683 242 255 254
-0.014168338850140572 0.014825742691755295 0.12300000339746475 242 255 254
-0.01387911755591631 0.014825742691755295 0.12300000339746475 242 255 254
-0.013589896261692047 0.014825742691755295 0.12300000339746475 242 255 254
-0.013300674967467785 0.014825742691755295 0.12300000339746475 244 255 255
-0.013011453673243523 0.015114963985979557 0.12300000339746475 248 255 253
-0.012722231447696686 0.015114963985979557 0.12300000339746475 249 255 255
-0.012433010153472424 0.01540418528020382 0.12300000339746475 249 255 254
-0.011565346270799637 0.015982627868652344 0.12300000339746475 252 255 254
-0.0112761240452528 0.01627185009419918 0.12300000339746475 250 255 254
-0.010986902751028538 0.016561070457100868 0.12300000339746475 249 255 254
-0.010784654878079891 0.016987286508083344 0.12399999797344208 250 255 254
-0.010493081994354725 0.016987286508083344 0.12399999797344208 245 255 255
-0.010201509110629559 0.016987286508083344 0.12399999797344208 242 255 252
-0.009909936226904392 0.016987286508083344 0.12399999797344208 232 255 251
-0.009618363343179226 0.016987286508083344 0.12399999797344208 230 253 249
-0.00932679045945406 0.016987286508083344 0.12399999797344208 242 255 255
-0.009108082391321659 0.017124280333518982 0.125 244 255 255
-0.00932679045945406 0.016987286508083344 0.12399999797344208 242 255 255
-0.009618363343179226 0.016987286508083344 0.12399999797344208 230 253 249
-0.009909936226904392 0.016987286508083344 0.12399999797344208 232 255 251
-0.010201509110629559 0.016987286508083344 0.12399999797344208 242 255 252
-0.010493081994354725 0.016987286508083344 0.12399999797344208 245 255 255
-0.010784654878079891 0.016695713624358177 0.12399999797344208 241 249 246
-0.010986902751028538 0.01627185009419918 0.12300000339746475 249 255 251
-0.012722231447696686 0.015114963985979557 0.12300000339746475 249 255 255
-0.013011453673243523 0.015114963985979557 0.12300000339746475 248 255 253
-0.013300674967467785 0.014825742691755295 0.12300000339746475 244 255 255
-0.013589896261692047 0.014825742691755295 0.12300000339746475 242 255 254
-0.01387911755591631 0.014825742691755295 0.12300000339746475 242 255 254
-0.014168338850140572 0.014825742691755295 0.12300000339746475 242 255 254
-0.014340019784867764 0.014705208130180836 0.12200000137090683 242 255 254
-0.014626889489591122 0.014705208130180836 0.12200000137090683 244 255 255
-0.01491375919431448 0.014705208130180836 0.12200000137090683 244 255 255
-0.015200629830360413 0.014705208130180836 0.12200000137090683 244 255 255
-0.015360552817583084 0.014584673568606377 0.12099999934434891 244 255 255
-0.015645071864128113 0.014584673568606377 0.12099999934434891 235 252 255
-0.01592959091067314 0.014869192615151405 0.12099999934434891 246 255 255
-0.01621410995721817 0.01515371073037386 0.12099999934434891 244 255 254
-0.01649862714111805 0.01515371073037386 0.12099999934434891 216 231 226
-0.016644442453980446 0.015028473921120167 0.11999999731779099 194 207 202
-0.016926610842347145 0.015028473921120167 0.11999999731779099 236 249 244
-0.017208777368068695 0.014746306464076042 0.11999999731779099 249 255 251
-0.017345186322927475 0.014343604445457458 0.11900000274181366 249 255 251
-0.059588704258203506 0.018317153677344322 0.17599999904632568 62 92 95
-0.059588704258203506 0.018730998039245605 0.17599999904632568 114 139 144
-0.059588704258203506 0.019144844263792038 0.17599999904632568 102 126 124
-0.059588704258203506 0.01955868862569332 0.17599999904632568 213 228 225
-0.027418559417128563 0.01518305204808712 0.11900000274181366 25 67 68
-0.027138743549585342 0.01518305204808712 0.11900000274181366 33 75 76
-0.026858927682042122 0.01518305204808712 0.11900000274181366 39 75 81
-0.0265791118144989 0.01518305204808712 0.11900000274181366 48 84 90
-0.02629929594695568 0.01518305204808712 0.11900000274181366 55 80 87
-0.02601948007941246 0.01518305204808712 0.11900000274181366 48 73 80
-0.02629929594695568 0.01518305204808712 0.11900000274181366 55 80 87
-0.0265791118144989 0.01518305204808712 0.11900000274181366 48 84 90
-0.026858927682042122 0.01518305204808712 0.11900000274181366 39 75 81
-0.027138743549585342 0.01518305204808712 0.11900000274181366 33 75 76
-0.027418559417128563 0.01518305204808712 0.11900000274181366 25 67 68
-0.05751947686076164 0.019972534850239754 0.17599999904632568 247 255 249
-0.057933323085308075 0.019972534850239754 0.17599999904632568 249 255 251
-0.05876101553440094 0.01955868862569332 0.17599999904632568 229 242 237
-0.059174858033657074 0.01955868862569332 0.17599999904632568 222 237 234
-0.059588704258203506 0.019144844263792038 0.17599999904632568 102 126 124
-0.059588704258203506 0.018730998039245605 0.17599999904632568 114 139 144
-0.050897952169179916 0.017075616866350174 0.17599999904632568 37 78 86
-0.05131179839372635 0.017489463090896606 0.17599999904632568 50 91 99
-0.05201953649520874 0.01758883334696293 0.1770000010728836 42 83 91
-0.0524357333779335 0.01758883334696293 0.1770000010728836 30 71 79
-0.052851930260658264 0.01758883334696293 0.1770000010728836 32 72 85
-0.053268127143383026 0.01758883334696293 0.1770000010728836 38 78 91
-0.05368432402610779 0.01758883334696293 0.1770000010728836 47 80 95
-0.05410052090883255 0.01758883334696293 0.1770000010728836 49 82 97
-0.05451671779155731 0.01758883334696293 0.1770000010728836 50 82 102
-0.054932914674282074 0.01758883334696293 0.1770000010728836 49 81 101
-0.055349111557006836 0.01758883334696293 0.1770000010728836 50 80 103
-0.0557653084397316 0.01758883334696293 0.1770000010728836 48 78 101
-0.05618150532245636 0.01758883334696293 0.1770000010728836 56 78 102
-0.05659770220518112 0.01800503022968769 0.1770000010728836 57 81 95
-0.056691788136959076 0.01790330745279789 0.17599999904632568 61 83 93
-0.05710563063621521 0.01790330745279789 0.17599999904632568 61 83 93
-0.05751947686076164 0.01790330745279789 0.17599999904632568 53 78 83
-0.057933323085308075 0.01790330745279789 0.17599999904632568 49 74 79
-0.05834716930985451 0.01790330745279789 0.17599999904632568 51 80 81
-0.05876101553440094 0.018317153677344322 0.17599999904632568 72 98 96
-0.05834716930985451 0.01790330745279789 0.17599999904632568 51 80 81
-0.057933323085308075 0.01790330745279789 0.17599999904632568 49 74 79
-0.05751947686076164 0.01790330745279789 0.17599999904632568 53 78 83
-0.05710563063621521 0.01790330745279789 0.17599999904632568 61 83 93
-0.056691788136959076 0.01790330745279789 0.17599999904632568 61 83 93
-0.05659770220518112 0.01800503022968769 0.1770000010728836 57 81 95
-0.05618150532245636 0.01758883334696293 0.1770000010728836 56 78 102
-0.0557653084397316 0.01758883334696293 0.1770000010728836 48 78 101
-0.055349111557006836 0.01758883334696293 0.1770000010728836 50 80 103
-0.054932914674282074 0.01758883334696293 0.1770000010728836 49 81 101
-0.05451671779155731 0.01758883334696293 0.1770000010728836 50 82 102
-0.05410052090883255 0.01758883334696293 0.1770000010728836 49 82 97
-0.05368432402610779 0.01758883334696293 0.1770000010728836 47 80 95
-0.053268127143383026 0.01758883334696293 0.1770000010728836 38 78 91
-0.052851930260658264 0.01758883334696293 0.1770000010728836 32 72 85
-0.0524357333779335 0.01758883334696293 0.1770000010728836 30 71 79
-0.05201953649520874 0.01758883334696293 0.1770000010728836 42 83 91
-0.05131179839372635 0.017489463090896606 0.17599999904632568 50 91 99
-0.050897952169179916 0.017075616866350174 0.17599999904632568 37 78 86
-0.050484105944633484 0.017075616866350174 0.17599999904632568 36 74 86
-0.05007025972008705 0.017489463090896606 0.17599999904632568 43 79 87
-0.04965641722083092 0.017489463090896606 0.17599999904632568 47 81 89
-0.049242570996284485 0.017489463090896606 0.17599999904632568 41 75 83
-0.04882872477173805 0.017489463090896606 0.17599999904632568 36 70 78
-0.04841487854719162 0.017075616866350174 0.17599999904632568 36 72 82
-0.048001036047935486 0.017489463090896606 0.17599999904632568 28 64 74
-0.04758718982338905 0.017489463090896606 0.17599999904632568 39 75 85
-0.04717334359884262 0.017489463090896606 0.17599999904632568 44 78 88
-0.047025177627801895 0.017172638326883316 0.1770000010728836 43 78 91
-0.04660898074507713 0.01758883334696293 0.1770000010728836 44 76 87
-0.04619278386235237 0.01758883334696293 0.1770000010728836 43 75 86
-0.04577658697962761 0.01758883334696293 0.1770000010728836 37 71 81
-0.04536039009690285 0.01758883334696293 0.1770000010728836 38 72 82
-0.045198116451501846 0.0176882054656744 0.17800000309944153 39 77 89
-0.044779568910598755 0.01726965792477131 0.17800000309944153 53 92 108
-0.044361017644405365 0.01726965792477131 0.17800000309944153 40 77 94
-0.043942470103502274 0.01726965792477131 0.17800000309944153 41 78 95
-0.04376843944191933 0.01736667938530445 0.17900000512599945 37 70 83
-0.043347541242837906 0.017787577584385872 0.17900000512599945 45 80 93
-0.042926639318466187 0.017787577584385872 0.17900000512599945 47 80 93
-0.042505741119384766 0.017787577584385872 0.17900000512599945 43 76 89
-0.04231995344161987 0.017886949703097343 0.18000000715255737 43 75 86
-0.041896700859069824 0.017886949703097343 0.18000000715255737 46 78 89
-0.041473452001810074 0.017886949703097343 0.18000000715255737 51 78 91
-0.041278254240751266 0.017986321821808815 0.1809999942779541 47 74 87
-0.04085265472531319 0.017986321821808815 0.1809999942779541 47 67 82
-0.04042705148458481 0.017986321821808815 0.1809999942779541 58 78 93
-0.04000144824385643 0.017986321821808815 0.1809999942779541 64 81 93
-0.03957584500312805 0.017986321821808815 0.1809999942779541 60 77 89
-0.03915024548768997 0.017986321821808815 0.1809999942779541 60 77 89
-0.038724642246961594 0.017986321821808815 0.1809999942779541 58 75 87
-0.038299039006233215 0.017986321821808815 0.1809999942779541 56 78 90
-0.03787343576550484 0.017986321821808815 0.1809999942779541 63 85 97
-0.03744783625006676 0.017986321821808815 0.1809999942779541 55 76 95
-0.03702223300933838 0.017986321821808815 0.1809999942779541 43 64 83
-0.03679882362484932 0.018085693940520287 0.18199999630451202 50 73 92
-0.03637086972594261 0.018085693940520287 0.18199999630451202 53 76 95
-0.035942915827035904 0.018085693940520287 0.18199999630451202 47 75 92
-0.035514961928129196 0.018085693940520287 0.18199999630451202 52 80 97
-0.03508700802922249 0.018085693940520287 0.18199999630451202 54 80 96
-0.03465905413031578 0.018085693940520287 0.18199999630451202 48 74 90
-0.03423110023140907 0.018085693940520287 0.18199999630451202 56 78 92
-0.033803146332502365 0.018085693940520287 0.18199999630451202 58 80 94
-0.03337519243359566 0.018085693940520287 0.18199999630451202 58 78 93
-0.03294723853468895 0.018085693940520287 0.18199999630451202 56 76 91
-0.03251928463578224 0.018085693940520287 0.18199999630451202 61 78 94
-0.032091330736875534 0.018085693940520287 0.18199999630451202 60 77 93
-0.031663376837968826 0.018085693940520287 0.18199999630451202 59 76 92
-0.03123542293906212 0.018085693940520287 0.18199999630451202 58 75 91
-0.03080746904015541 0.018085693940520287 0.18199999630451202 51 71 86
-0.030379515141248703 0.018085693940520287 0.18199999630451202 53 73 88
-0.029951563104987144 0.018085693940520287 0.18199999630451202 57 79 93
-0.029523609206080437 0.018085693940520287 0.18199999630451202 57 79 93
-0.02909565530717373 0.018085693940520287 0.18199999630451202 54 78 92
-0.028510186821222305 0.017986321821808815 0.1809999942779541 53 77 91
-0.028084583580493927 0.017986321821808815 0.1809999942779541 57 79 91
-0.027658982202410698 0.017986321821808815 0.1809999942779541 50 72 84
-0.02695588581264019 0.018085693940520287 0.18199999630451202 56 73 85
-0.026527931913733482 0.01765774004161358 0.18199999630451202 63 80 94
-0.026099978014826775 0.018085693940520287 0.18199999630451202 60 75 88
-0.025672025978565216 0.018085693940520287 0.18199999630451202 53 73 86
-0.02524407207965851 0.018085693940520287 0.18199999630451202 54 74 87
-0.0248161181807518 0.018085693940520287 0.18199999630451202 46 70 82
-0.024522164836525917 0.018185066059231758 0.18299999833106995 43 67 79
-0.02409186027944088 0.018185066059231758 0.18299999833106995 41 68 79
-0.023661553859710693 0.018185066059231758 0.18299999833106995 45 72 83
-0.023358196020126343 0.018717095255851746 0.18400000035762787 51 75 87
-0.022925538942217827 0.018717095255851746 0.18400000035762787 53 77 89
-0.02249288372695446 0.018717095255851746 0.18400000035762787 53 77 89
-0.022060226649045944 0.019149750471115112 0.18400000035762787 59 83 93
-0.02162756957113743 0.019149750471115112 0.18400000035762787 58 82 94
-0.02119491435587406 0.019149750471115112 0.18400000035762787 44 68 80
-0.020762257277965546 0.019582407549023628 0.18400000035762787 44 68 80
-0.02032960020005703 0.019582407549023628 0.18400000035762787 44 68 80
-0.019896944984793663 0.019582407549023628 0.18400000035762787 43 67 79
-0.019464287906885147 0.019582407549023628 0.18400000035762787 47 71 83
-0.018928198143839836 0.01947598159313202 0.18299999833106995 46 70 82
-0.0184978935867548 0.01947598159313202 0.18299999833106995 44 68 80
-0.01806758902966976 0.01947598159313202 0.18299999833106995 60 75 88
-0.017637282609939575 0.019906286150217056 0.18299999833106995 62 79 95
-0.017206978052854538 0.01947598159313202 0.18299999833106995 51 71 84
-0.01668499782681465 0.01936955563724041 0.18199999630451202 49 69 82
-0.016257043927907944 0.01936955563724041 0.18199999630451202 46 69 86
-0.015829090029001236 0.019797509536147118 0.18199999630451202 50 77 97
-0.015401136130094528 0.019797509536147118 0.18199999630451202 46 73 93
-0.01497318223118782 0.019797509536147118 0.18199999630451202 43 70 90
-0.014545228332281113 0.019797509536147118 0.18199999630451202 39 66 86
-0.014117274433374405 0.019797509536147118 0.18199999630451202 38 65 85
-0.013689321465790272 0.019797509536147118 0.18199999630451202 43 70 90
-0.013261367566883564 0.019797509536147118 0.18199999630451202 47 74 94
-0.012762900441884995 0.020114334300160408 0.1809999942779541 43 71 86
-0.01233729813247919 0.020114334300160408 0.1809999942779541 50 78 93
-0.011911695823073387 0.020539935678243637 0.1809999942779541 53 80 93
-0.011486093513667583 0.020539935678243637 0.1809999942779541 48 75 88
-0.01106049120426178 0.020539935678243637 0.1809999942779541 50 74 84
-0.01057613268494606 0.02084970660507679 0.18000000715255737 48 75 88
-0.01015288196504116 0.02084970660507679 0.18000000715255737 45 77 88
-0.009729630313813686 0.02084970660507679 0.18000000715255737 38 70 81
-0.009254677221179008 0.020733874291181564 0.17900000512599945 37 70 83
-0.008833778090775013 0.020733874291181564 0.17900000512599945 37 70 83
-0.008412878029048443 0.020733874291181564 0.17900000512599945 41 74 87
-0.007991978898644447 0.021154774352908134 0.17900000512599945 43 78 93
-0.0075710793025791645 0.021154774352908134 0.17900000512599945 48 81 94
-0.007150179706513882 0.021154774352908134 0.17900000512599945 42 75 88
-0.006729280110448599 0.021154774352908134 0.17900000512599945 37 66 78
-0.006308380980044603 0.021154774352908134 0.17900000512599945 32 61 73
-0.0058874813839793205 0.021575674414634705 0.17900000512599945 46 75 87
-0.005466581787914038 0.021575674414634705 0.17900000512599945 40 69 81
-0.005045682191848755 0.021575674414634705 0.17900000512599945 44 71 82
-0.005045682191848755 0.021575674414634705 0.17900000512599945 44 71 82
-0.005466581787914038 0.021575674414634705 0.17900000512599945 40 69 81
-0.0058874813839793205 0.021575674414634705 0.17900000512599945 46 75 87
-0.006308380980044603 0.021154774352908134 0.17900000512599945 32 61 73
-0.006729280110448599 0.021154774352908134 0.17900000512599945 37 66 78
-0.007150179706513882 0.021154774352908134 0.17900000512599945 42 75 88
-0.0075710793025791645 0.021154774352908134 0.17900000512599945 48 81 94
-0.007991978898644447 0.021154774352908134 0.17900000512599945 43 78 93
-0.008412878029048443 0.020733874291181564 0.17900000512599945 41 74 87
-0.008833778090775013 0.020733874291181564 0.17900000512599945 37 70 83
-0.009254677221179008 0.020733874291181564 0.17900000512599945 37 70 83
-0.009729630313813686 0.02084970660507679 0.18000000715255737 38 70 81
-0.01015288196504116 0.02084970660507679 0.18000000715255737 45 77 88
-0.01057613268494606 0.02084970660507679 0.18000000715255737 48 75 88
-0.01106049120426178 0.020539935678243637 0.1809999942779541 50 74 84
-0.011486093513667583 0.020539935678243637 0.1809999942779541 48 75 88
-0.011911695823073387 0.020114334300160408 0.1809999942779541 50 74 86
-0.01233729813247919 0.020114334300160408 0.1809999942779541 50 78 93
-0.012762900441884995 0.020114334300160408 0.1809999942779541 43 71 86
-0.013261367566883564 0.019797509536147118 0.18199999630451202 47 74 94
-0.013689321465790272 0.019797509536147118 0.18199999630451202 43 70 90
-0.014117274433374405 0.019797509536147118 0.18199999630451202 38 65 85
-0.014545228332281113 0.019797509536147118 0.18199999630451202 39 66 86
-0.01497318223118782 0.019797509536147118 0.18199999630451202 43 70 90
-0.015401136130094528 0.019797509536147118 0.18199999630451202 46 73 93
-0.015829090029001236 0.019797509536147118 0.18199999630451202 50 77 97
-0.016257043927907944 0.01936955563724041 0.18199999630451202 46 69 86
-0.01668499782681465 0.01936955563724041 0.18199999630451202 49 69 82
-0.017206978052854538 0.01947598159313202 0.18299999833106995 51 71 84
-0.017637282609939575 0.019906286150217056 0.18299999833106995 62 79 95
-0.01806758902966976 0.01947598159313202 0.18299999833106995 60 75 88
-0.0184978935867548 0.01947598159313202 0.18299999833106995 44 68 80
-0.018928198143839836 0.01947598159313202 0.18299999833106995 46 70 82
-0.019464287906885147 0.019582407549023628 0.18400000035762787 47 71 83
-0.019896944984793663 0.019582407549023628 0.18400000035762787 43 67 79
-0.02032960020005703 0.019582407549023628 0.18400000035762787 44 68 80
-0.020762257277965546 0.019582407549023628 0.18400000035762787 44 68 80
-0.02119491435587406 0.019149750471115112 0.18400000035762787 44 68 80
-0.02162756957113743 0.019149750471115112 0.18400000035762787 58 82 94
-0.022060226649045944 0.019149750471115112 0.18400000035762787 59 83 93
-0.02249288372695446 0.018717095255851746 0.18400000035762787 53 77 89
-0.022925538942217827 0.018717095255851746 0.18400000035762787 53 77 89
-0.023358196020126343 0.018717095255851746 0.18400000035762787 51 75 87
-0.023661553859710693 0.018185066059231758 0.18299999833106995 45 72 83
-0.02409186027944088 0.018185066059231758 0.18299999833106995 41 68 79
-0.024522164836525917 0.018185066059231758 0.18299999833106995 43 67 79
-0.0248161181807518 0.018085693940520287 0.18199999630451202 46 70 82
-0.02524407207965851 0.018085693940520287 0.18199999630451202 54 74 87
-0.025672025978565216 0.018085693940520287 0.18199999630451202 53 73 86
-0.026099978014826775 0.018085693940520287 0.18199999630451202 60 75 88
-0.026527931913733482 0.01765774004161358 0.18199999630451202 63 80 94
-0.02695588581264019 0.018085693940520287 0.18199999630451202 56 73 85
-0.027658982202410698 0.017986321821808815 0.1809999942779541 50 72 84
-0.028084583580493927 0.017986321821808815 0.1809999942779541 57 79 91
-0.028510186821222305 0.017986321821808815 0.1809999942779541 53 77 91
-0.02909565530717373 0.018085693940520287 0.18199999630451202 54 78 92
-0.029523609206080437 0.018085693940520287 0.18199999630451202 57 79 93
-0.029951563104987144 0.018085693940520287 0.18199999630451202 57 79 93
-0.030379515141248703 0.018085693940520287 0.18199999630451202 53 73 88
-0.03080746904015541 0.018085693940520287 0.18199999630451202 51 71 86
-0.03123542293906212 0.018085693940520287 0.18199999630451202 58 75 91
-0.031663376837968826 0.018085693940520287 0.18199999630451202 59 76 92
-0.032091330736875534 0.018085693940520287 0.18199999630451202 60 77 93
-0.03251928463578224 0.018085693940520287 0.18199999630451202 61 78 94
-0.03294723853468895 0.018085693940520287 0.18199999630451202 56 76 91
-0.03337519243359566 0.018085693940520287 0.18199999630451202 58 78 93
-0.033803146332502365 0.018085693940520287 0.18199999630451202 58 80 94
-0.03423110023140907 0.018085693940520287 0.18199999630451202 56 78 92
-0.03465905413031578 0.018085693940520287 0.18199999630451202 48 74 90
-0.03508700802922249 0.018085693940520287 0.18199999630451202 54 80 96
-0.035514961928129196 0.018085693940520287 0.18199999630451202 52 80 97
-0.035942915827035904 0.018085693940520287 0.18199999630451202 47 75 92
-0.03637086972594261 0.018085693940520287 0.18199999630451202 53 76 95
-0.03679882362484932 0.018085693940520287 0.18199999630451202 50 73 92
-0.03702223300933838 0.017986321821808815 0.1809999942779541 43 64 83
-0.03744783625006676 0.017986321821808815 0.1809999942779541 55 76 95
-0.03787343576550484 0.017986321821808815 0.1809999942779541 63 85 97
-0.038299039006233215 0.017986321821808815 0.1809999942779541 56 78 90
-0.038724642246961594 0.017986321821808815 0.1809999942779541 58 75 87
-0.03915024548768997 0.017986321821808815 0.1809999942779541 60 77 89
-0.03957584500312805 0.017986321821808815 0.1809999942779541 60 77 89
-0.04000144824385643 0.017986321821808815 0.1809999942779541 64 81 93
-0.04042705148458481 0.017986321821808815 0.1809999942779541 58 78 93
-0.04085265472531319 0.017986321821808815 0.1809999942779541 47 67 82
-0.041278254240751266 0.017986321821808815 0.1809999942779541 47 74 87
-0.041473452001810074 0.017886949703097343 0.18000000715255737 51 78 91
-0.041896700859069824 0.017886949703097343 0.18000000715255737 46 78 89
-0.04231995344161987 0.017886949703097343 0.18000000715255737 43 75 86
-0.042505741119384766 0.017787577584385872 0.17900000512599945 43 76 89
-0.042926639318466187 0.017787577584385872 0.17900000512599945 47 80 93
-0.043347541242837906 0.017787577584385872 0.17900000512599945 45 80 93
-0.04376843944191933 0.01736667938530445 0.17900000512599945 37 70 83
-0.043942470103502274 0.01726965792477131 0.17800000309944153 41 78 95
-0.044361017644405365 0.01726965792477131 0.17800000309944153 40 77 94
-0.044779568910598755 0.01726965792477131 0.17800000309944153 53 92 108
-0.045198116451501846 0.0176882054656744 0.17800000309944153 39 77 89
-0.04536039009690285 0.01758883334696293 0.1770000010728836 38 72 82
-0.04577658697962761 0.01758883334696293 0.1770000010728836 37 71 81
-0.04619278386235237 0.01758883334696293 0.1770000010728836 43 75 86
-0.04660898074507713 0.01758883334696293 0.1770000010728836 44 76 87
-0.047025177627801895 0.017172638326883316 0.1770000010728836 43 78 91
-0.04717334359884262 0.017489463090896606 0.17599999904632568 44 78 88
-0.04758718982338905 0.017489463090896606 0.17599999904632568 39 75 85
-0.048001036047935486 0.017489463090896606 0.17599999904632568 28 64 74
-0.04841487854719162 0.017075616866350174 0.17599999904632568 36 72 82
-0.04882872477173805 0.017489463090896606 0.17599999904632568 36 70 78
-0.049242570996284485 0.017489463090896606 0.17599999904632568 41 75 83
-0.04965641722083092 0.017489463090896606 0.17599999904632568 47 81 89
-0.05007025972008705 0.017489463090896606 0.17599999904632568 43 79 87
-0.050484105944633484 0.017075616866350174 0.17599999904632568 36 74 86
