-0.02282588556408882 0.018532970920205116 0.13300000131130219 249 255 254
-0.022513151168823242 0.018532970920205116 0.13300000131130219 249 255 254
-0.022200414910912514 0.018532970920205116 0.13300000131130219 249 255 254
-0.021887680515646935 0.018532970920205116 0.13300000131130219 250 255 254
-0.02173716202378273 0.018672315403819084 0.1340000033378601 250 255 254
-0.021422075107693672 0.018672315403819084 0.1340000033378601 249 255 253
-0.021106988191604614 0.018672315403819084 0.1340000033378601 249 255 253
-0.020791901275515556 0.018987402319908142 0.1340000033378601 250 255 251
-0.0204768143594265 0.018987402319908142 0.1340000033378601 250 255 251
-0.02016172930598259 0.018987402319908142 0.1340000033378601 250 255 251
-0.019846642389893532 0.018987402319908142 0.1340000033378601 250 255 251
-0.019531555473804474 0.0193024892359972 0.1340000033378601 250 255 254
-0.019216468557715416 0.019617576152086258 0.1340000033378601 252 255 254
-0.018901381641626358 0.019617576152086258 0.1340000033378601 252 255 254
-0.0185862947255373 0.019932663068175316 0.1340000033378601 252 255 251
-0.018271207809448242 0.020247749984264374 0.1340000033378601 250 255 251
-0.017956120893359184 0.02056283690035343 0.1340000033378601 250 255 251
-0.017956120893359184 0.02087792381644249 0.1340000033378601 252 255 254
-0.017641033977270126 0.02087792381644249 0.1340000033378601 250 255 254
-0.01732594706118107 0.02087792381644249 0.1340000033378601 249 255 253
-0.01701086014509201 0.02087792381644249 0.1340000033378601 238 252 243
-0.016695773229002953 0.02087792381644249 0.1340000033378601 245 255 250
-0.016380686312913895 0.02087792381644249 0.1340000033378601 249 255 254
-0.016185492277145386 0.02103372849524021 0.13500000536441803 249 255 254
-0.015868054702878 0.02103372849524021 0.13500000536441803 250 255 254
-0.015550616197288036 0.02103372849524021 0.13500000536441803 250 255 254
-0.015346015803515911 0.020869744941592216 0.13600000739097595 249 255 254
-0.01502622663974762 0.020869744941592216 0.13600000739097595 249 255 254
-0.014706437475979328 0.020869744941592216 0.13600000739097595 249 255 254
-0.014386647380888462 0.020869744941592216 0.13600000739097595 249 255 254
-0.01406685821712017 0.021189535036683083 0.13600000739097595 252 255 254
-0.013747068122029305 0.021189535036683083 0.13600000739097595 252 255 254
-0.013427278958261013 0.02150932513177395 0.13600000739097595 252 255 251
-0.013107488863170147 0.02150932513177395 0.13600000739097595 252 255 251
-0.012787699699401855 0.021829113364219666 0.13600000739097595 250 255 251
-0.01246790960431099 0.02214890345931053 0.13600000739097595 252 255 251
-0.012148120440542698 0.022468693554401398 0.13600000739097595 250 255 251
-0.011828330345451832 0.022788481786847115 0.13600000739097595 252 255 251
-0.01150854118168354 0.022788481786847115 0.13600000739097595 248 255 253
-0.011271021328866482 0.023278186097741127 0.13699999451637268 249 255 250
-0.010948880575597286 0.023278186097741127 0.13699999451637268 246 255 254
-0.01062673982232809 0.023278186097741127 0.13699999451637268 246 255 254
-0.010304599069058895 0.023278186097741127 0.13699999451637268 246 255 255
-0.009982457384467125 0.023278186097741127 0.13699999451637268 244 255 254
-0.009982457384467125 0.023278186097741127 0.13699999451637268 244 255 254
-0.010304599069058895 0.023278186097741127 0.13699999451637268 246 255 255
-0.01062673982232809 0.023278186097741127 0.13699999451637268 246 255 254
-0.010948880575597286 0.023278186097741127 0.13699999451637268 246 255 254
-0.011271021328866482 0.023278186097741127 0.13699999451637268 249 255 250
-0.01150854118168354 0.022788481786847115 0.13600000739097595 248 255 253
-0.011828330345451832 0.022468693554401398 0.13600000739097595 250 255 251
-0.012148120440542698 0.02214890345931053 0.13600000739097595 250 255 251
-0.01246790960431099 0.021829113364219666 0.13600000739097595 250 255 251
-0.012787699699401855 0.02150932513177395 0.13600000739097595 250 255 254
-0.013107488863170147 0.02150932513177395 0.13600000739097595 252 255 251
-0.013427278958261013 0.021189535036683083 0.13600000739097595 250 255 254
-0.013747068122029305 0.021189535036683083 0.13600000739097595 252 255 254
-0.01406685821712017 0.021189535036683083 0.13600000739097595 252 255 254
-0.014386647380888462 0.020869744941592216 0.13600000739097595 249 255 254
-0.014706437475979328 0.020869744941592216 0.13600000739097595 249 255 254
-0.01502622663974762 0.020869744941592216 0.13600000739097595 249 255 254
-0.015346015803515911 0.020869744941592216 0.13600000739097595 249 255 254
-0.015550616197288036 0.020716290920972824 0.13500000536441803 249 255 254
-0.015868054702878 0.02103372849524021 0.13500000536441803 250 255 254
-0.016185492277145386 0.02103372849524021 0.13500000536441803 249 255 254
-0.016380686312913895 0.02087792381644249 0.1340000033378601 249 255 254
-0.016695773229002953 0.02087792381644249 0.1340000033378601 245 255 250
-0.01701086014509201 0.02087792381644249 0.1340000033378601 238 252 243
-0.01732594706118107 0.02087792381644249 0.1340000033378601 249 255 253
-0.017641033977270126 0.02087792381644249 0.1340000033378601 250 255 254
-0.017956120893359184 0.02056283690035343 0.1340000033378601 250 255 251
-0.018271207809448242 0.020247749984264374 0.1340000033378601 250 255 251
-0.018271207809448242 0.019932663068175316 0.1340000033378601 249 255 251
-0.0185862947255373 0.019617576152086258 0.1340000033378601 252 255 254
-0.018901381641626358 0.019617576152086258 0.1340000033378601 252 255 254
-0.019216468557715416 0.0193024892359972 0.1340000033378601 250 255 254
-0.019531555473804474 0.0193024892359972 0.1340000033378601 250 255 254
-0.019846642389893532 0.018987402319908142 0.1340000033378601 250 255 251
-0.02016172930598259 0.018987402319908142 0.1340000033378601 250 255 251
-0.0204768143594265 0.018987402319908142 0.1340000033378601 250 255 251
-0.020791901275515556 0.018987402319908142 0.1340000033378601 250 255 251
-0.021106988191604614 0.018672315403819084 0.1340000033378601 249 255 253
-0.021422075107693672 0.018672315403819084 0.1340000033378601 249 255 253
-0.02173716202378273 0.018672315403819084 0.1340000033378601 250 255 254
-0.021887680515646935 0.018532970920205116 0.13300000131130219 250 255 254
-0.022200414910912514 0.018532970920205116 0.13300000131130219 249 255 254
-0.022513151168823242 0.018532970920205116 0.13300000131130219 249 255 254
-0.02282588556408882 0.018532970920205116 0.13300000131130219 249 255 254
-0.04031079635024071 0.01785934716463089 0.13500000536441803 250 255 251
-0.03999335691332817 0.018176784738898277 0.13500000536441803 250 255 254
-0.039675917476415634 0.018176784738898277 0.13500000536441803 250 255 254
-0.039358481764793396 0.018176784738898277 0.13500000536441803 250 255 251
-0.03904104232788086 0.018176784738898277 0.13500000536441803 249 255 250
-0.03901044651865959 0.018311427906155586 0.13600000739097595 250 255 251
-0.038690656423568726 0.018311427906155586 0.13600000739097595 250 255 251
-0.03837086632847786 0.018311427906155586 0.13600000739097595 250 255 251
-0.03777128830552101 0.018176784738898277 0.13500000536441803 250 255 251
-0.03745385259389877 0.01785934716463089 0.13500000536441803 250 255 254
-0.03713641315698624 0.017541909590363503 0.13500000536441803 246 255 255
-0.0368189737200737 0.017541909590363503 0.13500000536441803 247 255 252
-0.036231156438589096 0.017411969602108 0.1340000033378601 248 255 253
-0.03591606765985489 0.017411969602108 0.1340000033378601 249 255 253
-0.03560098260641098 0.017411969602108 0.1340000033378601 249 255 253
-0.03528589382767677 0.017411969602108 0.1340000033378601 247 255 254
-0.034709833562374115 0.01759476400911808 0.13300000131130219 250 255 254
-0.03439709544181824 0.01790750026702881 0.13300000131130219 250 255 251
-0.03408436104655266 0.01790750026702881 0.13300000131130219 250 255 251
-0.03377162665128708 0.018220234662294388 0.13300000131130219 250 255 251
-0.03377162665128708 0.01790750026702881 0.13300000131130219 249 255 251
-0.03408436104655266 0.01790750026702881 0.13300000131130219 250 255 251
-0.03439709544181824 0.01759476400911808 0.13300000131130219 249 255 254
-0.034709833562374115 0.01759476400911808 0.13300000131130219 250 255 254
-0.03528589382767677 0.017411969602108 0.1340000033378601 247 255 254
-0.03560098260641098 0.017411969602108 0.1340000033378601 249 255 253
-0.03591606765985489 0.017411969602108 0.1340000033378601 249 255 253
-0.036231156438589096 0.017411969602108 0.1340000033378601 248 255 253
-0.0368189737200737 0.017541909590363503 0.13500000536441803 247 255 252
-0.03713641315698624 0.017541909590363503 0.13500000536441803 246 255 255
-0.03745385259389877 0.01785934716463089 0.13500000536441803 250 255 254
-0.03777128830552101 0.01785934716463089 0.13500000536441803 249 255 255
-0.03837086632847786 0.018311427906155586 0.13600000739097595 250 255 251
-0.038690656423568726 0.018311427906155586 0.13600000739097595 250 255 251
-0.03901044651865959 0.018311427906155586 0.13600000739097595 250 255 251
-0.03904104232788086 0.018176784738898277 0.13500000536441803 249 255 250
-0.039358481764793396 0.018176784738898277 0.13500000536441803 250 255 251
-0.039675917476415634 0.018176784738898277 0.13500000536441803 250 255 254
-0.03999335691332817 0.01785934716463089 0.13500000536441803 252 255 251
-0.04031079635024071 0.017541909590363503 0.13500000536441803 250 255 254
