0.005760096944868565 0.005519844591617584 0.13600000739097595 232 255 254
0.005440307315438986 0.005839634221047163 0.13600000739097595 240 255 250
0.005120517686009407 0.005839634221047163 0.13600000739097595 241 255 251
0.004800728056579828 0.005839634221047163 0.13600000739097595 236 255 255
0.004800728056579828 0.006159423850476742 0.13600000739097595 243 255 253
0.0044809384271502495 0.006479213479906321 0.13600000739097595 246 255 250
0.004130552057176828 0.006749010644853115 0.13500000536441803 247 255 254
0.0038131140172481537 0.00706644868478179 0.13500000536441803 250 255 249
0.0038131140172481537 0.0073838867247104645 0.13500000536441803 250 255 249
0.0038131140172481537 0.0077013252303004265 0.13500000536441803 249 255 249
0.0034956757444888353 0.008018762804567814 0.13500000536441803 229 252 248
0.0038131140172481537 0.008018762804567814 0.13500000536441803 247 255 249
0.004099955316632986 0.007959364913403988 0.1340000033378601 247 255 249
0.004415042232722044 0.008274451829493046 0.1340000033378601 250 255 249
0.004730129148811102 0.008274451829493046 0.1340000033378601 250 255 249
0.00504521606490016 0.008274451829493046 0.1340000033378601 250 255 249
0.004730129148811102 0.008274451829493046 0.1340000033378601 250 255 249
0.004415042232722044 0.008274451829493046 0.1340000033378601 250 255 249
0.004099955316632986 0.007959364913403988 0.1340000033378601 247 255 249
0.0038131140172481537 0.0077013252303004265 0.13500000536441803 249 255 249
0.0038131140172481537 0.0073838867247104645 0.13500000536441803 250 255 249
0.004130552057176828 0.00706644868478179 0.13500000536441803 250 255 249
0.00444799056276679 0.006749010644853115 0.13500000536441803 249 255 251
0.0044809384271502495 0.006479213479906321 0.13600000739097595 246 255 250
0.004800728056579828 0.006159423850476742 0.13600000739097595 243 255 253
0.005120517686009407 0.005839634221047163 0.13600000739097595 241 255 251
0.005440307315438986 0.005839634221047163 0.13600000739097595 240 255 250
0.005760096944868565 0.005519844591617584 0.13600000739097595 232 255 254
0.006124591454863548 0.005560431629419327 0.13699999451637268 233 255 255
0.006446732208132744 0.005560431629419327 0.13699999451637268 231 255 255
0.006768873427063227 0.005560431629419327 0.13699999451637268 231 255 255
0.007091014180332422 0.005560431629419327 0.13699999451637268 231 255 255
0.007413155399262905 0.005560431629419327 0.13699999451637268 231 255 255
0.007735296152532101 0.005560431629419327 0.13699999451637268 231 255 255
0.008057436905801296 0.005560431629419327 0.13699999451637268 230 255 255
0.008379578590393066 0.005560431629419327 0.13699999451637268 236 255 255
0.008701719343662262 0.00588257284834981 0.13699999451637268 247 255 251
0.009023860096931458 0.00588257284834981 0.13699999451637268 246 255 250
0.009346000850200653 0.00588257284834981 0.13699999451637268 247 255 251
0.009597571566700935 0.005839634221047163 0.13600000739097595 247 255 255
0.009917361661791801 0.005839634221047163 0.13600000739097595 245 255 254
0.010237150825560093 0.006159423850476742 0.13600000739097595 248 255 253
0.010556940920650959 0.006159423850476742 0.13600000739097595 249 255 254
0.01087673008441925 0.006479213479906321 0.13600000739097595 247 255 254
0.011114192195236683 0.006749010644853115 0.13500000536441803 250 255 251
0.011431630700826645 0.00706644868478179 0.13500000536441803 247 255 254
0.011749069206416607 0.0073838867247104645 0.13500000536441803 252 255 251
0.012066506780683994 0.0073838867247104645 0.13500000536441803 243 250 244
0.012475678697228432 0.007438582368195057 0.13600000739097595 179 186 180
0.012795467860996723 0.007438582368195057 0.13600000739097595 198 202 195
0.013115257024765015 0.007438582368195057 0.13600000739097595 249 253 246
0.01343504711985588 0.007438582368195057 0.13600000739097595 254 255 251
0.013754836283624172 0.007118792738765478 0.13600000739097595 250 255 249
0.014074626378715038 0.007118792738765478 0.13600000739097595 249 255 251
0.01450025662779808 0.0071711367927491665 0.13699999451637268 249 255 251
0.01482239831238985 0.0071711367927491665 0.13699999451637268 246 255 251
0.015144539065659046 0.0071711367927491665 0.13699999451637268 246 255 251
0.015466679818928242 0.0071711367927491665 0.13699999451637268 246 255 251
0.01590406708419323 0.007223480846732855 0.1379999965429306 246 255 251
0.016673002392053604 0.007602668832987547 0.13899999856948853 249 255 250
0.016999846324324608 0.007602668832987547 0.13899999856948853 247 255 251
0.01732669025659561 0.007929512299597263 0.13899999856948853 250 255 251
0.017653534188866615 0.008256356231868267 0.13899999856948853 252 255 251
0.01798037812113762 0.008256356231868267 0.13899999856948853 252 255 251
0.018307222053408623 0.00858320016413927 0.13899999856948853 249 255 255
0.018307222053408623 0.008910044096410275 0.13899999856948853 250 255 251
0.018634064123034477 0.00858320016413927 0.13899999856948853 230 238 237
0.01896090805530548 0.008910044096410275 0.13899999856948853 213 222 213
0.019287751987576485 0.008910044096410275 0.13899999856948853 205 214 205
0.02008490450680256 0.008974145166575909 0.14000000059604645 250 255 249
0.020414099097251892 0.008644949644804 0.14000000059604645 250 255 254
0.020414099097251892 0.008644949644804 0.14000000059604645 250 255 254
0.02008490450680256 0.008644949644804 0.14000000059604645 249 255 255
0.019287751987576485 0.008910044096410275 0.13899999856948853 205 214 205
0.01896090805530548 0.008910044096410275 0.13899999856948853 213 222 213
0.018634064123034477 0.00858320016413927 0.13899999856948853 230 238 237
0.018307222053408623 0.008256356231868267 0.13899999856948853 245 255 255
0.01798037812113762 0.008256356231868267 0.13899999856948853 252 255 251
0.017653534188866615 0.007929512299597263 0.13899999856948853 250 255 255
0.01732669025659561 0.007602668832987547 0.13899999856948853 244 255 248
0.016999846324324608 0.007602668832987547 0.13899999856948853 247 255 251
0.01590406708419323 0.007223480846732855 0.1379999965429306 246 255 251
0.015466679818928242 0.0071711367927491665 0.13699999451637268 246 255 251
0.015144539065659046 0.0071711367927491665 0.13699999451637268 246 255 251
0.01482239831238985 0.0071711367927491665 0.13699999451637268 246 255 251
0.01450025662779808 0.0071711367927491665 0.13699999451637268 249 255 251
0.014074626378715038 0.007118792738765478 0.13600000739097595 249 255 251
0.013754836283624172 0.007118792738765478 0.13600000739097595 250 255 249
0.01343504711985588 0.007118792738765478 0.13600000739097595 246 253 245
0.013115257024765015 0.007438582368195057 0.13600000739097595 249 253 246
0.012795467860996723 0.007438582368195057 0.13600000739097595 198 202 195
0.012475678697228432 0.007438582368195057 0.13600000739097595 179 186 180
0.012066506780683994 0.0073838867247104645 0.13500000536441803 243 250 244
0.011749069206416607 0.00706644868478179 0.13500000536441803 246 255 253
0.011431630700826645 0.006749010644853115 0.13500000536441803 246 255 254
0.011114192195236683 0.006431572139263153 0.13500000536441803 246 255 253
0.01087673008441925 0.006159423850476742 0.13600000739097595 236 251 250
0.010556940920650959 0.006159423850476742 0.13600000739097595 249 255 254
0.010237150825560093 0.006159423850476742 0.13600000739097595 248 255 253
0.009917361661791801 0.005839634221047163 0.13600000739097595 245 255 254
0.009597571566700935 0.005839634221047163 0.13600000739097595 247 255 255
0.009346000850200653 0.00588257284834981 0.13699999451637268 247 255 251
0.009023860096931458 0.00588257284834981 0.13699999451637268 246 255 250
0.008701719343662262 0.00588257284834981 0.13699999451637268 247 255 251
0.008379578590393066 0.005560431629419327 0.13699999451637268 236 255 255
0.008057436905801296 0.005560431629419327 0.13699999451637268 230 255 255
0.007735296152532101 0.005560431629419327 0.13699999451637268 231 255 255
0.007413155399262905 0.005560431629419327 0.13699999451637268 231 255 255
0.007091014180332422 0.005560431629419327 0.13699999451637268 231 255 255
0.006768873427063227 0.005560431629419327 0.13699999451637268 231 255 255
0.006446732208132744 0.005560431629419327 0.13699999451637268 231 255 255
0.006124591454863548 0.005560431629419327 0.13699999451637268 233 255 255
-0.009871856309473515 0.006340583320707083 0.14000000059604645 237 249 241
-0.009542661719024181 0.006340583320707083 0.14000000059604645 223 235 227
-0.009213466197252274 0.006340583320707083 0.14000000059604645 248 255 250
-0.008884270675480366 0.006340583320707083 0.14000000059604645 249 255 251
-0.008555076085031033 0.006011388264596462 0.14000000059604645 247 255 251
-0.008167124353349209 0.005968449637293816 0.13899999856948853 247 255 251
-0.007840280421078205 0.005641606170684099 0.13899999856948853 249 255 251
-0.007513436954468489 0.005641606170684099 0.13899999856948853 247 255 249
-0.007186593022197485 0.005641606170684099 0.13899999856948853 250 255 251
-0.0068597495555877686 0.0053147622384130955 0.13899999856948853 247 248 239
-0.006532905623316765 0.0053147622384130955 0.13899999856948853 247 249 233
-0.006206061691045761 0.005641606170684099 0.13899999856948853 250 255 249
-0.005836921744048595 0.005601019132882357 0.1379999965429306 250 255 251
-0.005512429401278496 0.005601019132882357 0.1379999965429306 249 255 250
-0.005187936592847109 0.005601019132882357 0.1379999965429306 245 253 252
-0.004828202072530985 0.00588257284834981 0.13699999451637268 250 255 251
-0.004506060853600502 0.00588257284834981 0.13699999451637268 246 255 255
-0.0041839201003313065 0.006204713601619005 0.13699999451637268 250 255 251
-0.0038617791142314672 0.006526854820549488 0.13699999451637268 247 255 255
-0.0038617791142314672 0.006848995573818684 0.13699999451637268 250 255 254
-0.003539638128131628 0.0071711367927491665 0.13699999451637268 251 255 250
-0.003539638128131628 0.007493277546018362 0.13699999451637268 251 255 250
-0.003833591006696224 0.007758371997624636 0.13600000739097595 252 255 251
-0.004153380636125803 0.007758371997624636 0.13600000739097595 252 255 251
-0.004473170265555382 0.007758371997624636 0.13600000739097595 252 255 251
-0.0047929598949849606 0.007758371997624636 0.13600000739097595 252 255 251
-0.005112749524414539 0.007758371997624636 0.13600000739097595 252 255 251
-0.005432538688182831 0.007758371997624636 0.13600000739097595 252 255 251
-0.005794624797999859 0.007815418764948845 0.13699999451637268 252 255 251
-0.006161414086818695 0.007872465997934341 0.1379999965429306 252 255 251
-0.006485906429588795 0.007872465997934341 0.1379999965429306 252 255 251
-0.006810398772358894 0.007872465997934341 0.1379999965429306 252 255 251
-0.007186593022197485 0.007929512299597263 0.13899999856948853 252 255 251
-0.007513436954468489 0.007929512299597263 0.13899999856948853 252 255 251
-0.007840280421078205 0.007929512299597263 0.13899999856948853 252 255 251
-0.008167124353349209 0.007929512299597263 0.13899999856948853 252 255 251
-0.008555076085031033 0.00798655953258276 0.14000000059604645 252 255 251
-0.008167124353349209 0.007929512299597263 0.13899999856948853 252 255 251
-0.007840280421078205 0.007929512299597263 0.13899999856948853 252 255 251
-0.007513436954468489 0.007929512299597263 0.13899999856948853 252 255 251
-0.007186593022197485 0.007929512299597263 0.13899999856948853 252 255 251
-0.006810398772358894 0.007872465997934341 0.1379999965429306 252 255 251
-0.006485906429588795 0.007872465997934341 0.1379999965429306 252 255 251
-0.006161414086818695 0.007872465997934341 0.1379999965429306 252 255 251
-0.005794624797999859 0.007815418764948845 0.13699999451637268 252 255 251
-0.005432538688182831 0.007758371997624636 0.13600000739097595 252 255 251
-0.005112749524414539 0.007758371997624636 0.13600000739097595 252 255 251
-0.0047929598949849606 0.007758371997624636 0.13600000739097595 252 255 251
-0.004473170265555382 0.007758371997624636 0.13600000739097595 252 255 251
-0.004153380636125803 0.007758371997624636 0.13600000739097595 252 255 251
-0.003833591006696224 0.007758371997624636 0.13600000739097595 252 255 251
-0.003539638128131628 0.007815418764948845 0.13699999451637268 252 255 251
-0.003217497142031789 0.007815418764948845 0.13699999451637268 236 247 243
-0.003539638128131628 0.007493277546018362 0.13699999451637268 251 255 250
-0.003539638128131628 0.0071711367927491665 0.13699999451637268 251 255 250
-0.003539638128131628 0.006848995573818684 0.13699999451637268 250 255 254
-0.0038617791142314672 0.006526854820549488 0.13699999451637268 247 255 255
-0.0038617791142314672 0.006204713601619005 0.13699999451637268 245 255 255
-0.004506060853600502 0.00588257284834981 0.13699999451637268 246 255 255
-0.004828202072530985 0.00588257284834981 0.13699999451637268 250 255 251
-0.005187936592847109 0.005601019132882357 0.1379999965429306 245 253 252
-0.005512429401278496 0.005601019132882357 0.1379999965429306 249 255 250
-0.005836921744048595 0.005601019132882357 0.1379999965429306 250 255 251
-0.006206061691045761 0.005641606170684099 0.13899999856948853 250 255 249
-0.006532905623316765 0.0053147622384130955 0.13899999856948853 247 249 233
-0.0068597495555877686 0.0053147622384130955 0.13899999856948853 247 248 239
-0.007186593022197485 0.005641606170684099 0.13899999856948853 250 255 251
-0.007513436954468489 0.005641606170684099 0.13899999856948853 247 255 249
-0.007840280421078205 0.005641606170684099 0.13899999856948853 249 255 251
-0.008167124353349209 0.005641606170684099 0.13899999856948853 241 254 249
-0.008555076085031033 0.006011388264596462 0.14000000059604645 247 255 251
-0.008884270675480366 0.006011388264596462 0.14000000059604645 244 255 254
-0.009213466197252274 0.006340583320707083 0.14000000059604645 248 255 250
-0.009542661719024181 0.006340583320707083 0.14000000059604645 223 235 227
-0.009871856309473515 0.006340583320707083 0.14000000059604645 237 249 241
