-0.009853302501142025 0.008397235535085201 0.13099999725818634 239 252 249
-0.010161335580050945 0.008705267682671547 0.13099999725818634 243 255 255
-0.010469367727637291 0.009013300761580467 0.13099999725818634 246 255 253
-0.010777400806546211 0.009629365988075733 0.13099999725818634 247 255 251
-0.010469367727637291 0.009321332909166813 0.13099999725818634 249 255 250
-0.010161335580050945 0.009013300761580467 0.13099999725818634 246 255 253
-0.009853302501142025 0.008705267682671547 0.13099999725818634 243 255 253
-0.00954527035355568 0.008397235535085201 0.13099999725818634 239 252 249
-0.009237237274646759 0.008397235535085201 0.13099999725818634 240 251 247
-0.008929204195737839 0.008397235535085201 0.13099999725818634 240 251 247
-0.008621172048151493 0.008397235535085201 0.13099999725818634 238 249 245
-0.008313138969242573 0.008397235535085201 0.13099999725818634 235 246 242
-0.008005106821656227 0.008397235535085201 0.13099999725818634 227 243 234
-0.00775583041831851 0.008461336605250835 0.13199999928474426 216 232 223
-0.007445446215569973 0.008771720342338085 0.13199999928474426 245 255 253
-0.007135062478482723 0.008771720342338085 0.13199999928474426 244 255 252
-0.006824678275734186 0.008771720342338085 0.13199999928474426 245 255 249
-0.006514294538646936 0.008771720342338085 0.13199999928474426 239 251 243
-0.0062509095296263695 0.009150908328592777 0.13300000131130219 249 255 251
-0.00589352659881115 0.009082104079425335 0.13199999928474426 247 255 249
-0.0055831423960626125 0.009082104079425335 0.13199999928474426 236 248 240
-0.0052727581933140755 0.00939248874783516 0.13199999928474426 249 255 251
-0.004962374456226826 0.00939248874783516 0.13199999928474426 243 255 253
-0.004651990253478289 0.009702872484922409 0.13199999928474426 249 255 251
-0.004341606516391039 0.010013256222009659 0.13199999928474426 249 255 255
-0.004031222313642502 0.010323640890419483 0.13199999928474426 250 255 251
-0.0037208383437246084 0.010634024627506733 0.13199999928474426 252 255 254
-0.0034104541409760714 0.010944408364593983 0.13199999928474426 252 255 251
-0.0034104541409760714 0.011254793033003807 0.13199999928474426 252 255 251
-0.003100070171058178 0.011565176770091057 0.13199999928474426 251 255 250
-0.0027896862011402845 0.011254793033003807 0.13199999928474426 152 156 149
-0.002479302231222391 0.011565176770091057 0.13199999928474426 243 247 242
-0.002185349352657795 0.011340056546032429 0.13300000131130219 236 242 240
-0.0018726140260696411 0.011340056546032429 0.13300000131130219 248 255 255
-0.0015598785830661654 0.011340056546032429 0.13300000131130219 249 255 255
-0.0012471431400626898 0.011340056546032429 0.13300000131130219 246 255 255
-0.0009414333617314696 0.011110233142971992 0.1340000033378601 218 232 234
-0.0006263465620577335 0.011110233142971992 0.1340000033378601 220 233 230
-0.00031125976238399744 0.01142532005906105 0.1340000033378601 246 255 255
3.827043201454217e-06 0.01142532005906105 0.1340000033378601 245 255 252
0.00031891383696347475 0.01142532005906105 0.1340000033378601 245 255 252
0.0006340006366372108 0.011740406975150108 0.1340000033378601 247 255 254
0.0009490874363109469 0.011740406975150108 0.1340000033378601 245 255 252
0.001264174235984683 0.012055492959916592 0.1340000033378601 250 255 251
0.0015792610356584191 0.01237057987600565 0.1340000033378601 250 255 251
0.0018943478353321552 0.01237057987600565 0.1340000033378601 247 254 246
0.002209434751421213 0.012685666792094707 0.1340000033378601 249 255 248
0.0025245214346796274 0.013000753708183765 0.1340000033378601 249 255 246
0.0025245214346796274 0.013315840624272823 0.1340000033378601 250 255 249
0.0028396083507686853 0.013630927540361881 0.1340000033378601 246 253 247
0.0028396083507686853 0.01394601445645094 0.1340000033378601 249 255 250
0.003178237471729517 0.014367527328431606 0.13500000536441803 251 255 250
0.0034956757444888353 0.014367527328431606 0.13500000536441803 243 247 242
0.0038131140172481537 0.014367527328431606 0.13500000536441803 229 236 230
0.004130552057176828 0.014367527328431606 0.13500000536441803 232 239 233
0.00444799056276679 0.014367527328431606 0.13500000536441803 248 255 255
0.004800728056579828 0.014473953284323215 0.13600000739097595 248 255 255
0.005120517686009407 0.014154164120554924 0.13600000739097595 247 255 255
0.005440307315438986 0.014154164120554924 0.13600000739097595 247 255 255
0.005760096944868565 0.014154164120554924 0.13600000739097595 251 251 251
0.006079886574298143 0.014154164120554924 0.13600000739097595 250 250 250
0.006399676203727722 0.014154164120554924 0.13600000739097595 245 246 242
0.006719465367496014 0.014154164120554924 0.13600000739097595 233 234 230
0.006719465367496014 0.014154164120554924 0.13600000739097595 233 234 230
0.006399676203727722 0.014154164120554924 0.13600000739097595 245 246 242
0.006079886574298143 0.014154164120554924 0.13600000739097595 250 250 250
0.005760096944868565 0.014154164120554924 0.13600000739097595 251 251 251
0.005440307315438986 0.014154164120554924 0.13600000739097595 247 255 255
0.005120517686009407 0.014154164120554924 0.13600000739097595 247 255 255
0.004800728056579828 0.014154164120554924 0.13600000739097595 247 254 255
0.00444799056276679 0.014367527328431606 0.13500000536441803 248 255 255
0.004130552057176828 0.014367527328431606 0.13500000536441803 232 239 233
0.0038131140172481537 0.014367527328431606 0.13500000536441803 229 236 230
0.0034956757444888353 0.014367527328431606 0.13500000536441803 243 247 242
0.003178237471729517 0.014050088822841644 0.13500000536441803 226 234 231
0.0028396083507686853 0.013630927540361881 0.1340000033378601 246 253 247
0.0028396083507686853 0.013315840624272823 0.1340000033378601 232 239 231
0.0025245214346796274 0.013000753708183765 0.1340000033378601 249 255 246
0.0025245214346796274 0.012685666792094707 0.1340000033378601 232 240 229
0.002209434751421213 0.01237057987600565 0.1340000033378601 226 233 225
0.0018943478353321552 0.01237057987600565 0.1340000033378601 247 254 246
0.0015792610356584191 0.012055492959916592 0.1340000033378601 240 247 241
0.001264174235984683 0.011740406975150108 0.1340000033378601 230 238 235
0.0009490874363109469 0.011740406975150108 0.1340000033378601 245 255 252
0.0006340006366372108 0.01142532005906105 0.1340000033378601 226 237 233
0.00031891383696347475 0.01142532005906105 0.1340000033378601 245 255 252
3.827043201454217e-06 0.01142532005906105 0.1340000033378601 245 255 252
-0.00031125976238399744 0.01142532005906105 0.1340000033378601 246 255 255
-0.0006263465620577335 0.011110233142971992 0.1340000033378601 220 233 230
-0.0009414333617314696 0.011110233142971992 0.1340000033378601 218 232 234
-0.0012471431400626898 0.011340056546032429 0.13300000131130219 246 255 255
-0.0015598785830661654 0.011340056546032429 0.13300000131130219 249 255 255
-0.0018726140260696411 0.011340056546032429 0.13300000131130219 248 255 255
-0.002185349352657795 0.011340056546032429 0.13300000131130219 236 242 240
-0.002479302231222391 0.011565176770091057 0.13199999928474426 243 247 242
-0.0027896862011402845 0.011254793033003807 0.13199999928474426 152 156 149
-0.003100070171058178 0.011254793033003807 0.13199999928474426 240 244 237
-0.0034104541409760714 0.010944408364593983 0.13199999928474426 252 255 251
-0.0034104541409760714 0.010634024627506733 0.13199999928474426 237 240 239
-0.0037208383437246084 0.010323640890419483 0.13199999928474426 239 245 245
-0.004031222313642502 0.010013256222009659 0.13199999928474426 247 255 254
-0.004341606516391039 0.009702872484922409 0.13199999928474426 230 245 244
-0.004651990253478289 0.00939248874783516 0.13199999928474426 226 241 236
-0.004962374456226826 0.00939248874783516 0.13199999928474426 243 255 253
-0.0052727581933140755 0.00939248874783516 0.13199999928474426 249 255 251
-0.0055831423960626125 0.009082104079425335 0.13199999928474426 236 248 240
-0.00589352659881115 0.009082104079425335 0.13199999928474426 247 255 249
-0.0062509095296263695 0.009150908328592777 0.13300000131130219 249 255 251
-0.006514294538646936 0.008771720342338085 0.13199999928474426 239 251 243
-0.006824678275734186 0.008771720342338085 0.13199999928474426 245 255 249
-0.007135062478482723 0.008771720342338085 0.13199999928474426 244 255 252
-0.007445446215569973 0.008771720342338085 0.13199999928474426 245 255 253
-0.00775583041831851 0.008461336605250835 0.13199999928474426 216 232 223
-0.008005106821656227 0.008397235535085201 0.13099999725818634 227 243 234
-0.008313138969242573 0.008397235535085201 0.13099999725818634 235 246 242
-0.008621172048151493 0.008397235535085201 0.13099999725818634 238 249 245
-0.008929204195737839 0.008397235535085201 0.13099999725818634 240 251 247
-0.009237237274646759 0.008397235535085201 0.13099999725818634 240 251 247
-0.00954527035355568 0.008397235535085201 0.13099999725818634 239 252 249
-0.02822689525783062 0.006898988503962755 0.1379999965429306 248 255 255
-0.028551388531923294 0.006898988503962755 0.1379999965429306 241 249 250
-0.02887587994337082 0.007223480846732855 0.1379999965429306 243 255 255
-0.029200373217463493 0.0075479731895029545 0.1379999965429306 235 248 245
-0.029200373217463493 0.007872465997934341 0.1379999965429306 247 255 254
-0.02952486462891102 0.008196958340704441 0.1379999965429306 247 255 255
-0.029849357903003693 0.00852145068347454 0.1379999965429306 238 241 240
-0.029849357903003693 0.00884594302624464 0.1379999965429306 251 255 248
-0.030173849314451218 0.00917043536901474 0.1379999965429306 242 248 246
-0.030173849314451218 0.00949492771178484 0.1379999965429306 249 255 253
-0.030173849314451218 0.00949492771178484 0.1379999965429306 249 255 253
-0.029849357903003693 0.00917043536901474 0.1379999965429306 252 255 249
-0.029849357903003693 0.00884594302624464 0.1379999965429306 251 255 248
-0.02952486462891102 0.00852145068347454 0.1379999965429306 252 255 254
-0.029200373217463493 0.008196958340704441 0.1379999965429306 250 255 254
-0.029200373217463493 0.007872465997934341 0.1379999965429306 247 255 254
-0.02887587994337082 0.0075479731895029545 0.1379999965429306 246 255 255
-0.028551388531923294 0.007223480846732855 0.1379999965429306 250 255 254
-0.02822689525783062 0.006898988503962755 0.1379999965429306 248 255 255
-0.024300124496221542 0.007438582368195057 0.13600000739097595 212 220 221
-0.023980334401130676 0.007758371997624636 0.13600000739097595 249 255 255
-0.02366054616868496 0.007438582368195057 0.13600000739097595 249 255 255
-0.023169131949543953 0.00706644868478179 0.13500000536441803 244 254 255
-0.022851694375276566 0.00706644868478179 0.13500000536441803 247 255 254
-0.022534256801009178 0.00706644868478179 0.13500000536441803 248 255 255
-0.02221681736409664 0.00706644868478179 0.13500000536441803 249 255 253
-0.021899379789829254 0.00706644868478179 0.13500000536441803 249 255 253
-0.021422075107693672 0.007014104630798101 0.1340000033378601 248 255 249
-0.021106988191604614 0.007014104630798101 0.1340000033378601 248 255 249
-0.020791901275515556 0.007014104630798101 0.1340000033378601 245 254 245
-0.0204768143594265 0.007329191546887159 0.1340000033378601 249 255 254
-0.02001126855611801 0.007274495903402567 0.13300000131130219 244 255 251
-0.019698532298207283 0.007587231229990721 0.13300000131130219 248 255 253
-0.019385796040296555 0.007899967022240162 0.13300000131130219 249 255 254
-0.019073061645030975 0.008212702348828316 0.13300000131130219 250 255 251
-0.018760325387120247 0.00852543767541647 0.13300000131130219 250 255 245
-0.018760325387120247 0.00852543767541647 0.13300000131130219 250 255 245
-0.018760325387120247 0.008212702348828316 0.13300000131130219 243 247 242
-0.019073061645030975 0.007899967022240162 0.13300000131130219 245 253 250
-0.019385796040296555 0.007587231229990721 0.13300000131130219 235 248 243
-0.019698532298207283 0.007274495903402567 0.13300000131130219 214 225 221
-0.02001126855611801 0.007274495903402567 0.13300000131130219 244 255 251
-0.0204768143594265 0.007329191546887159 0.1340000033378601 249 255 254
-0.020791901275515556 0.007014104630798101 0.1340000033378601 245 254 245
-0.021106988191604614 0.007014104630798101 0.1340000033378601 248 255 249
-0.021422075107693672 0.007014104630798101 0.1340000033378601 248 255 249
-0.021899379789829254 0.00706644868478179 0.13500000536441803 249 255 253
-0.02221681736409664 0.00706644868478179 0.13500000536441803 249 255 253
-0.022534256801009178 0.00706644868478179 0.13500000536441803 248 255 255
-0.022851694375276566 0.00706644868478179 0.13500000536441803 247 255 254
-0.023169131949543953 0.00706644868478179 0.13500000536441803 244 254 255
-0.02348657138645649 0.00706644868478179 0.13500000536441803 231 241 244
-0.023980334401130676 0.007438582368195057 0.13600000739097595 244 252 253
-0.024300124496221542 0.007438582368195057 0.13600000739097595 212 220 221
