-0.00846159178763628 0.004870451055467129 0.11999999731779099 246 255 251
-0.00874375831335783 0.005152618512511253 0.11999999731779099 248 255 253
-0.009025925770401955 0.005434785969555378 0.11999999731779099 249 255 254
-0.00930809322744608 0.005716952960938215 0.11999999731779099 249 255 251
-0.009590260684490204 0.00599912041798234 0.11999999731779099 249 255 249
-0.00930809322744608 0.00599912041798234 0.11999999731779099 249 255 249
-0.009025925770401955 0.005716952960938215 0.11999999731779099 249 255 251
-0.00874375831335783 0.005434785969555378 0.11999999731779099 249 255 254
-0.00846159178763628 0.005152618512511253 0.11999999731779099 249 255 254
-0.008179424330592155 0.004870451055467129 0.11999999731779099 246 255 251
-0.00789725687354803 0.004870451055467129 0.11999999731779099 246 255 251
-0.007615089416503906 0.004870451055467129 0.11999999731779099 246 255 251
-0.007332922425121069 0.004870451055467129 0.11999999731779099 246 255 251
-0.007050754968076944 0.004870451055467129 0.11999999731779099 246 255 251
-0.00676858751103282 0.004870451055467129 0.11999999731779099 246 255 251
-0.0064864205196499825 0.004870451055467129 0.11999999731779099 246 255 251
-0.006204253062605858 0.004870451055467129 0.11999999731779099 246 255 251
-0.005922085605561733 0.004870451055467129 0.11999999731779099 246 255 251
-0.005639918614178896 0.004870451055467129 0.11999999731779099 247 255 254
-0.005402399227023125 0.0051955571398139 0.12099999934434891 250 255 254
-0.005117880646139383 0.0051955571398139 0.12099999934434891 250 255 254
-0.004833361599594355 0.0051955571398139 0.12099999934434891 250 255 254
-0.004548843018710613 0.0051955571398139 0.12099999934434891 249 255 254
-0.004264324437826872 0.005480075720697641 0.12099999934434891 252 255 254
-0.0039798058569431305 0.005480075720697641 0.12099999934434891 250 255 254
-0.0036952870432287455 0.005764594301581383 0.12099999934434891 250 255 251
-0.003410768462345004 0.005764594301581383 0.12099999934434891 250 255 251
-0.003126249648630619 0.006049112882465124 0.12099999934434891 252 255 251
-0.0028417310677468777 0.006333631929010153 0.12099999934434891 250 255 251
-0.0025572122540324926 0.006618150509893894 0.12099999934434891 250 255 251
-0.0022726936731487513 0.006902669090777636 0.12099999934434891 250 255 251
-0.00198817509226501 0.007187187671661377 0.12099999934434891 252 255 251
-0.0017036562785506248 0.007187187671661377 0.12099999934434891 248 255 253
-0.0014191376976668835 0.007187187671661377 0.12099999934434891 248 255 253
-0.0011439960217103362 0.00724658602848649 0.12200000137090683 248 255 253
-0.0008571259095333517 0.00724658602848649 0.12200000137090683 249 255 254
-0.000570255855564028 0.00724658602848649 0.12200000137090683 250 255 251
-0.0002833857433870435 0.00724658602848649 0.12200000137090683 250 255 251
3.484322860458633e-06 0.006959715858101845 0.12200000137090683 250 255 251
0.00029035439365543425 0.006959715858101845 0.12200000137090683 250 255 251
0.0005819558282382786 0.006727541331201792 0.12300000339746475 249 255 250
0.0008711772970855236 0.006727541331201792 0.12300000339746475 249 255 250
0.0011603987077251077 0.006727541331201792 0.12300000339746475 248 255 253
0.0014496202347800136 0.006727541331201792 0.12300000339746475 249 255 254
0.0017529786564409733 0.0070738098584115505 0.12399999797344208 250 255 251
0.0020445515401661396 0.0070738098584115505 0.12399999797344208 250 255 251
0.002336124423891306 0.007365382742136717 0.12399999797344208 250 255 251
0.0026276973076164722 0.007365382742136717 0.12399999797344208 250 255 251
0.002919269958510995 0.007656955160200596 0.12399999797344208 252 255 251
0.0032108428422361612 0.007656955160200596 0.12399999797344208 252 255 251
0.0035024157259613276 0.007948528043925762 0.12399999797344208 252 255 251
0.003793988609686494 0.008240100927650928 0.12399999797344208 252 255 249
0.004085561726242304 0.008531673811376095 0.12399999797344208 250 255 251
0.00437713460996747 0.008823246695101261 0.12399999797344208 251 255 250
0.00437713460996747 0.009114819578826427 0.12399999797344208 252 255 251
0.004668707028031349 0.009114819578826427 0.12399999797344208 249 255 250
0.0049602799117565155 0.009114819578826427 0.12399999797344208 248 255 249
0.005251852795481682 0.009114819578826427 0.12399999797344208 246 255 251
0.005543425679206848 0.009114819578826427 0.12399999797344208 246 255 251
0.0058820550329983234 0.009188326075673103 0.125 246 255 250
0.006175979506224394 0.009188326075673103 0.125 246 255 250
0.006469903513789177 0.009188326075673103 0.125 249 255 251
0.006763827987015247 0.008894401602447033 0.125 249 255 249
0.006469903513789177 0.008894401602447033 0.125 248 255 248
0.006175979506224394 0.009188326075673103 0.125 246 255 250
0.0058820550329983234 0.009188326075673103 0.125 246 255 250
0.005543425679206848 0.009114819578826427 0.12399999797344208 246 255 251
0.005251852795481682 0.009114819578826427 0.12399999797344208 246 255 251
0.0049602799117565155 0.009114819578826427 0.12399999797344208 248 255 249
0.004668707028031349 0.009114819578826427 0.12399999797344208 249 255 250
0.00437713460996747 0.008823246695101261 0.12399999797344208 251 255 250
0.00437713460996747 0.008531673811376095 0.12399999797344208 249 255 250
0.004085561726242304 0.008240100927650928 0.12399999797344208 249 255 251
0.003793988609686494 0.007948528043925762 0.12399999797344208 252 255 251
0.0035024157259613276 0.007656955160200596 0.12399999797344208 252 255 251
0.0032108428422361612 0.007656955160200596 0.12399999797344208 252 255 251
0.002919269958510995 0.007365382742136717 0.12399999797344208 250 255 251
0.0026276973076164722 0.007365382742136717 0.12399999797344208 250 255 251
0.002336124423891306 0.0070738098584115505 0.12399999797344208 250 255 251
0.0020445515401661396 0.0070738098584115505 0.12399999797344208 250 255 251
0.0017529786564409733 0.0070738098584115505 0.12399999797344208 250 255 251
0.0014496202347800136 0.006727541331201792 0.12300000339746475 249 255 254
0.0011603987077251077 0.006727541331201792 0.12300000339746475 248 255 253
0.0008711772970855236 0.006727541331201792 0.12300000339746475 249 255 250
0.0005819558282382786 0.006727541331201792 0.12300000339746475 249 255 250
0.00029035439365543425 0.006959715858101845 0.12200000137090683 250 255 251
3.484322860458633e-06 0.006959715858101845 0.12200000137090683 250 255 251
-0.0002833857433870435 0.006959715858101845 0.12200000137090683 250 255 251
-0.000570255855564028 0.00724658602848649 0.12200000137090683 250 255 251
-0.0008571259095333517 0.00724658602848649 0.12200000137090683 249 255 254
-0.0011439960217103362 0.00724658602848649 0.12200000137090683 248 255 253
-0.0014191376976668835 0.007187187671661377 0.12099999934434891 248 255 253
-0.0017036562785506248 0.007187187671661377 0.12099999934434891 248 255 253
-0.00198817509226501 0.006902669090777636 0.12099999934434891 250 255 251
-0.0022726936731487513 0.006618150509893894 0.12099999934434891 248 255 253
-0.0025572122540324926 0.006333631929010153 0.12099999934434891 249 255 250
-0.0028417310677468777 0.006049112882465124 0.12099999934434891 249 255 254
-0.003126249648630619 0.005764594301581383 0.12099999934434891 250 255 251
-0.003410768462345004 0.005764594301581383 0.12099999934434891 250 255 251
-0.0036952870432287455 0.005480075720697641 0.12099999934434891 250 255 254
-0.0039798058569431305 0.005480075720697641 0.12099999934434891 250 255 254
-0.004264324437826872 0.005480075720697641 0.12099999934434891 252 255 254
-0.004548843018710613 0.0051955571398139 0.12099999934434891 249 255 254
-0.004833361599594355 0.0051955571398139 0.12099999934434891 250 255 254
-0.005117880646139383 0.0051955571398139 0.12099999934434891 250 255 254
-0.005402399227023125 0.0051955571398139 0.12099999934434891 250 255 254
-0.005639918614178896 0.004870451055467129 0.11999999731779099 247 255 254
-0.005922085605561733 0.004870451055467129 0.11999999731779099 246 255 251
-0.006204253062605858 0.004870451055467129 0.11999999731779099 246 255 251
-0.0064864205196499825 0.004870451055467129 0.11999999731779099 246 255 251
-0.00676858751103282 0.004870451055467129 0.11999999731779099 246 255 251
-0.007050754968076944 0.004870451055467129 0.11999999731779099 246 255 251
-0.007332922425121069 0.004870451055467129 0.11999999731779099 246 255 251
-0.007615089416503906 0.004870451055467129 0.11999999731779099 246 255 251
-0.00789725687354803 0.004870451055467129 0.11999999731779099 246 255 251
-0.008179424330592155 0.004870451055467129 0.11999999731779099 246 255 251
-0.026275552809238434 0.0042586796917021275 0.12700000405311584 252 255 251
-0.026783425360918045 0.00459319120272994 0.12800000607967377 249 255 254
-0.027084404602646828 0.00459319120272994 0.12800000607967377 249 255 254
-0.02738538198173046 0.0048941695131361485 0.12800000607967377 246 255 254
-0.02738538198173046 0.0051951478235423565 0.12800000607967377 249 255 251
-0.027686361223459244 0.005496126599609852 0.12800000607967377 251 255 250
-0.027987338602542877 0.00579710491001606 0.12800000607967377 250 255 249
-0.027686361223459244 0.00579710491001606 0.12800000607967377 252 255 249
-0.02738538198173046 0.005496126599609852 0.12800000607967377 252 255 251
-0.02738538198173046 0.0051951478235423565 0.12800000607967377 249 255 251
-0.027084404602646828 0.0048941695131361485 0.12800000607967377 249 255 254
-0.026783425360918045 0.00459319120272994 0.12800000607967377 249 255 254
-0.026275552809238434 0.004557306878268719 0.12700000405311584 250 255 254
-0.02597692608833313 0.0042586796917021275 0.12700000405311584 252 255 251
-0.025678299367427826 0.0042586796917021275 0.12700000405311584 250 255 251
-0.025379670783877373 0.004557306878268719 0.12700000405311584 250 255 254
-0.02508104406297207 0.00485593406483531 0.12700000405311584 250 255 254
-0.024587281048297882 0.004817698150873184 0.12600000202655792 250 255 254
-0.024291004985570908 0.004817698150873184 0.12600000202655792 248 255 250
-0.023994728922843933 0.005113973747938871 0.12600000202655792 251 255 250
-0.02369845286011696 0.005113973747938871 0.12600000202655792 239 248 241
-0.023402178660035133 0.005113973747938871 0.12600000202655792 240 249 242
-0.02310590259730816 0.005113973747938871 0.12600000202655792 250 255 251
-0.022809626534581184 0.005113973747938871 0.12600000202655792 250 255 251
-0.02251335047185421 0.004817698150873184 0.12600000202655792 249 255 254
-0.022040748968720436 0.004779462236911058 0.125 249 255 254
-0.02174682542681694 0.004779462236911058 0.125 250 255 254
-0.021452900022268295 0.004485538229346275 0.125 246 255 253
-0.020989704877138138 0.004449653904885054 0.12399999797344208 249 255 254
-0.02069813199341297 0.004449653904885054 0.12399999797344208 249 255 254
-0.020406559109687805 0.004449653904885054 0.12399999797344208 250 255 254
-0.02011498622596264 0.004449653904885054 0.12399999797344208 250 255 254
-0.019663546234369278 0.004413769580423832 0.12300000339746475 249 255 253
-0.01937432587146759 0.004702990874648094 0.12300000339746475 250 255 251
-0.019085103645920753 0.004702990874648094 0.12300000339746475 250 255 251
-0.018795883283019066 0.004992212634533644 0.12300000339746475 252 255 254
-0.01850666105747223 0.004992212634533644 0.12300000339746475 250 255 251
-0.018069330602884293 0.005238495301455259 0.12200000137090683 252 255 251
-0.017782460898160934 0.005525365471839905 0.12200000137090683 250 255 251
-0.017495589330792427 0.00581223564222455 0.12200000137090683 252 255 249
-0.017782460898160934 0.006099105812609196 0.12200000137090683 252 255 249
-0.018069330602884293 0.006099105812609196 0.12200000137090683 252 255 249
-0.01835620030760765 0.006099105812609196 0.12200000137090683 252 255 249
-0.02057112753391266 0.005955159664154053 0.125 252 255 249
-0.020865052938461304 0.005955159664154053 0.125 252 255 249
-0.0211589764803648 0.005955159664154053 0.125 252 255 249
-0.021452900022268295 0.005955159664154053 0.125 252 255 249
-0.02192080020904541 0.006002800539135933 0.12600000202655792 252 255 249
-0.022217074409127235 0.006002800539135933 0.12600000202655792 252 255 249
-0.02251335047185421 0.006002800539135933 0.12600000202655792 252 255 249
-0.022809626534581184 0.006002800539135933 0.12600000202655792 252 255 249
-0.02310590259730816 0.006002800539135933 0.12600000202655792 252 255 249
-0.023402178660035133 0.006002800539135933 0.12600000202655792 252 255 249
-0.02369845286011696 0.006002800539135933 0.12600000202655792 252 255 249
-0.023994728922843933 0.006002800539135933 0.12600000202655792 252 255 249
-0.024291004985570908 0.006002800539135933 0.12600000202655792 252 255 249
-0.024587281048297882 0.006002800539135933 0.12600000202655792 252 255 249
-0.024883555248379707 0.006002800539135933 0.12600000202655792 252 255 249
-0.025179831311106682 0.006002800539135933 0.12600000202655792 252 255 249
-0.025476107373833656 0.006299076601862907 0.12600000202655792 252 255 249
-0.02577238343656063 0.006299076601862907 0.12600000202655792 252 255 249
-0.027084404602646828 0.006399061530828476 0.12800000607967377 252 255 249
-0.027084404602646828 0.006399061530828476 0.12800000607967377 252 255 249
-0.02577238343656063 0.006299076601862907 0.12600000202655792 252 255 249
-0.025476107373833656 0.006299076601862907 0.12600000202655792 252 255 249
-0.025179831311106682 0.006002800539135933 0.12600000202655792 252 255 249
-0.024883555248379707 0.006002800539135933 0.12600000202655792 252 255 249
-0.024587281048297882 0.006002800539135933 0.12600000202655792 252 255 249
-0.024291004985570908 0.006002800539135933 0.12600000202655792 252 255 249
-0.023994728922843933 0.006002800539135933 0.12600000202655792 252 255 249
-0.02369845286011696 0.006002800539135933 0.12600000202655792 252 255 249
-0.023402178660035133 0.006002800539135933 0.12600000202655792 252 255 249
-0.02310590259730816 0.006002800539135933 0.12600000202655792 252 255 249
-0.022809626534581184 0.006002800539135933 0.12600000202655792 252 255 249
-0.02251335047185421 0.006002800539135933 0.12600000202655792 252 255 249
-0.022217074409127235 0.006002800539135933 0.12600000202655792 252 255 249
-0.02192080020904541 0.006002800539135933 0.12600000202655792 252 255 249
-0.021452900022268295 0.005955159664154053 0.125 252 255 249
-0.0211589764803648 0.005955159664154053 0.125 252 255 249
-0.020865052938461304 0.005955159664154053 0.125 252 255 249
-0.02057112753391266 0.005955159664154053 0.125 252 255 249
-0.01835620030760765 0.006099105812609196 0.12200000137090683 252 255 249
-0.018069330602884293 0.006099105812609196 0.12200000137090683 252 255 249
-0.017782460898160934 0.006099105812609196 0.12200000137090683 252 255 249
-0.017495589330792427 0.006385975982993841 0.12200000137090683 251 255 248
-0.01720871962606907 0.006385975982993841 0.12200000137090683 250 255 249
-0.01678314618766308 0.006333631929010153 0.12099999934434891 217 224 216
-0.01649862714111805 0.006333631929010153 0.12099999934434891 96 107 107
-0.01621410995721817 0.006333631929010153 0.12099999934434891 52 63 63
-0.01592959091067314 0.006333631929010153 0.12099999934434891 50 71 77
-0.010436762124300003 0.0062812878750264645 0.11999999731779099 112 126 130
-0.01592959091067314 0.006333631929010153 0.12099999934434891 50 71 77
-0.01621410995721817 0.006333631929010153 0.12099999934434891 52 63 63
-0.01649862714111805 0.006333631929010153 0.12099999934434891 96 107 107
-0.01678314618766308 0.006333631929010153 0.12099999934434891 217 224 216
-0.01720871962606907 0.006385975982993841 0.12200000137090683 250 255 249
-0.017495589330792427 0.006099105812609196 0.12200000137090683 251 255 248
-0.017495589330792427 0.00581223564222455 0.12200000137090683 252 255 249
-0.017495589330792427 0.005525365471839905 0.12200000137090683 250 255 251
-0.017782460898160934 0.005238495301455259 0.12200000137090683 250 255 249
-0.018069330602884293 0.004951625596731901 0.12200000137090683 250 255 251
-0.01850666105747223 0.004992212634533644 0.12300000339746475 250 255 251
-0.018795883283019066 0.004702990874648094 0.12300000339746475 250 255 251
-0.019085103645920753 0.004702990874648094 0.12300000339746475 250 255 251
-0.01937432587146759 0.004702990874648094 0.12300000339746475 250 255 251
-0.019663546234369278 0.004413769580423832 0.12300000339746475 249 255 253
-0.02011498622596264 0.004449653904885054 0.12399999797344208 250 255 254
-0.020406559109687805 0.004449653904885054 0.12399999797344208 250 255 254
-0.02069813199341297 0.004449653904885054 0.12399999797344208 249 255 254
-0.020989704877138138 0.004449653904885054 0.12399999797344208 249 255 254
-0.021452900022268295 0.004485538229346275 0.125 246 255 253
-0.02174682542681694 0.004779462236911058 0.125 250 255 254
-0.022040748968720436 0.004779462236911058 0.125 249 255 254
-0.02251335047185421 0.004817698150873184 0.12600000202655792 249 255 254
-0.022809626534581184 0.005113973747938871 0.12600000202655792 250 255 251
-0.02310590259730816 0.005113973747938871 0.12600000202655792 250 255 251
-0.023402178660035133 0.005113973747938871 0.12600000202655792 240 249 242
-0.02369845286011696 0.005113973747938871 0.12600000202655792 239 248 241
-0.023994728922843933 0.005113973747938871 0.12600000202655792 251 255 250
-0.024291004985570908 0.004817698150873184 0.12600000202655792 248 255 250
-0.024587281048297882 0.004817698150873184 0.12600000202655792 250 255 254
-0.02508104406297207 0.004557306878268719 0.12700000405311584 250 255 254
-0.025379670783877373 0.0042586796917021275 0.12700000405311584 249 255 250
-0.025678299367427826 0.0042586796917021275 0.12700000405311584 250 255 251
-0.02597692608833313 0.0042586796917021275 0.12700000405311584 252 255 251
