-0.027253419160842896 0.020527668297290802 0.1379999965429306 244 255 255
-0.02737807109951973 0.020701058208942413 0.13699999451637268 249 255 255
-0.027700211852788925 0.020701058208942413 0.13699999451637268 249 255 255
-0.02802235260605812 0.020701058208942413 0.13699999451637268 249 255 255
-0.028344493359327316 0.02102319896221161 0.13699999451637268 248 255 253
-0.028666634112596512 0.021345339715480804 0.13699999451637268 250 255 254
-0.028988776728510857 0.02166748046875 0.13699999451637268 249 255 254
-0.028988776728510857 0.021989621222019196 0.13699999451637268 249 255 254
-0.028988776728510857 0.02231176383793354 0.13699999451637268 249 255 254
-0.028666634112596512 0.02231176383793354 0.13699999451637268 249 255 254
-0.028344493359327316 0.02231176383793354 0.13699999451637268 250 255 254
-0.028666634112596512 0.02231176383793354 0.13699999451637268 249 255 254
-0.028988776728510857 0.021989621222019196 0.13699999451637268 249 255 254
-0.028666634112596512 0.02166748046875 0.13699999451637268 249 255 254
-0.028344493359327316 0.021345339715480804 0.13699999451637268 250 255 254
-0.02802235260605812 0.02102319896221161 0.13699999451637268 249 255 254
-0.027700211852788925 0.020701058208942413 0.13699999451637268 249 255 255
-0.02737807109951973 0.020701058208942413 0.13699999451637268 249 255 255
-0.027253419160842896 0.020527668297290802 0.1379999965429306 244 255 255
-0.02692892588675022 0.020527668297290802 0.1379999965429306 244 255 255
-0.026604434475302696 0.020527668297290802 0.1379999965429306 244 255 255
-0.026279941201210022 0.020527668297290802 0.1379999965429306 244 255 255
-0.025955449789762497 0.020527668297290802 0.1379999965429306 244 255 255
-0.02581668831408024 0.020676419138908386 0.13899999856948853 244 255 255
-0.025489844381809235 0.02100326307117939 0.13899999856948853 249 255 254
-0.02516300044953823 0.02100326307117939 0.13899999856948853 249 255 254
-0.024836156517267227 0.02100326307117939 0.13899999856948853 249 255 254
-0.024509312584996223 0.02100326307117939 0.13899999856948853 249 255 254
-0.02418246865272522 0.021330107003450394 0.13899999856948853 250 255 254
-0.023855624720454216 0.021330107003450394 0.13899999856948853 250 255 254
-0.02352878265082836 0.021330107003450394 0.13899999856948853 250 255 254
-0.023201938718557358 0.021656950935721397 0.13899999856948853 252 255 251
-0.022875094786286354 0.0219837948679924 0.13899999856948853 252 255 251
-0.02254825085401535 0.022310638800263405 0.13899999856948853 250 255 254
-0.022061539813876152 0.0224746223539114 0.1379999965429306 250 255 254
-0.021894562989473343 0.022964326664805412 0.13899999856948853 250 255 254
-0.02156771905720234 0.022964326664805412 0.13899999856948853 248 254 252
-0.021240875124931335 0.022964326664805412 0.13899999856948853 248 254 252
-0.02091403119266033 0.022964326664805412 0.13899999856948853 242 253 249
-0.020735297352075577 0.02312953770160675 0.14000000059604645 245 255 252
-0.020406102761626244 0.02312953770160675 0.14000000059604645 249 255 254
-0.02007690630853176 0.02312953770160675 0.14000000059604645 249 255 254
-0.01988876610994339 0.02329474873840809 0.14100000262260437 249 255 254
-0.019557220861315727 0.022963201627135277 0.14100000262260437 246 255 255
-0.019225673750042915 0.022963201627135277 0.14100000262260437 247 255 254
-0.018894126638770103 0.022963201627135277 0.14100000262260437 247 255 254
-0.018694229423999786 0.023126060143113136 0.1420000046491623 247 255 254
-0.018360331654548645 0.023126060143113136 0.1420000046491623 247 255 254
-0.018026433885097504 0.023459959775209427 0.1420000046491623 249 255 251
-0.017692536115646362 0.023459959775209427 0.1420000046491623 249 255 251
-0.01735863834619522 0.023793857544660568 0.1420000046491623 250 255 254
-0.01702474057674408 0.02412775531411171 0.1420000046491623 252 255 254
-0.016690842807292938 0.02412775531411171 0.1420000046491623 250 255 254
-0.016356945037841797 0.02446165308356285 0.1420000046491623 252 255 251
-0.016023047268390656 0.024795550853013992 0.1420000046491623 252 255 251
-0.016023047268390656 0.025129448622465134 0.1420000046491623 252 255 251
-0.015689147636294365 0.025129448622465134 0.1420000046491623 252 255 251
-0.015355250798165798 0.025129448622465134 0.1420000046491623 248 255 253
-0.015127136372029781 0.02564266510307789 0.14300000667572021 248 255 249
-0.014790887013077736 0.02564266510307789 0.14300000667572021 244 255 254
-0.01445463765412569 0.02564266510307789 0.14300000667572021 245 255 255
-0.014118388295173645 0.02564266510307789 0.14300000667572021 243 255 251
-0.0137821389362216 0.02564266510307789 0.14300000667572021 245 255 253
-0.013445889577269554 0.02564266510307789 0.14300000667572021 249 255 254
-0.013109640218317509 0.02564266510307789 0.14300000667572021 249 255 254
-0.013109640218317509 0.025306416675448418 0.14300000667572021 247 255 254
-0.013445889577269554 0.02564266510307789 0.14300000667572021 249 255 254
-0.0137821389362216 0.02564266510307789 0.14300000667572021 245 255 253
-0.014118388295173645 0.02564266510307789 0.14300000667572021 243 255 251
-0.01445463765412569 0.02564266510307789 0.14300000667572021 245 255 255
-0.014790887013077736 0.02564266510307789 0.14300000667572021 244 255 254
-0.015127136372029781 0.02564266510307789 0.14300000667572021 248 255 249
-0.015355250798165798 0.025129448622465134 0.1420000046491623 248 255 253
-0.015689147636294365 0.025129448622465134 0.1420000046491623 252 255 251
-0.016023047268390656 0.024795550853013992 0.1420000046491623 252 255 251
-0.016023047268390656 0.02446165308356285 0.1420000046491623 250 255 251
-0.016356945037841797 0.02412775531411171 0.1420000046491623 250 255 254
-0.016690842807292938 0.02412775531411171 0.1420000046491623 250 255 254
-0.01702474057674408 0.023793857544660568 0.1420000046491623 250 255 254
-0.01735863834619522 0.023459959775209427 0.1420000046491623 249 255 251
-0.017692536115646362 0.023459959775209427 0.1420000046491623 249 255 251
-0.018026433885097504 0.023459959775209427 0.1420000046491623 249 255 251
-0.018360331654548645 0.023126060143113136 0.1420000046491623 247 255 254
-0.018694229423999786 0.023126060143113136 0.1420000046491623 247 255 254
-0.018894126638770103 0.022963201627135277 0.14100000262260437 247 255 254
-0.019225673750042915 0.022963201627135277 0.14100000262260437 247 255 254
-0.019557220861315727 0.022963201627135277 0.14100000262260437 246 255 255
-0.01988876610994339 0.02329474873840809 0.14100000262260437 249 255 254
-0.02007690630853176 0.02312953770160675 0.14000000059604645 249 255 254
-0.020406102761626244 0.02312953770160675 0.14000000059604645 249 255 254
-0.020735297352075577 0.02312953770160675 0.14000000059604645 245 255 252
-0.02091403119266033 0.022964326664805412 0.13899999856948853 242 253 249
-0.021240875124931335 0.022964326664805412 0.13899999856948853 248 254 252
-0.02156771905720234 0.022964326664805412 0.13899999856948853 248 254 252
-0.021894562989473343 0.02263748273253441 0.13899999856948853 250 255 254
-0.022221406921744347 0.022310638800263405 0.13899999856948853 250 255 251
-0.02254825085401535 0.0219837948679924 0.13899999856948853 252 255 251
-0.022875094786286354 0.021656950935721397 0.13899999856948853 250 255 251
-0.023201938718557358 0.021330107003450394 0.13899999856948853 250 255 254
-0.02352878265082836 0.021330107003450394 0.13899999856948853 250 255 254
-0.023855624720454216 0.021330107003450394 0.13899999856948853 250 255 254
-0.02418246865272522 0.021330107003450394 0.13899999856948853 250 255 254
-0.024509312584996223 0.02100326307117939 0.13899999856948853 249 255 254
-0.024836156517267227 0.02100326307117939 0.13899999856948853 249 255 254
-0.02516300044953823 0.02100326307117939 0.13899999856948853 249 255 254
-0.025489844381809235 0.02100326307117939 0.13899999856948853 249 255 254
-0.02581668831408024 0.020676419138908386 0.13899999856948853 244 255 255
-0.025955449789762497 0.020527668297290802 0.1379999965429306 244 255 255
-0.026279941201210022 0.020527668297290802 0.1379999965429306 244 255 255
-0.026604434475302696 0.020527668297290802 0.1379999965429306 244 255 255
-0.02692892588675022 0.020527668297290802 0.1379999965429306 244 255 255
-0.04373657703399658 0.020788775756955147 0.1420000046491623 250 254 249
-0.04340267926454544 0.020788775756955147 0.1420000046491623 246 254 251
-0.0430687814950943 0.020788775756955147 0.1420000046491623 249 255 254
-0.04273488372564316 0.020788775756955147 0.1420000046491623 247 255 254
-0.04240098595619202 0.020788775756955147 0.1420000046491623 247 255 254
-0.04177083820104599 0.020642375573515892 0.14100000262260437 250 255 254
-0.04143929481506348 0.02031082846224308 0.14100000262260437 250 255 254
-0.04081620275974274 0.020166780799627304 0.14000000059604645 250 255 254
-0.040487006306648254 0.01983758620917797 0.14000000059604645 246 254 253
-0.04015781357884407 0.01983758620917797 0.14000000059604645 247 253 251
-0.03954412788152695 0.02002273127436638 0.13899999856948853 250 255 254
-0.039217282086610794 0.02002273127436638 0.13899999856948853 250 255 251
-0.03889044001698494 0.02002273127436638 0.13899999856948853 250 255 251
-0.03828616067767143 0.020203176885843277 0.1379999965429306 250 255 251
-0.03796166554093361 0.020203176885843277 0.1379999965429306 250 255 251
-0.037637174129486084 0.020527668297290802 0.1379999965429306 250 255 251
-0.03731268271803856 0.020527668297290802 0.1379999965429306 250 255 251
-0.03731268271803856 0.020527668297290802 0.1379999965429306 250 255 251
-0.037637174129486084 0.020203176885843277 0.1379999965429306 250 255 251
-0.03796166554093361 0.020203176885843277 0.1379999965429306 250 255 251
-0.03828616067767143 0.019878683611750603 0.1379999965429306 250 255 251
-0.03889044001698494 0.02002273127436638 0.13899999856948853 250 255 251
-0.039217282086610794 0.02002273127436638 0.13899999856948853 250 255 251
-0.03954412788152695 0.02002273127436638 0.13899999856948853 250 255 254
-0.04015781357884407 0.01983758620917797 0.14000000059604645 247 253 251
-0.040487006306648254 0.01983758620917797 0.14000000059604645 246 254 253
-0.04081620275974274 0.020166780799627304 0.14000000059604645 250 255 254
-0.04143929481506348 0.02031082846224308 0.14100000262260437 250 255 254
-0.04177083820104599 0.02031082846224308 0.14100000262260437 250 255 254
-0.04240098595619202 0.020788775756955147 0.1420000046491623 247 255 254
-0.04273488372564316 0.020788775756955147 0.1420000046491623 247 255 254
-0.0430687814950943 0.020788775756955147 0.1420000046491623 249 255 254
-0.04340267926454544 0.020788775756955147 0.1420000046491623 246 254 251
-0.04373657703399658 0.020788775756955147 0.1420000046491623 250 254 249
