0.01681618019938469 0.009555859491229057 0.12999999523162842 122 117 113
0.016510499641299248 0.009861540980637074 0.12999999523162842 118 112 99
0.016204817220568657 0.010167221538722515 0.12999999523162842 93 82 73
0.015899136662483215 0.010472903028130531 0.12999999523162842 113 104 85
0.015593455173075199 0.010778584517538548 0.12999999523162842 124 115 106
0.015593455173075199 0.011084265075623989 0.12999999523162842 172 166 151
0.015593455173075199 0.011389946565032005 0.12999999523162842 203 196 179
0.015287774614989758 0.011695628054440022 0.12999999523162842 122 110 94
0.015287774614989758 0.012001309543848038 0.12999999523162842 149 135 116
0.015593455173075199 0.01230699010193348 0.12999999523162842 255 247 228
0.015899136662483215 0.01230699010193348 0.12999999523162842 253 255 233
0.015593455173075199 0.01230699010193348 0.12999999523162842 255 247 228
0.015287774614989758 0.012001309543848038 0.12999999523162842 149 135 116
0.015287774614989758 0.011695628054440022 0.12999999523162842 122 110 94
0.015593455173075199 0.011389946565032005 0.12999999523162842 203 196 179
0.015593455173075199 0.011084265075623989 0.12999999523162842 172 166 151
0.015899136662483215 0.010778584517538548 0.12999999523162842 209 202 183
0.016204817220568657 0.010472903028130531 0.12999999523162842 166 157 138
0.016510499641299248 0.010167221538722515 0.12999999523162842 165 160 142
0.01681618019938469 0.009861540980637074 0.12999999523162842 230 224 211
0.01712186075747013 0.009555859491229057 0.12999999523162842 143 145 129
0.017427543178200722 0.009555859491229057 0.12999999523162842 145 147 131
0.017733223736286163 0.009555859491229057 0.12999999523162842 146 155 137
0.018038904294371605 0.009555859491229057 0.12999999523162842 145 154 136
0.018344586715102196 0.009555859491229057 0.12999999523162842 140 151 130
0.020025862380862236 0.009937398135662079 0.13099999725818634 244 243 215
0.02173065021634102 0.010323640890419483 0.13199999928474426 208 206 187
0.022661803290247917 0.010634024627506733 0.13199999928474426 221 218 204
0.022972187027335167 0.010634024627506733 0.13199999928474426 137 129 117
0.02310618758201599 0.010861496441066265 0.13099999725818634 220 215 197
0.02341422066092491 0.011169529519975185 0.13099999725818634 250 244 220
0.023722253739833832 0.011477561667561531 0.13099999725818634 244 242 221
0.02384684793651104 0.011695628054440022 0.12999999523162842 242 229 205
0.02415253035724163 0.012001309543848038 0.12999999523162842 208 201 180
0.024458210915327072 0.01230699010193348 0.12999999523162842 163 141 115
0.024763891473412514 0.01230699010193348 0.12999999523162842 103 81 55
0.025069573894143105 0.01230699010193348 0.12999999523162842 140 114 85
0.025375254452228546 0.01230699010193348 0.12999999523162842 203 177 148
0.025680935010313988 0.01230699010193348 0.12999999523162842 248 236 205
0.02598661743104458 0.012001309543848038 0.12999999523162842 119 97 73
0.02629229798913002 0.012001309543848038 0.12999999523162842 123 106 79
0.02659798040986061 0.012001309543848038 0.12999999523162842 124 107 80
0.026903660967946053 0.012001309543848038 0.12999999523162842 116 104 73
0.027418645098805428 0.012401659972965717 0.13099999725818634 251 248 216
0.027726678177714348 0.012401659972965717 0.13099999725818634 222 220 197
0.02824871614575386 0.01249632891267538 0.13199999928474426 171 169 146
0.02855909988284111 0.01249632891267538 0.13199999928474426 127 118 99
0.02886948361992836 0.01280671264976263 0.13199999928474426 225 225 205
0.02940092608332634 0.012903733178973198 0.13300000131130219 171 169 146
0.029713662341237068 0.013216468505561352 0.13300000131130219 204 208 187
0.02980063483119011 0.013427481055259705 0.13199999928474426 245 245 223
0.03011101856827736 0.013427481055259705 0.13199999928474426 175 175 153
0.030421404168009758 0.013737864792346954 0.13199999928474426 209 204 186
0.030731787905097008 0.014048248529434204 0.13199999928474426 216 215 198
0.030807003378868103 0.014249855652451515 0.13099999725818634 216 211 193
0.031115036457777023 0.014557887800037861 0.13099999725818634 155 153 134
0.031115036457777023 0.014865920878946781 0.13099999725818634 203 203 181
0.031423069536685944 0.015173953026533127 0.13099999725818634 187 181 157
0.031731102615594864 0.015173953026533127 0.13099999725818634 137 131 107
0.032039135694503784 0.015173953026533127 0.13099999725818634 99 87 71
0.032347165048122406 0.015173953026533127 0.13099999725818634 94 82 66
0.032655198127031326 0.015173953026533127 0.13099999725818634 107 98 77
0.03296323120594025 0.015173953026533127 0.13099999725818634 140 131 110
0.03327126428484917 0.015173953026533127 0.13099999725818634 175 166 145
0.03357929736375809 0.015173953026533127 0.13099999725818634 196 187 166
0.03388733044266701 0.015173953026533127 0.13099999725818634 201 194 177
0.03419536352157593 0.015173953026533127 0.13099999725818634 202 195 178
0.03450339660048485 0.015173953026533127 0.13099999725818634 200 194 179
0.03481142595410347 0.015173953026533127 0.13099999725818634 196 190 175
0.03511945903301239 0.015173953026533127 0.13099999725818634 181 173 161
0.03542749211192131 0.015173953026533127 0.13099999725818634 142 134 122
0.0360083170235157 0.015600169077515602 0.13199999928474426 199 196 182
0.0360083170235157 0.015910552814602852 0.13199999928474426 255 253 237
0.03631870076060295 0.015600169077515602 0.13199999928474426 95 92 78
0.0360083170235157 0.015289784409105778 0.13199999928474426 86 79 71
0.03542749211192131 0.015173953026533127 0.13099999725818634 142 134 122
0.03511945903301239 0.015173953026533127 0.13099999725818634 181 173 161
0.03481142595410347 0.015173953026533127 0.13099999725818634 196 190 175
0.03450339660048485 0.015173953026533127 0.13099999725818634 200 194 179
0.03419536352157593 0.015173953026533127 0.13099999725818634 202 195 178
0.03388733044266701 0.015173953026533127 0.13099999725818634 201 194 177
0.03357929736375809 0.015173953026533127 0.13099999725818634 196 187 166
0.03327126428484917 0.015173953026533127 0.13099999725818634 175 166 145
0.03296323120594025 0.015173953026533127 0.13099999725818634 140 131 110
0.032655198127031326 0.015173953026533127 0.13099999725818634 107 98 77
0.032347165048122406 0.015173953026533127 0.13099999725818634 94 82 66
0.032039135694503784 0.015173953026533127 0.13099999725818634 99 87 71
0.031731102615594864 0.015173953026533127 0.13099999725818634 137 131 107
0.031423069536685944 0.014865920878946781 0.13099999725818634 95 81 62
0.031115036457777023 0.014557887800037861 0.13099999725818634 155 153 134
0.031115036457777023 0.014249855652451515 0.13099999725818634 108 103 85
0.03011101856827736 0.013427481055259705 0.13199999928474426 175 175 153
0.030026398599147797 0.013216468505561352 0.13300000131130219 138 131 110
0.02940092608332634 0.012903733178973198 0.13300000131130219 171 169 146
0.02886948361992836 0.01280671264976263 0.13199999928474426 225 225 205
0.02855909988284111 0.01249632891267538 0.13199999928474426 127 118 99
0.02824871614575386 0.01249632891267538 0.13199999928474426 171 169 146
0.027726678177714348 0.012401659972965717 0.13099999725818634 222 220 197
0.027418645098805428 0.012401659972965717 0.13099999725818634 251 248 216
0.026903660967946053 0.012001309543848038 0.12999999523162842 116 104 73
0.02659798040986061 0.012001309543848038 0.12999999523162842 124 107 80
0.02629229798913002 0.012001309543848038 0.12999999523162842 123 106 79
0.02598661743104458 0.012001309543848038 0.12999999523162842 119 97 73
0.025680935010313988 0.01230699010193348 0.12999999523162842 248 236 205
0.025375254452228546 0.01230699010193348 0.12999999523162842 203 177 148
0.025069573894143105 0.01230699010193348 0.12999999523162842 140 114 85
0.024763891473412514 0.01230699010193348 0.12999999523162842 103 81 55
0.024458210915327072 0.012001309543848038 0.12999999523162842 120 96 73
0.02415253035724163 0.011695628054440022 0.12999999523162842 149 136 112
0.02384684793651104 0.011389946565032005 0.12999999523162842 161 148 126
0.023722253739833832 0.011169529519975185 0.13099999725818634 153 147 123
0.02341422066092491 0.010861496441066265 0.13099999725818634 142 130 110
0.022972187027335167 0.010634024627506733 0.13199999928474426 137 129 117
0.022661803290247917 0.010634024627506733 0.13199999928474426 221 218 204
0.02173065021634102 0.010323640890419483 0.13199999928474426 208 206 187
0.020025862380862236 0.009937398135662079 0.13099999725818634 244 243 215
0.018344586715102196 0.009555859491229057 0.12999999523162842 140 151 130
0.018038904294371605 0.009555859491229057 0.12999999523162842 145 154 136
0.017733223736286163 0.009555859491229057 0.12999999523162842 146 155 137
0.017427543178200722 0.009555859491229057 0.12999999523162842 145 147 131
0.01712186075747013 0.009555859491229057 0.12999999523162842 143 145 129
0.0006718514487147331 0.00977014284580946 0.1420000046491623 130 122 96
0.00033795347553677857 0.010104040615260601 0.1420000046491623 114 101 88
0.00033795347553677857 0.010437938384711742 0.1420000046491623 173 157 136
4.0555232772021554e-06 0.010771837085485458 0.1420000046491623 134 122 91
4.0555232772021554e-06 0.0111057348549366 0.1420000046491623 180 169 133
-0.0003298424417153001 0.011439632624387741 0.1420000046491623 140 123 107
-0.0003298424417153001 0.011773530393838882 0.1420000046491623 182 167 141
4.0555232772021554e-06 0.011773530393838882 0.1420000046491623 254 246 206
0.00033557353890500963 0.011690618470311165 0.14100000262260437 255 255 216
0.0006671200972050428 0.011690618470311165 0.14100000262260437 254 255 230
0.00033557353890500963 0.011690618470311165 0.14100000262260437 255 255 216
4.0555232772021554e-06 0.011773530393838882 0.1420000046491623 254 246 206
-0.0003298424417153001 0.011439632624387741 0.1420000046491623 140 123 107
4.0555232772021554e-06 0.0111057348549366 0.1420000046491623 180 169 133
0.00033795347553677857 0.010771837085485458 0.1420000046491623 226 214 183
0.00033795347553677857 0.010437938384711742 0.1420000046491623 173 157 136
0.0006718514487147331 0.010104040615260601 0.1420000046491623 196 189 158
0.0010057493345811963 0.00977014284580946 0.1420000046491623 218 210 184
0.002987945917993784 0.009038246236741543 0.14100000262260437 144 138 125
0.0033194925636053085 0.00936979241669178 0.14100000262260437 210 206 195
0.003651039209216833 0.009701338596642017 0.14100000262260437 217 215 203
0.003982585854828358 0.01003288570791483 0.14100000262260437 235 230 210
0.00428353575989604 0.00963253527879715 0.14000000059604645 94 82 66
0.0046127308160066605 0.00963253527879715 0.14000000059604645 129 116 94
0.004941925872117281 0.00963253527879715 0.14000000059604645 213 200 178
0.0052334703505039215 0.009563731029629707 0.13899999856948853 247 240 221
0.005560313817113638 0.009236887097358704 0.13899999856948853 214 200 183
0.005887157749384642 0.009236887097358704 0.13899999856948853 242 236 212
0.008318413980305195 0.00935732014477253 0.13600000739097595 233 235 217
0.008638203144073486 0.00935732014477253 0.13600000739097595 181 183 165
0.008892125450074673 0.00960595440119505 0.13500000536441803 223 222 205
0.00920956302434206 0.009923391975462437 0.13500000536441803 246 245 228
0.009527001529932022 0.010240830481052399 0.13500000536441803 241 232 211
0.009844440035521984 0.01055826898664236 0.13500000536441803 156 149 128
0.009844440035521984 0.010875706560909748 0.13500000536441803 171 165 141
0.009844440035521984 0.01119314506649971 0.13500000536441803 185 177 151
0.009844440035521984 0.011510583572089672 0.13500000536441803 195 190 161
0.009456431493163109 0.011740406975150108 0.1340000033378601 255 255 226
0.00920956302434206 0.01182802114635706 0.13500000536441803 252 254 245
0.008892125450074673 0.01182802114635706 0.13500000536441803 254 255 247
0.008511170744895935 0.011740406975150108 0.1340000033378601 254 255 249
0.008892125450074673 0.01182802114635706 0.13500000536441803 254 255 247
0.00920956302434206 0.01182802114635706 0.13500000536441803 252 254 245
0.009456431493163109 0.011740406975150108 0.1340000033378601 255 255 226
0.009771518409252167 0.011740406975150108 0.1340000033378601 208 205 175
0.009844440035521984 0.011510583572089672 0.13500000536441803 195 190 161
0.009844440035521984 0.01119314506649971 0.13500000536441803 185 177 151
0.009844440035521984 0.010875706560909748 0.13500000536441803 171 165 141
0.009844440035521984 0.01055826898664236 0.13500000536441803 156 149 128
0.009844440035521984 0.010240830481052399 0.13500000536441803 131 122 101
0.009527001529932022 0.009923391975462437 0.13500000536441803 176 167 148
0.00920956302434206 0.00960595440119505 0.13500000536441803 158 157 140
0.008638203144073486 0.00935732014477253 0.13600000739097595 181 183 165
0.005887157749384642 0.009236887097358704 0.13899999856948853 242 236 212
0.005560313817113638 0.009236887097358704 0.13899999856948853 214 200 183
0.0052334703505039215 0.009236887097358704 0.13899999856948853 143 129 112
0.004941925872117281 0.00963253527879715 0.14000000059604645 213 200 178
0.0046127308160066605 0.00963253527879715 0.14000000059604645 129 116 94
0.00428353575989604 0.00963253527879715 0.14000000059604645 94 82 66
0.003982585854828358 0.009701338596642017 0.14100000262260437 136 124 108
0.003651039209216833 0.00936979241669178 0.14100000262260437 100 96 85
0.0033194925636053085 0.009038246236741543 0.14100000262260437 92 88 79
0.002987945917993784 0.009038246236741543 0.14100000262260437 144 138 125
