-0.059174858033657074 0.01955868862569332 0.17599999904632568 247 255 255
-0.059588704258203506 0.01955868862569332 0.17599999904632568 247 255 255
-0.03843710571527481 0.015852687880396843 0.12200000137090683 252 255 251
-0.03815023601055145 0.015852687880396843 0.12200000137090683 252 255 251
-0.02635575644671917 0.01533292792737484 0.11800000071525574 43 75 86
-0.02228778786957264 0.012771135196089745 0.11999999731779099 227 241 243
-0.02256995625793934 0.01305330265313387 0.11999999731779099 244 255 255
-0.022661687806248665 0.012944525107741356 0.11900000274181366 246 255 255
-0.022941503673791885 0.012944525107741356 0.11900000274181366 246 255 255
-0.023221319541335106 0.012944525107741356 0.11900000274181366 246 255 255
-0.023501135408878326 0.012944525107741356 0.11900000274181366 246 255 255
-0.023780953139066696 0.012944525107741356 0.11900000274181366 246 255 255
-0.024060769006609917 0.012944525107741356 0.11900000274181366 246 255 255
-0.024340584874153137 0.012944525107741356 0.11900000274181366 241 255 255
-0.024620400741696358 0.012944525107741356 0.11900000274181366 240 255 255
-0.024900216609239578 0.013224340975284576 0.11900000274181366 234 255 255
-0.02469097077846527 0.013390676118433475 0.11800000071525574 234 255 255
-0.024968434125185013 0.013668141327798367 0.11800000071525574 239 255 253
-0.025245899334549904 0.013945605605840683 0.11800000071525574 243 255 255
-0.025523364543914795 0.014223069883883 0.11800000071525574 246 255 255
-0.025523364543914795 0.014500534161925316 0.11800000071525574 249 255 255
-0.025523364543914795 0.014777999371290207 0.11800000071525574 249 255 255
-0.025800827890634537 0.015055463649332523 0.11800000071525574 212 239 250
-0.025800827890634537 0.01533292792737484 0.11800000071525574 222 251 255
-0.025523364543914795 0.01533292792737484 0.11800000071525574 246 255 255
-0.025245899334549904 0.01533292792737484 0.11800000071525574 246 255 255
-0.024968434125185013 0.015610392205417156 0.11800000071525574 250 255 254
-0.02469097077846527 0.015610392205417156 0.11800000071525574 250 255 254
-0.02441350556910038 0.015610392205417156 0.11800000071525574 250 255 254
-0.023858577013015747 0.015887856483459473 0.11800000071525574 250 255 254
-0.023581111803650856 0.015887856483459473 0.11800000071525574 250 255 254
-0.023303648456931114 0.016165321692824364 0.11800000071525574 250 255 254
-0.023026183247566223 0.016165321692824364 0.11800000071525574 250 255 254
-0.022941503673791885 0.016302315518260002 0.11900000274181366 250 255 254
-0.022661687806248665 0.016302315518260002 0.11900000274181366 250 255 254
-0.022381871938705444 0.016302315518260002 0.11900000274181366 250 255 254
-0.022102056071162224 0.016582131385803223 0.11900000274181366 250 255 254
-0.021822240203619003 0.016582131385803223 0.11900000274181366 250 255 254
-0.021542424336075783 0.016582131385803223 0.11900000274181366 250 255 254
-0.021262608468532562 0.016582131385803223 0.11900000274181366 250 255 254
-0.020806467160582542 0.016442786902189255 0.11800000071525574 250 255 254
-0.02052900195121765 0.016720250248908997 0.11800000071525574 250 255 254
-0.02025153860449791 0.016720250248908997 0.11800000071525574 250 255 254
-0.01997407339513302 0.016720250248908997 0.11800000071525574 250 255 254
-0.019696610048413277 0.016720250248908997 0.11800000071525574 250 255 254
-0.019419144839048386 0.016997715458273888 0.11800000071525574 250 255 251
-0.019141679629683495 0.016997715458273888 0.11800000071525574 250 255 251
-0.018864216282963753 0.016997715458273888 0.11800000071525574 250 255 251
-0.01858675107359886 0.016997715458273888 0.11800000071525574 250 255 251
-0.01830928772687912 0.016997715458273888 0.11800000071525574 250 255 251
-0.01803182251751423 0.016997715458273888 0.11800000071525574 250 255 251
-0.017754357308149338 0.016997715458273888 0.11800000071525574 250 255 251
-0.017476893961429596 0.016997715458273888 0.11800000071525574 250 255 251
-0.017345186322927475 0.017141763120889664 0.11900000274181366 250 255 251
-0.017065370455384254 0.017141763120889664 0.11900000274181366 250 255 251
-0.016785554587841034 0.017141763120889664 0.11900000274181366 250 255 251
-0.016505738720297813 0.017141763120889664 0.11900000274181366 250 255 251
-0.016225922852754593 0.017141763120889664 0.11900000274181366 250 255 251
-0.015946106985211372 0.017141763120889664 0.11900000274181366 250 255 251
-0.015797941014170647 0.01728581264615059 0.11999999731779099 250 255 251
-0.015515773557126522 0.01728581264615059 0.11999999731779099 250 255 251
-0.015233606100082397 0.01728581264615059 0.11999999731779099 250 255 251
-0.014951438643038273 0.01756797917187214 0.11999999731779099 250 255 251
-0.014791515655815601 0.017714379355311394 0.12099999934434891 250 255 251
-0.014506996609270573 0.017714379355311394 0.12099999934434891 250 255 251
-0.014222478494048119 0.017714379355311394 0.12099999934434891 250 255 251
-0.01393795944750309 0.017714379355311394 0.12099999934434891 250 255 251
-0.013766279444098473 0.01786077953875065 0.12200000137090683 250 255 251
-0.01347940880805254 0.01786077953875065 0.12200000137090683 250 255 251
-0.013192539103329182 0.01786077953875065 0.12200000137090683 250 255 251
-0.012905669398605824 0.01786077953875065 0.12200000137090683 250 255 251
-0.01261879876255989 0.01786077953875065 0.12200000137090683 250 255 251
-0.012331929057836533 0.01786077953875065 0.12200000137090683 250 255 251
-0.0120450584217906 0.01786077953875065 0.12200000137090683 250 255 251
-0.011758188717067242 0.01786077953875065 0.12200000137090683 250 255 251
-0.011471319012343884 0.01786077953875065 0.12200000137090683 250 255 251
-0.01118444837629795 0.01786077953875065 0.12200000137090683 250 255 251
-0.010897578671574593 0.01786077953875065 0.12200000137090683 250 255 251
-0.01061070803552866 0.01786077953875065 0.12200000137090683 250 255 251
-0.010323838330805302 0.01786077953875065 0.12200000137090683 250 255 251
-0.010119238868355751 0.018007177859544754 0.12300000339746475 250 255 251
-0.009830016642808914 0.018007177859544754 0.12300000339746475 250 255 251
-0.009540795348584652 0.018007177859544754 0.12300000339746475 250 255 251
-0.00932679045945406 0.01815357804298401 0.12399999797344208 250 255 251
-0.009035217575728893 0.01815357804298401 0.12399999797344208 250 255 251
-0.008743644692003727 0.01815357804298401 0.12399999797344208 250 255 251
-0.00845207180827856 0.01815357804298401 0.12399999797344208 250 255 251
-0.008160498924553394 0.01815357804298401 0.12399999797344208 250 255 251
-0.007932384498417377 0.018299978226423264 0.125 250 255 251
-0.007638460490852594 0.018299978226423264 0.125 250 255 251
-0.007344536483287811 0.018299978226423264 0.125 250 255 251
-0.007050612010061741 0.018299978226423264 0.125 250 255 251
-0.006756688002496958 0.018299978226423264 0.125 250 255 251
-0.006462763529270887 0.018299978226423264 0.125 250 255 251
-0.006462763529270887 0.018299978226423264 0.125 250 255 251
-0.006756688002496958 0.018299978226423264 0.125 250 255 251
-0.007050612010061741 0.018299978226423264 0.125 250 255 251
-0.007344536483287811 0.018299978226423264 0.125 250 255 251
-0.007638460490852594 0.018299978226423264 0.125 250 255 251
-0.007932384498417377 0.018299978226423264 0.125 250 255 251
-0.008160498924553394 0.01815357804298401 0.12399999797344208 250 255 251
-0.00845207180827856 0.01815357804298401 0.12399999797344208 250 255 251
-0.008743644692003727 0.01815357804298401 0.12399999797344208 250 255 251
-0.009035217575728893 0.01815357804298401 0.12399999797344208 250 255 251
-0.00932679045945406 0.01815357804298401 0.12399999797344208 250 255 251
-0.009540795348584652 0.018007177859544754 0.12300000339746475 250 255 251
-0.009830016642808914 0.018007177859544754 0.12300000339746475 250 255 251
-0.010119238868355751 0.018007177859544754 0.12300000339746475 250 255 251
-0.010323838330805302 0.01786077953875065 0.12200000137090683 250 255 251
-0.01061070803552866 0.01786077953875065 0.12200000137090683 250 255 251
-0.010897578671574593 0.01786077953875065 0.12200000137090683 250 255 251
-0.01118444837629795 0.01786077953875065 0.12200000137090683 250 255 251
-0.011471319012343884 0.01786077953875065 0.12200000137090683 250 255 251
-0.011758188717067242 0.01786077953875065 0.12200000137090683 250 255 251
-0.0120450584217906 0.01786077953875065 0.12200000137090683 250 255 251
-0.012331929057836533 0.01786077953875065 0.12200000137090683 250 255 251
-0.01261879876255989 0.01786077953875065 0.12200000137090683 250 255 251
-0.012905669398605824 0.01786077953875065 0.12200000137090683 250 255 251
-0.013192539103329182 0.01786077953875065 0.12200000137090683 250 255 251
-0.01347940880805254 0.01786077953875065 0.12200000137090683 250 255 251
-0.013766279444098473 0.01786077953875065 0.12200000137090683 250 255 251
-0.01393795944750309 0.017714379355311394 0.12099999934434891 250 255 251
-0.014222478494048119 0.017714379355311394 0.12099999934434891 250 255 251
-0.014506996609270573 0.017714379355311394 0.12099999934434891 250 255 251
-0.014791515655815601 0.017714379355311394 0.12099999934434891 250 255 251
-0.014951438643038273 0.01756797917187214 0.11999999731779099 250 255 251
-0.015233606100082397 0.01728581264615059 0.11999999731779099 250 255 251
-0.015515773557126522 0.01728581264615059 0.11999999731779099 250 255 251
-0.015797941014170647 0.01728581264615059 0.11999999731779099 250 255 251
-0.015946106985211372 0.017141763120889664 0.11900000274181366 250 255 251
-0.016225922852754593 0.017141763120889664 0.11900000274181366 250 255 251
-0.016505738720297813 0.017141763120889664 0.11900000274181366 250 255 251
-0.016785554587841034 0.017141763120889664 0.11900000274181366 250 255 251
-0.017065370455384254 0.017141763120889664 0.11900000274181366 250 255 251
-0.017345186322927475 0.017141763120889664 0.11900000274181366 250 255 251
-0.017476893961429596 0.016997715458273888 0.11800000071525574 250 255 251
-0.017754357308149338 0.016997715458273888 0.11800000071525574 250 255 251
-0.01803182251751423 0.016997715458273888 0.11800000071525574 250 255 251
-0.01830928772687912 0.016997715458273888 0.11800000071525574 250 255 251
-0.01858675107359886 0.016997715458273888 0.11800000071525574 250 255 251
-0.018864216282963753 0.016997715458273888 0.11800000071525574 250 255 251
-0.019141679629683495 0.016997715458273888 0.11800000071525574 250 255 251
-0.019419144839048386 0.016997715458273888 0.11800000071525574 250 255 251
-0.019696610048413277 0.016720250248908997 0.11800000071525574 250 255 254
-0.01997407339513302 0.016720250248908997 0.11800000071525574 250 255 254
-0.02025153860449791 0.016720250248908997 0.11800000071525574 250 255 254
-0.02052900195121765 0.016720250248908997 0.11800000071525574 250 255 254
-0.020806467160582542 0.016442786902189255 0.11800000071525574 250 255 254
-0.021262608468532562 0.016582131385803223 0.11900000274181366 250 255 254
-0.021542424336075783 0.016582131385803223 0.11900000274181366 250 255 254
-0.021822240203619003 0.016582131385803223 0.11900000274181366 250 255 254
-0.022102056071162224 0.016582131385803223 0.11900000274181366 250 255 254
-0.022381871938705444 0.016302315518260002 0.11900000274181366 250 255 254
-0.022661687806248665 0.016302315518260002 0.11900000274181366 250 255 254
-0.022941503673791885 0.016302315518260002 0.11900000274181366 250 255 254
-0.023026183247566223 0.016165321692824364 0.11800000071525574 250 255 254
-0.023303648456931114 0.016165321692824364 0.11800000071525574 250 255 254
-0.023581111803650856 0.015887856483459473 0.11800000071525574 250 255 254
-0.023858577013015747 0.015887856483459473 0.11800000071525574 250 255 254
-0.02441350556910038 0.015610392205417156 0.11800000071525574 250 255 254
-0.02469097077846527 0.015610392205417156 0.11800000071525574 250 255 254
-0.024968434125185013 0.015610392205417156 0.11800000071525574 250 255 254
-0.025245899334549904 0.01533292792737484 0.11800000071525574 246 255 255
-0.025523364543914795 0.01533292792737484 0.11800000071525574 246 255 255
-0.025800827890634537 0.015055463649332523 0.11800000071525574 212 239 250
-0.025523364543914795 0.014777999371290207 0.11800000071525574 249 255 255
-0.025523364543914795 0.014500534161925316 0.11800000071525574 249 255 255
-0.025245899334549904 0.014223069883883 0.11800000071525574 247 255 255
-0.024968434125185013 0.013945605605840683 0.11800000071525574 246 255 254
-0.02469097077846527 0.013668141327798367 0.11800000071525574 241 255 255
-0.02469097077846527 0.013390676118433475 0.11800000071525574 234 255 255
-0.024620400741696358 0.013224340975284576 0.11900000274181366 242 255 255
-0.024340584874153137 0.012944525107741356 0.11900000274181366 241 255 255
-0.024060769006609917 0.012944525107741356 0.11900000274181366 246 255 255
-0.023780953139066696 0.012944525107741356 0.11900000274181366 246 255 255
-0.023501135408878326 0.012944525107741356 0.11900000274181366 246 255 255
-0.023221319541335106 0.012944525107741356 0.11900000274181366 246 255 255
-0.022941503673791885 0.012944525107741356 0.11900000274181366 246 255 255
-0.022661687806248665 0.012944525107741356 0.11900000274181366 246 255 255
-0.02256995625793934 0.01305330265313387 0.11999999731779099 244 255 255
-0.02228778786957264 0.012771135196089745 0.11999999731779099 227 241 243
-0.02200562134385109 0.012771135196089745 0.11999999731779099 228 242 244
-0.02144128642976284 0.01305330265313387 0.11999999731779099 244 255 255
-0.02115911990404129 0.01305330265313387 0.11999999731779099 244 255 255
-0.02087695151567459 0.01305330265313387 0.11999999731779099 244 255 255
-0.02059478498995304 0.01305330265313387 0.11999999731779099 244 255 255
-0.020312616601586342 0.01305330265313387 0.11999999731779099 247 255 255
-0.01986352913081646 0.012944525107741356 0.11900000274181366 245 255 254
-0.01958371326327324 0.012944525107741356 0.11900000274181366 238 255 252
-0.01930389739573002 0.013224340975284576 0.11900000274181366 247 255 255
-0.018184633925557137 0.013783972710371017 0.11900000274181366 250 255 254
-0.017625002190470695 0.014343604445457458 0.11900000274181366 250 255 251
-0.017625002190470695 0.014623420313000679 0.11900000274181366 250 255 251
-0.017345186322927475 0.0149032361805439 0.11900000274181366 249 255 253
-0.017065370455384254 0.014623420313000679 0.11900000274181366 188 194 192
-0.016926610842347145 0.015028473921120167 0.11999999731779099 235 241 239
-0.016644442453980446 0.014746306464076042 0.11999999731779099 228 236 233
-0.016362275928258896 0.015028473921120167 0.11999999731779099 249 255 253
-0.016080107539892197 0.014746306464076042 0.11999999731779099 250 255 254
-0.01592959091067314 0.014584673568606377 0.12099999934434891 247 255 254
-0.015645071864128113 0.014300154522061348 0.12099999934434891 244 255 254
-0.015360552817583084 0.014300154522061348 0.12099999934434891 246 255 255
-0.01507603470236063 0.014300154522061348 0.12099999934434891 247 255 255
-0.014791515655815601 0.014300154522061348 0.12099999934434891 246 255 255
-0.014506996609270573 0.014300154522061348 0.12099999934434891 246 255 255
-0.014222478494048119 0.014300154522061348 0.12099999934434891 247 255 255
-0.01393795944750309 0.014300154522061348 0.12099999934434891 246 255 255
-0.013368922285735607 0.014584673568606377 0.12099999934434891 249 255 254
-0.012799885123968124 0.014869192615151405 0.12099999934434891 249 255 254
-0.012515366077423096 0.014869192615151405 0.12099999934434891 247 255 254
-0.012230847962200642 0.01515371073037386 0.12099999934434891 250 255 254
-0.011946328915655613 0.01515371073037386 0.12099999934434891 246 255 255
-0.011661809869110584 0.015438229776918888 0.12099999934434891 249 255 254
-0.01137729175388813 0.015722747892141342 0.12099999934434891 247 255 254
-0.01118444837629795 0.0161395575851202 0.12200000137090683 250 255 251
-0.01118444837629795 0.015852687880396843 0.12200000137090683 246 255 253
-0.011946328915655613 0.01515371073037386 0.12099999934434891 246 255 255
-0.012230847962200642 0.014869192615151405 0.12099999934434891 246 255 253
-0.012515366077423096 0.014869192615151405 0.12099999934434891 247 255 254
-0.013368922285735607 0.014584673568606377 0.12099999934434891 249 255 254
-0.01393795944750309 0.014300154522061348 0.12099999934434891 246 255 255
-0.014222478494048119 0.014300154522061348 0.12099999934434891 247 255 255
-0.014506996609270573 0.014300154522061348 0.12099999934434891 246 255 255
-0.014791515655815601 0.014300154522061348 0.12099999934434891 246 255 255
-0.01507603470236063 0.014300154522061348 0.12099999934434891 247 255 255
-0.015360552817583084 0.014300154522061348 0.12099999934434891 246 255 255
-0.015645071864128113 0.014300154522061348 0.12099999934434891 244 255 254
-0.01592959091067314 0.014300154522061348 0.12099999934434891 242 255 252
-0.016080107539892197 0.014464139007031918 0.11999999731779099 247 255 255
-0.016362275928258896 0.014746306464076042 0.11999999731779099 250 255 254
-0.016644442453980446 0.014746306464076042 0.11999999731779099 228 236 233
-0.016926610842347145 0.015028473921120167 0.11999999731779099 235 241 239
-0.017065370455384254 0.014623420313000679 0.11900000274181366 188 194 192
-0.017345186322927475 0.014623420313000679 0.11900000274181366 250 255 254
-0.017625002190470695 0.014343604445457458 0.11900000274181366 250 255 251
-0.01930389739573002 0.013224340975284576 0.11900000274181366 247 255 255
-0.01958371326327324 0.012944525107741356 0.11900000274181366 238 255 252
-0.01986352913081646 0.012944525107741356 0.11900000274181366 245 255 254
-0.020312616601586342 0.01305330265313387 0.11999999731779099 247 255 255
-0.02059478498995304 0.01305330265313387 0.11999999731779099 244 255 255
-0.02087695151567459 0.01305330265313387 0.11999999731779099 244 255 255
-0.02115911990404129 0.01305330265313387 0.11999999731779099 244 255 255
-0.02144128642976284 0.01305330265313387 0.11999999731779099 244 255 255
-0.02200562134385109 0.012771135196089745 0.11999999731779099 228 242 244
-0.055349111557006836 0.017172638326883316 0.1770000010728836 54 77 94
-0.0557653084397316 0.01758883334696293 0.1770000010728836 55 79 91
-0.05618150532245636 0.01758883334696293 0.1770000010728836 58 82 92
-0.05659770220518112 0.01758883334696293 0.1770000010728836 57 81 91
-0.057013899087905884 0.01758883334696293 0.1770000010728836 63 88 95
-0.057430095970630646 0.01758883334696293 0.1770000010728836 68 93 100
-0.05784629285335541 0.01758883334696293 0.1770000010728836 60 90 93
-0.057933323085308075 0.017489463090896606 0.17599999904632568 58 88 91
-0.05834716930985451 0.017489463090896606 0.17599999904632568 56 89 91
-0.05876101553440094 0.017489463090896606 0.17599999904632568 53 86 88
-0.059174858033657074 0.017489463090896606 0.17599999904632568 53 89 95
-0.059588704258203506 0.017489463090896606 0.17599999904632568 48 84 90
-0.06000255048274994 0.017489463090896606 0.17599999904632568 43 82 89
-0.0600731186568737 0.017390090972185135 0.17499999701976776 48 87 94
-0.060484614223241806 0.017390090972185135 0.17499999701976776 47 88 96
-0.06089610978960991 0.017390090972185135 0.17499999701976776 46 87 95
-0.061307601630687714 0.017390090972185135 0.17499999701976776 43 84 92
-0.06171909719705582 0.017390090972185135 0.17499999701976776 40 81 89
-0.06213058903813362 0.01780158467590809 0.17499999701976776 46 87 95
-0.06213058903813362 0.018213078379631042 0.17499999701976776 49 86 89
-0.06213058903813362 0.018624572083353996 0.17499999701976776 51 85 84
-0.06213058903813362 0.01903606578707695 0.17499999701976776 48 82 81
-0.06213058903813362 0.019447559490799904 0.17499999701976776 56 89 93
-0.06213058903813362 0.01903606578707695 0.17499999701976776 48 82 81
-0.06213058903813362 0.018624572083353996 0.17499999701976776 51 85 84
-0.06213058903813362 0.018213078379631042 0.17499999701976776 49 86 89
-0.06171909719705582 0.01780158467590809 0.17499999701976776 48 84 94
-0.061307601630687714 0.017390090972185135 0.17499999701976776 43 84 92
-0.06089610978960991 0.017390090972185135 0.17499999701976776 46 87 95
-0.060484614223241806 0.017390090972185135 0.17499999701976776 47 88 96
-0.0600731186568737 0.017390090972185135 0.17499999701976776 48 87 94
-0.06000255048274994 0.017489463090896606 0.17599999904632568 43 82 89
-0.059588704258203506 0.017489463090896606 0.17599999904632568 48 84 90
-0.059174858033657074 0.017489463090896606 0.17599999904632568 53 89 95
-0.05876101553440094 0.017489463090896606 0.17599999904632568 53 86 88
-0.05834716930985451 0.017489463090896606 0.17599999904632568 56 89 91
-0.057933323085308075 0.017489463090896606 0.17599999904632568 58 88 91
-0.05784629285335541 0.01758883334696293 0.1770000010728836 60 90 93
-0.057430095970630646 0.01758883334696293 0.1770000010728836 68 93 100
-0.057013899087905884 0.01758883334696293 0.1770000010728836 63 88 95
-0.05659770220518112 0.01758883334696293 0.1770000010728836 57 81 91
-0.05618150532245636 0.01758883334696293 0.1770000010728836 58 82 92
-0.0557653084397316 0.01758883334696293 0.1770000010728836 55 79 91
-0.055349111557006836 0.017172638326883316 0.1770000010728836 54 77 94
-0.054932914674282074 0.017172638326883316 0.1770000010728836 56 80 94
-0.05451671779155731 0.01758883334696293 0.1770000010728836 51 78 89
-0.05410052090883255 0.01758883334696293 0.1770000010728836 56 80 90
-0.05338102579116821 0.017489463090896606 0.17599999904632568 58 82 92
-0.05296717956662178 0.017489463090896606 0.17599999904632568 57 82 89
-0.05255333334207535 0.017075616866350174 0.17599999904632568 61 86 93
-0.052139487117528915 0.017489463090896606 0.17599999904632568 57 82 87
-0.05172564089298248 0.017489463090896606 0.17599999904632568 62 87 92
-0.05131179839372635 0.017489463090896606 0.17599999904632568 62 87 92
-0.050897952169179916 0.017489463090896606 0.17599999904632568 58 83 88
-0.050484105944633484 0.017489463090896606 0.17599999904632568 45 75 78
-0.05007025972008705 0.017489463090896606 0.17599999904632568 46 76 79
-0.04993855580687523 0.017172638326883316 0.1770000010728836 37 71 79
-0.04952235892415047 0.017172638326883316 0.1770000010728836 40 74 82
-0.049106162041425705 0.017172638326883316 0.1770000010728836 40 78 92
-0.04896504804491997 0.01726965792477131 0.17800000309944153 36 74 88
-0.048546500504016876 0.01726965792477131 0.17800000309944153 39 76 93
-0.048127952963113785 0.0176882054656744 0.17800000309944153 42 76 94
-0.04770940542221069 0.0176882054656744 0.17800000309944153 42 72 91
-0.0472908578813076 0.0176882054656744 0.17800000309944153 43 73 92
-0.04713563621044159 0.017787577584385872 0.17900000512599945 40 68 85
-0.04671473801136017 0.017787577584385872 0.17900000512599945 44 72 89
-0.04629383608698845 0.017787577584385872 0.17900000512599945 49 75 93
-0.04587293788790703 0.017787577584385872 0.17900000512599945 49 75 93
-0.04545203596353531 0.01736667938530445 0.17900000512599945 46 72 90
-0.04503113776445389 0.01736667938530445 0.17900000512599945 47 73 91
-0.04461023956537247 0.017787577584385872 0.17900000512599945 47 74 87
-0.04418933764100075 0.017787577584385872 0.17900000512599945 51 78 91
-0.04376843944191933 0.017787577584385872 0.17900000512599945 55 79 93
-0.043347541242837906 0.017787577584385872 0.17900000512599945 55 79 93
-0.042926639318466187 0.017787577584385872 0.17900000512599945 59 81 95
-0.042505741119384766 0.017787577584385872 0.17900000512599945 55 77 91
-0.042084842920303345 0.017787577584385872 0.17900000512599945 50 72 86
-0.041663940995931625 0.017787577584385872 0.17900000512599945 52 74 88
-0.041243042796850204 0.017787577584385872 0.17900000512599945 42 65 82
-0.040822144597768784 0.017787577584385872 0.17900000512599945 50 73 90
-0.040401242673397064 0.017787577584385872 0.17900000512599945 47 73 89
-0.03998034447431564 0.017787577584385872 0.17900000512599945 49 75 91
-0.039559442549943924 0.017787577584385872 0.17900000512599945 37 64 75
-0.03935719653964043 0.017463698983192444 0.18000000715255737 52 81 89
-0.03893394395709038 0.017463698983192444 0.18000000715255737 61 84 91
-0.03851069509983063 0.017463698983192444 0.18000000715255737 63 86 93
-0.03808744251728058 0.017463698983192444 0.18000000715255737 57 78 86
-0.03766419366002083 0.017463698983192444 0.18000000715255737 51 72 80
-0.03724094107747078 0.017886949703097343 0.18000000715255737 57 79 89
-0.03681768849492073 0.017886949703097343 0.18000000715255737 56 78 88
-0.03639443963766098 0.017886949703097343 0.18000000715255737 58 80 92
-0.03597118705511093 0.017886949703097343 0.18000000715255737 55 77 89
-0.03554793819785118 0.017886949703097343 0.18000000715255737 56 76 91
-0.03512468561530113 0.017886949703097343 0.18000000715255737 59 79 94
-0.03470143675804138 0.017886949703097343 0.18000000715255737 60 82 96
-0.03427818417549133 0.017886949703097343 0.18000000715255737 59 81 95
-0.029361391440033913 0.017986321821808815 0.1809999942779541 50 73 92
-0.028935788199305534 0.017986321821808815 0.1809999942779541 51 74 91
-0.028510186821222305 0.017986321821808815 0.1809999942779541 55 78 95
-0.028084583580493927 0.017986321821808815 0.1809999942779541 49 75 91
-0.027658982202410698 0.017986321821808815 0.1809999942779541 47 73 89
-0.02723337896168232 0.017560720443725586 0.1809999942779541 48 76 91
-0.02680777758359909 0.017560720443725586 0.1809999942779541 48 76 91
-0.026527931913733482 0.01765774004161358 0.18199999630451202 47 76 88
-0.026099978014826775 0.01765774004161358 0.18199999630451202 51 80 92
-0.025672025978565216 0.018085693940520287 0.18199999630451202 53 80 93
-0.02524407207965851 0.01765774004161358 0.18199999630451202 49 76 87
-0.0248161181807518 0.01765774004161358 0.18199999630451202 41 70 78
-0.024388164281845093 0.01765774004161358 0.18199999630451202 52 81 89
-0.023960210382938385 0.01765774004161358 0.18199999630451202 49 82 84
-0.023532256484031677 0.01765774004161358 0.18199999630451202 52 85 87
-0.02310430258512497 0.018085693940520287 0.18199999630451202 47 77 82
-0.02267634868621826 0.018085693940520287 0.18199999630451202 48 78 83
-0.022248394787311554 0.018085693940520287 0.18199999630451202 47 76 84
-0.021820440888404846 0.018085693940520287 0.18199999630451202 48 77 85
-0.021392488852143288 0.018513647839426994 0.18199999630451202 42 67 88
-0.02096453495323658 0.018513647839426994 0.18199999630451202 41 66 87
-0.020536581054329872 0.018513647839426994 0.18199999630451202 44 69 90
-0.020108627155423164 0.018513647839426994 0.18199999630451202 44 69 90
-0.019680673256516457 0.018941601738333702 0.18199999630451202 39 70 86
-0.01925271935760975 0.018941601738333702 0.18199999630451202 42 73 89
-0.01882476545870304 0.018941601738333702 0.18199999630451202 29 60 74
-0.018396811559796333 0.01936955563724041 0.18199999630451202 49 81 90
-0.017968857660889626 0.01936955563724041 0.18199999630451202 48 77 85
-0.017637282609939575 0.01947598159313202 0.18299999833106995 48 77 85
-0.017206978052854538 0.01947598159313202 0.18299999833106995 49 77 83
-0.0167766734957695 0.01947598159313202 0.18299999833106995 51 79 85
-0.016346367076039314 0.019906286150217056 0.18299999833106995 46 73 84
-0.015916062518954277 0.019906286150217056 0.18299999833106995 51 78 89
-0.01548575796186924 0.019906286150217056 0.18299999833106995 46 73 86
-0.015055452473461628 0.019906286150217056 0.18299999833106995 35 62 75
-0.014545228332281113 0.019797509536147118 0.18199999630451202 26 52 68
-0.014117274433374405 0.019797509536147118 0.18199999630451202 38 64 80
-0.013689321465790272 0.019797509536147118 0.18199999630451202 36 64 79
-0.013261367566883564 0.019797509536147118 0.18199999630451202 37 65 80
-0.012833413667976856 0.020225463435053825 0.18199999630451202 48 70 84
-0.01233729813247919 0.020114334300160408 0.1809999942779541 45 67 81
-0.011911695823073387 0.020539935678243637 0.1809999942779541 50 72 86
-0.011486093513667583 0.020539935678243637 0.1809999942779541 46 68 82
-0.01106049120426178 0.020539935678243637 0.1809999942779541 50 71 90
-0.010634888894855976 0.020539935678243637 0.1809999942779541 49 70 89
-0.010209286585450172 0.020965538918972015 0.1809999942779541 51 72 89
-0.009729630313813686 0.02084970660507679 0.18000000715255737 51 72 89
-0.009306379593908787 0.02084970660507679 0.18000000715255737 51 72 89
-0.009306379593908787 0.02084970660507679 0.18000000715255737 51 72 89
-0.009729630313813686 0.02084970660507679 0.18000000715255737 51 72 89
-0.010209286585450172 0.020965538918972015 0.1809999942779541 51 72 89
-0.010634888894855976 0.020539935678243637 0.1809999942779541 49 70 89
-0.01106049120426178 0.020539935678243637 0.1809999942779541 50 71 90
-0.011486093513667583 0.020539935678243637 0.1809999942779541 46 68 82
-0.011911695823073387 0.020114334300160408 0.1809999942779541 43 67 81
-0.01233729813247919 0.020114334300160408 0.1809999942779541 45 67 81
-0.012833413667976856 0.020225463435053825 0.18199999630451202 48 70 84
-0.013261367566883564 0.019797509536147118 0.18199999630451202 37 65 80
-0.013689321465790272 0.019797509536147118 0.18199999630451202 36 64 79
-0.014117274433374405 0.019797509536147118 0.18199999630451202 38 64 80
-0.014545228332281113 0.019797509536147118 0.18199999630451202 26 52 68
-0.015055452473461628 0.019906286150217056 0.18299999833106995 35 62 75
-0.01548575796186924 0.019906286150217056 0.18299999833106995 46 73 86
-0.015916062518954277 0.019906286150217056 0.18299999833106995 51 78 89
-0.016346367076039314 0.019906286150217056 0.18299999833106995 46 73 84
-0.0167766734957695 0.01947598159313202 0.18299999833106995 51 79 85
-0.017206978052854538 0.01947598159313202 0.18299999833106995 49 77 83
-0.017637282609939575 0.01947598159313202 0.18299999833106995 48 77 85
-0.017968857660889626 0.01936955563724041 0.18199999630451202 48 77 85
-0.018396811559796333 0.01936955563724041 0.18199999630451202 49 81 90
-0.01882476545870304 0.018941601738333702 0.18199999630451202 29 60 74
-0.01925271935760975 0.018941601738333702 0.18199999630451202 42 73 89
-0.019680673256516457 0.018941601738333702 0.18199999630451202 39 70 86
-0.020108627155423164 0.018513647839426994 0.18199999630451202 44 69 90
-0.020536581054329872 0.018513647839426994 0.18199999630451202 44 69 90
-0.02096453495323658 0.018513647839426994 0.18199999630451202 41 66 87
-0.021392488852143288 0.018513647839426994 0.18199999630451202 42 67 88
-0.021820440888404846 0.018085693940520287 0.18199999630451202 48 77 85
-0.022248394787311554 0.018085693940520287 0.18199999630451202 47 76 84
-0.02267634868621826 0.018085693940520287 0.18199999630451202 48 78 83
-0.02310430258512497 0.018085693940520287 0.18199999630451202 47 77 82
-0.023532256484031677 0.01765774004161358 0.18199999630451202 52 85 87
-0.023960210382938385 0.01765774004161358 0.18199999630451202 49 82 84
-0.024388164281845093 0.01765774004161358 0.18199999630451202 52 81 89
-0.0248161181807518 0.01765774004161358 0.18199999630451202 41 70 78
-0.02524407207965851 0.01765774004161358 0.18199999630451202 49 76 87
-0.025672025978565216 0.018085693940520287 0.18199999630451202 53 80 93
-0.026099978014826775 0.01765774004161358 0.18199999630451202 51 80 92
-0.026527931913733482 0.01765774004161358 0.18199999630451202 47 76 88
-0.02680777758359909 0.017560720443725586 0.1809999942779541 48 76 91
-0.02723337896168232 0.017560720443725586 0.1809999942779541 48 76 91
-0.027658982202410698 0.017986321821808815 0.1809999942779541 47 73 89
-0.028084583580493927 0.017986321821808815 0.1809999942779541 49 75 91
-0.028510186821222305 0.017986321821808815 0.1809999942779541 55 78 95
-0.028935788199305534 0.017986321821808815 0.1809999942779541 51 74 91
-0.029361391440033913 0.017986321821808815 0.1809999942779541 50 73 92
-0.03427818417549133 0.017886949703097343 0.18000000715255737 59 81 95
-0.03470143675804138 0.017886949703097343 0.18000000715255737 60 82 96
-0.03512468561530113 0.017886949703097343 0.18000000715255737 59 79 94
-0.03554793819785118 0.017886949703097343 0.18000000715255737 56 76 91
-0.03597118705511093 0.017886949703097343 0.18000000715255737 55 77 89
-0.03639443963766098 0.017886949703097343 0.18000000715255737 58 80 92
-0.03681768849492073 0.017886949703097343 0.18000000715255737 56 78 88
-0.03724094107747078 0.017886949703097343 0.18000000715255737 57 79 89
-0.03766419366002083 0.017463698983192444 0.18000000715255737 51 72 80
-0.03808744251728058 0.017463698983192444 0.18000000715255737 57 78 86
-0.03851069509983063 0.017463698983192444 0.18000000715255737 63 86 93
-0.03893394395709038 0.017463698983192444 0.18000000715255737 61 84 91
-0.03935719653964043 0.017463698983192444 0.18000000715255737 52 81 89
-0.039559442549943924 0.017787577584385872 0.17900000512599945 37 64 75
-0.03998034447431564 0.017787577584385872 0.17900000512599945 49 75 91
-0.040401242673397064 0.017787577584385872 0.17900000512599945 47 73 89
-0.040822144597768784 0.017787577584385872 0.17900000512599945 50 73 90
-0.041243042796850204 0.017787577584385872 0.17900000512599945 42 65 82
-0.041663940995931625 0.017787577584385872 0.17900000512599945 52 74 88
-0.042084842920303345 0.017787577584385872 0.17900000512599945 50 72 86
-0.042505741119384766 0.017787577584385872 0.17900000512599945 55 77 91
-0.042926639318466187 0.017787577584385872 0.17900000512599945 59 81 95
-0.043347541242837906 0.017787577584385872 0.17900000512599945 55 79 93
-0.04376843944191933 0.017787577584385872 0.17900000512599945 55 79 93
-0.04418933764100075 0.017787577584385872 0.17900000512599945 51 78 91
-0.04461023956537247 0.017787577584385872 0.17900000512599945 47 74 87
-0.04503113776445389 0.01736667938530445 0.17900000512599945 47 73 91
-0.04545203596353531 0.01736667938530445 0.17900000512599945 46 72 90
-0.04587293788790703 0.017787577584385872 0.17900000512599945 49 75 93
-0.04629383608698845 0.017787577584385872 0.17900000512599945 49 75 93
-0.04671473801136017 0.017787577584385872 0.17900000512599945 44 72 89
-0.04713563621044159 0.017787577584385872 0.17900000512599945 40 68 85
-0.0472908578813076 0.0176882054656744 0.17800000309944153 43 73 92
-0.04770940542221069 0.0176882054656744 0.17800000309944153 42 72 91
-0.048127952963113785 0.0176882054656744 0.17800000309944153 42 76 94
-0.048546500504016876 0.01726965792477131 0.17800000309944153 39 76 93
-0.04896504804491997 0.01726965792477131 0.17800000309944153 36 74 88
-0.049106162041425705 0.017172638326883316 0.1770000010728836 40 78 92
-0.04952235892415047 0.017172638326883316 0.1770000010728836 40 74 82
-0.04993855580687523 0.017172638326883316 0.1770000010728836 37 71 79
-0.05007025972008705 0.017489463090896606 0.17599999904632568 46 76 79
-0.050484105944633484 0.017489463090896606 0.17599999904632568 45 75 78
-0.050897952169179916 0.017489463090896606 0.17599999904632568 58 83 88
-0.05131179839372635 0.017489463090896606 0.17599999904632568 62 87 92
-0.05172564089298248 0.017489463090896606 0.17599999904632568 62 87 92
-0.052139487117528915 0.017489463090896606 0.17599999904632568 57 82 87
-0.05255333334207535 0.017075616866350174 0.17599999904632568 61 86 93
-0.05296717956662178 0.017489463090896606 0.17599999904632568 57 82 89
-0.05338102579116821 0.017489463090896606 0.17599999904632568 58 82 92
-0.05410052090883255 0.01758883334696293 0.1770000010728836 56 80 90
-0.05451671779155731 0.01758883334696293 0.1770000010728836 51 78 89
-0.054932914674282074 0.017172638326883316 0.1770000010728836 56 80 94
