0.009757067076861858 0.000935444375500083 0.12200000137090683 168 166 145
0.009470196440815926 0.0012223144294694066 0.12200000137090683 181 174 157
0.009183326736092567 0.0020829245913773775 0.12200000137090683 191 186 164
0.009470196440815926 0.0026566649321466684 0.12200000137090683 255 255 236
0.009757067076861858 0.0029435348697006702 0.12200000137090683 254 255 243
0.010043936781585217 0.0032304050400853157 0.12200000137090683 254 255 245
0.01033080741763115 0.0032304050400853157 0.12200000137090683 254 255 249
0.010043936781585217 0.0032304050400853157 0.12200000137090683 254 255 245
0.009757067076861858 0.0029435348697006702 0.12200000137090683 254 255 243
0.009470196440815926 0.0026566649321466684 0.12200000137090683 255 255 236
0.009183326736092567 0.002369794761762023 0.12200000137090683 229 227 206
0.009183326736092567 0.0020829245913773775 0.12200000137090683 191 186 164
0.009470196440815926 0.0015091844834387302 0.12200000137090683 235 226 209
0.009757067076861858 0.0012223144294694066 0.12200000137090683 253 251 230
0.010043936781585217 0.000935444375500083 0.12200000137090683 228 226 205
0.01033080741763115 0.0006485743215307593 0.12200000137090683 244 239 217
0.01578133925795555 0.0006485743215307593 0.12200000137090683 218 211 180
0.016355078667402267 0.000935444375500083 0.12200000137090683 234 227 194
0.01764361374080181 0.0020658515859395266 0.12099999934434891 245 238 205
0.018062133342027664 0.0026131130289286375 0.11999999731779099 138 122 88
0.018062133342027664 0.0028952802531421185 0.11999999731779099 204 199 166
0.018344301730394363 0.0026131130289286375 0.11999999731779099 120 104 70
0.018626468256115913 0.0028952802531421185 0.11999999731779099 255 253 221
0.018908634781837463 0.0026131130289286375 0.11999999731779099 250 239 203
0.019190803170204163 0.002330945571884513 0.11999999731779099 213 205 165
0.019472969695925713 0.002330945571884513 0.11999999731779099 235 227 187
0.01991976425051689 0.0020658515859395266 0.12099999934434891 132 118 85
0.02020428143441677 0.0020658515859395266 0.12099999934434891 135 121 88
0.0204888004809618 0.0020658515859395266 0.12099999934434891 129 112 85
0.02077331952750683 0.002350370166823268 0.12099999934434891 238 226 195
0.021057838574051857 0.002350370166823268 0.12099999934434891 228 216 187
0.022379349917173386 0.0026566649321466684 0.12200000137090683 229 219 187
0.022666219621896744 0.0026566649321466684 0.12200000137090683 190 180 148
0.02295309118926525 0.0029435348697006702 0.12200000137090683 229 219 187
0.02323996089398861 0.0029435348697006702 0.12200000137090683 171 161 129
0.023526830598711967 0.0032304050400853157 0.12200000137090683 221 210 176
0.02438744157552719 0.003804145148023963 0.12200000137090683 200 195 164
0.02467431128025055 0.004091015085577965 0.12200000137090683 197 190 159
0.02467431128025055 0.00437788525596261 0.12200000137090683 244 239 208
0.025248050689697266 0.004951625596731901 0.12200000137090683 182 177 136
0.025534920394420624 0.004951625596731901 0.12200000137090683 148 143 102
0.025534920394420624 0.004951625596731901 0.12200000137090683 148 143 102
0.02467431128025055 0.004091015085577965 0.12200000137090683 197 190 159
0.02323996089398861 0.0029435348697006702 0.12200000137090683 171 161 129
0.022666219621896744 0.0026566649321466684 0.12200000137090683 190 180 148
0.022379349917173386 0.0026566649321466684 0.12200000137090683 229 219 187
0.021057838574051857 0.002350370166823268 0.12099999934434891 228 216 187
0.02077331952750683 0.002350370166823268 0.12099999934434891 238 226 195
0.0204888004809618 0.0020658515859395266 0.12099999934434891 129 112 85
0.02020428143441677 0.0020658515859395266 0.12099999934434891 135 121 88
0.01991976425051689 0.0020658515859395266 0.12099999934434891 132 118 85
0.019472969695925713 0.002330945571884513 0.11999999731779099 235 227 187
0.019190803170204163 0.002330945571884513 0.11999999731779099 213 205 165
0.018908634781837463 0.002330945571884513 0.11999999731779099 156 138 104
0.018626468256115913 0.0026131130289286375 0.11999999731779099 188 177 141
0.018344301730394363 0.0026131130289286375 0.11999999731779099 120 104 70
0.01821265183389187 0.002350370166823268 0.12099999934434891 117 97 61
0.01578133925795555 0.0006485743215307593 0.12200000137090683 218 211 180
-0.007030030246824026 -0.0020838486962020397 0.18700000643730164 125 113 93
-0.005312703549861908 -0.0011693601263687015 0.13300000131130219 110 101 92
-0.005312703549861908 -0.0008566247415728867 0.13300000131130219 185 177 165
-0.005667735356837511 -0.0005479787359945476 0.1340000033378601 129 121 107
-0.005667735356837511 -0.00023289192176889628 0.1340000033378601 201 196 178
-0.005982822272926569 8.219488518079743e-05 0.1340000033378601 133 124 105
-0.005982822272926569 0.00039728169213049114 0.1340000033378601 201 194 163
-0.006297909189015627 0.0010274553205817938 0.1340000033378601 169 165 127
-0.006297909189015627 0.0013425421202555299 0.1340000033378601 232 228 180
-0.005982822272926569 0.0013425421202555299 0.1340000033378601 255 255 210
-0.005625438876450062 0.0013325231848284602 0.13300000131130219 254 255 222
-0.005312703549861908 0.0013325231848284602 0.13300000131130219 255 255 225
-0.004999968223273754 0.0013325231848284602 0.13300000131130219 254 255 241
-0.004651990253478289 0.0013225041329860687 0.13199999928474426 254 255 241
-0.004341606516391039 0.0013225041329860687 0.13199999928474426 254 255 249
-0.004031222313642502 0.0013225041329860687 0.13199999928474426 254 255 249
-0.0037208383437246084 0.0013225041329860687 0.13199999928474426 254 255 249
-0.0033846173901110888 0.001312485197558999 0.13099999725818634 254 255 249
-0.0030765847768634558 0.001312485197558999 0.13099999725818634 254 255 249
-0.002768552163615823 0.001312485197558999 0.13099999725818634 254 255 249
-0.002441737102344632 0.0013024662621319294 0.12999999523162842 254 255 249
-0.0021360558457672596 0.0013024662621319294 0.12999999523162842 254 255 249
-0.001830374589189887 0.0013024662621319294 0.12999999523162842 254 255 249
-0.0015246933326125145 0.0013024662621319294 0.12999999523162842 254 255 249
-0.001209635054692626 0.001292447210289538 0.1289999932050705 254 255 249
-0.0009063052712008357 0.001292447210289538 0.1289999932050705 254 255 249
-0.0005983011797070503 0.0012824282748624682 0.12800000607967377 254 255 249
-0.00029732275288552046 0.0012824282748624682 0.12800000607967377 254 255 249
3.6556830309564248e-06 0.0012824282748624682 0.12800000607967377 254 255 249
0.00030225416412577033 0.0012724093394353986 0.12700000405311584 254 255 249
0.0006008812342770398 0.0012724093394353986 0.12700000405311584 254 255 249
0.00030225416412577033 0.0012724093394353986 0.12700000405311584 254 255 249
3.6556830309564248e-06 0.0012824282748624682 0.12800000607967377 254 255 249
-0.00029732275288552046 0.0012824282748624682 0.12800000607967377 254 255 249
-0.0005983011797070503 0.0012824282748624682 0.12800000607967377 254 255 249
-0.0009063052712008357 0.001292447210289538 0.1289999932050705 254 255 249
-0.001209635054692626 0.001292447210289538 0.1289999932050705 254 255 249
-0.0015246933326125145 0.0013024662621319294 0.12999999523162842 254 255 249
-0.001830374589189887 0.0013024662621319294 0.12999999523162842 254 255 249
-0.0021360558457672596 0.0013024662621319294 0.12999999523162842 254 255 249
-0.002441737102344632 0.0013024662621319294 0.12999999523162842 254 255 249
-0.002768552163615823 0.001312485197558999 0.13099999725818634 254 255 249
-0.0030765847768634558 0.001312485197558999 0.13099999725818634 254 255 249
-0.0033846173901110888 0.001312485197558999 0.13099999725818634 254 255 249
-0.0037208383437246084 0.0013225041329860687 0.13199999928474426 254 255 249
-0.004031222313642502 0.0013225041329860687 0.13199999928474426 254 255 249
-0.004341606516391039 0.0013225041329860687 0.13199999928474426 254 255 249
-0.004651990253478289 0.0013225041329860687 0.13199999928474426 254 255 241
-0.004999968223273754 0.0013325231848284602 0.13300000131130219 254 255 241
-0.005312703549861908 0.0013325231848284602 0.13300000131130219 255 255 225
-0.005625438876450062 0.0013325231848284602 0.13300000131130219 254 255 222
-0.005982822272926569 0.0013425421202555299 0.1340000033378601 255 255 210
-0.006297909189015627 0.0010274553205817938 0.1340000033378601 169 165 127
-0.005982822272926569 0.00039728169213049114 0.1340000033378601 201 194 163
-0.005667735356837511 8.219488518079743e-05 0.1340000033378601 241 239 216
-0.005667735356837511 -0.00023289192176889628 0.1340000033378601 201 196 178
-0.005312703549861908 -0.000543889356777072 0.13300000131130219 239 231 217
-0.005312703549861908 -0.0008566247415728867 0.13300000131130219 185 177 165
-0.004999968223273754 -0.0011693601263687015 0.13300000131130219 214 207 186
-0.004722475074231625 -0.001493239076808095 0.1340000033378601 226 214 194
-0.004407388158142567 -0.001808325992897153 0.1340000033378601 172 156 135
-0.004092301242053509 -0.001808325992897153 0.1340000033378601 181 165 144
-0.0037490264512598515 -0.0017948310123756528 0.13300000131130219 195 188 159
-0.0034362911246716976 -0.0017948310123756528 0.13300000131130219 210 203 174
-0.0031235555652529 -0.0017948310123756528 0.13300000131130219 208 196 169
-0.0027896862011402845 -0.0014709519455209374 0.13199999928474426 239 234 203
-0.002479302231222391 -0.0014709519455209374 0.13199999928474426 183 173 134
-0.0021689182613044977 -0.001160567975603044 0.13199999928474426 190 186 148
-0.0009063052712008357 -0.00113419140689075 0.1289999932050705 215 202 160
-0.0006029754295013845 -0.001437521306797862 0.1289999932050705 132 125 96
-0.0004320471198298037 -0.002072704955935478 0.1860000044107437 149 142 113
5.312164375936845e-06 -0.002072704955935478 0.1860000044107437 153 149 113
0.00044267147313803434 -0.002072704955935478 0.1860000044107437 157 153 117
0.0008800307405181229 -0.002072704955935478 0.1860000044107437 163 157 119
0.0013173900078982115 -0.002072704955935478 0.1860000044107437 164 158 120
0.001754749333485961 -0.002072704955935478 0.1860000044107437 156 142 109
0.0015085479244589806 -0.0011253992561250925 0.12800000607967377 220 215 172
0.002643604762852192 -0.001644137897528708 0.18700000643730164 187 168 125
0.003083315445110202 -0.001204427215270698 0.18700000643730164 230 225 184
0.0035230261273682117 -0.001204427215270698 0.18700000643730164 197 181 137
0.002670079469680786 -0.0005152635858394206 0.12600000202655792 235 230 187
0.0029663550667464733 -0.00021898791601415724 0.12600000202655792 244 236 194
0.0032626306638121605 7.728772470727563e-05 0.12600000202655792 213 207 169
0.0035589062608778477 0.0006698390352539718 0.12600000202655792 152 150 113
0.0035589062608778477 0.0009661146905273199 0.12600000202655792 176 172 136
0.0035589062608778477 0.0006698390352539718 0.12600000202655792 152 150 113
0.0032626306638121605 7.728772470727563e-05 0.12600000202655792 213 207 169
0.003962737042456865 -0.001204427215270698 0.18700000643730164 145 129 85
0.0035230261273682117 -0.001204427215270698 0.18700000643730164 197 181 137
0.003083315445110202 -0.001644137897528708 0.18700000643730164 140 121 78
0.002643604762852192 -0.001644137897528708 0.18700000643730164 187 168 125
0.0015085479244589806 -0.0011253992561250925 0.12800000607967377 220 215 172
0.001754749333485961 -0.002072704955935478 0.1860000044107437 156 142 109
0.0013173900078982115 -0.002072704955935478 0.1860000044107437 164 158 120
0.0008800307405181229 -0.002072704955935478 0.1860000044107437 163 157 119
0.00044267147313803434 -0.002072704955935478 0.1860000044107437 157 153 117
5.312164375936845e-06 -0.002072704955935478 0.1860000044107437 153 149 113
-0.0004320471198298037 -0.002072704955935478 0.1860000044107437 149 142 113
-0.0006029754295013845 -0.001437521306797862 0.1289999932050705 132 125 96
-0.0009063052712008357 -0.00113419140689075 0.1289999932050705 215 202 160
-0.003039771690964699 -0.0020615614484995604 0.1850000023841858 115 105 66
-0.002479302231222391 -0.0014709519455209374 0.13199999928474426 183 173 134
-0.003909787628799677 -0.0024965694174170494 0.1850000023841858 157 145 118
-0.0031235555652529 -0.0017948310123756528 0.13300000131130219 208 196 169
-0.0034362911246716976 -0.0017948310123756528 0.13300000131130219 210 203 174
-0.0037490264512598515 -0.0017948310123756528 0.13300000131130219 195 188 159
-0.004092301242053509 -0.001808325992897153 0.1340000033378601 181 165 144
-0.004407388158142567 -0.001808325992897153 0.1340000033378601 172 156 135
