-0.016882827505469322 0.035086579620838165 0.17100000381469727 193 208 205
-0.01728491671383381 0.035086579620838165 0.17100000381469727 154 168 170
-0.017687005922198296 0.035086579620838165 0.17100000381469727 111 125 127
-0.018089093267917633 0.03548866882920265 0.17100000381469727 156 169 168
-0.01900375634431839 0.03610064461827278 0.1720000058412552 109 121 111
-0.019408196210861206 0.03610064461827278 0.1720000058412552 137 149 139
-0.02427314594388008 0.037553295493125916 0.17499999701976776 143 156 153
-0.024684639647603035 0.03837628290057182 0.17499999701976776 129 137 124
-0.024684639647603035 0.03878777474164963 0.17499999701976776 173 176 160
-0.024684639647603035 0.03837628290057182 0.17499999701976776 129 137 124
-0.02427314594388008 0.03796478733420372 0.17499999701976776 189 201 191
-0.02427314594388008 0.037553295493125916 0.17499999701976776 143 156 153
-0.019812636077404022 0.03610064461827278 0.1720000058412552 204 208 203
-0.019408196210861206 0.03610064461827278 0.1720000058412552 137 149 139
-0.01900375634431839 0.03610064461827278 0.1720000058412552 109 121 111
-0.018599318340420723 0.03610064461827278 0.1720000058412552 163 179 170
-0.018089093267917633 0.03548866882920265 0.17100000381469727 156 169 168
-0.017687005922198296 0.03548866882920265 0.17100000381469727 237 250 245
-0.01728491671383381 0.035086579620838165 0.17100000381469727 154 168 170
-0.016882827505469322 0.035086579620838165 0.17100000381469727 193 208 205
-0.014385676011443138 0.03488139435648918 0.17000000178813934 208 219 217
-0.01398593932390213 0.03488139435648918 0.17000000178813934 179 190 188
-0.01318646501749754 0.03528113290667534 0.17000000178813934 206 217 213
-0.012786728329956532 0.0356808677315712 0.17000000178813934 210 223 218
-0.012386991642415524 0.036080606281757355 0.17000000178813934 152 160 157
-0.012386991642415524 0.03648034483194351 0.17000000178813934 178 187 180
-0.012386991642415524 0.03688007965683937 0.17000000178813934 212 221 214
-0.011987254023551941 0.03727981820702553 0.17000000178813934 86 104 100
-0.011987254023551941 0.03767955303192139 0.17000000178813934 104 122 118
-0.012386991642415524 0.038079291582107544 0.17000000178813934 248 255 248
-0.012786728329956532 0.038079291582107544 0.17000000178813934 249 255 249
-0.01318646501749754 0.038079291582107544 0.17000000178813934 252 255 249
-0.013586202636361122 0.038079291582107544 0.17000000178813934 252 255 249
-0.01398593932390213 0.038079291582107544 0.17000000178813934 252 255 249
-0.01447029784321785 0.03830328583717346 0.17100000381469727 252 255 249
-0.014872386120259762 0.03830328583717346 0.17100000381469727 252 255 249
-0.015274474397301674 0.03830328583717346 0.17100000381469727 252 255 249
-0.01567656360566616 0.03830328583717346 0.17100000381469727 252 255 249
-0.016078650951385498 0.03830328583717346 0.17100000381469727 252 255 249
-0.016577119007706642 0.03852728381752968 0.1720000058412552 252 255 249
-0.01698155887424946 0.03852728381752968 0.1720000058412552 252 255 249
-0.017385998740792274 0.03852728381752968 0.1720000058412552 252 255 249
-0.01779043860733509 0.03852728381752968 0.1720000058412552 252 255 249
-0.018194878473877907 0.03852728381752968 0.1720000058412552 252 255 249
-0.018599318340420723 0.03852728381752968 0.1720000058412552 252 255 249
-0.01900375634431839 0.03852728381752968 0.1720000058412552 252 255 249
-0.019408196210861206 0.03852728381752968 0.1720000058412552 252 255 249
-0.019812636077404022 0.03852728381752968 0.1720000058412552 252 255 249
-0.02021707594394684 0.03852728381752968 0.1720000058412552 252 255 249
-0.020621515810489655 0.03852728381752968 0.1720000058412552 252 255 249
-0.02102595567703247 0.03852728381752968 0.1720000058412552 252 255 249
-0.021554991602897644 0.038751278072595596 0.17299999296665192 252 255 249
-0.02102595567703247 0.03852728381752968 0.1720000058412552 252 255 249
-0.020621515810489655 0.03852728381752968 0.1720000058412552 252 255 249
-0.02021707594394684 0.03852728381752968 0.1720000058412552 252 255 249
-0.019812636077404022 0.03852728381752968 0.1720000058412552 252 255 249
-0.019408196210861206 0.03852728381752968 0.1720000058412552 252 255 249
-0.01900375634431839 0.03852728381752968 0.1720000058412552 252 255 249
-0.018599318340420723 0.03852728381752968 0.1720000058412552 252 255 249
-0.018194878473877907 0.03852728381752968 0.1720000058412552 252 255 249
-0.01779043860733509 0.03852728381752968 0.1720000058412552 252 255 249
-0.017385998740792274 0.03852728381752968 0.1720000058412552 252 255 249
-0.01698155887424946 0.03852728381752968 0.1720000058412552 252 255 249
-0.016577119007706642 0.03852728381752968 0.1720000058412552 252 255 249
-0.016078650951385498 0.03830328583717346 0.17100000381469727 252 255 249
-0.01567656360566616 0.03830328583717346 0.17100000381469727 252 255 249
-0.015274474397301674 0.03830328583717346 0.17100000381469727 252 255 249
-0.014872386120259762 0.03830328583717346 0.17100000381469727 252 255 249
-0.01447029784321785 0.03830328583717346 0.17100000381469727 252 255 249
-0.01398593932390213 0.038079291582107544 0.17000000178813934 252 255 249
-0.013586202636361122 0.038079291582107544 0.17000000178813934 252 255 249
-0.01318646501749754 0.038079291582107544 0.17000000178813934 252 255 249
-0.012786728329956532 0.038079291582107544 0.17000000178813934 249 255 249
-0.012386991642415524 0.038079291582107544 0.17000000178813934 248 255 248
-0.011987254023551941 0.03767955303192139 0.17000000178813934 104 122 118
-0.011987254023551941 0.03727981820702553 0.17000000178813934 86 104 100
-0.012386991642415524 0.03688007965683937 0.17000000178813934 212 221 214
-0.012386991642415524 0.03648034483194351 0.17000000178813934 178 187 180
-0.012386991642415524 0.036080606281757355 0.17000000178813934 152 160 157
-0.012386991642415524 0.0356808677315712 0.17000000178813934 102 115 110
-0.012786728329956532 0.03528113290667534 0.17000000178813934 98 113 110
-0.01398593932390213 0.03488139435648918 0.17000000178813934 179 190 188
-0.014385676011443138 0.03488139435648918 0.17000000178813934 208 219 217
-0.002697534393519163 0.0455700121819973 0.23000000417232513 72 80 69
-0.004860816989094019 0.046110834926366806 0.23000000417232513 104 132 136
-0.005401637405157089 0.046110834926366806 0.23000000417232513 74 102 106
-0.00555857177823782 0.03586836904287338 0.16899999976158142 131 143 147
-0.00555857177823782 0.03626575320959091 0.16899999976158142 172 183 183
-0.005525680724531412 0.03644619509577751 0.1679999977350235 205 213 212
-0.005920715164393187 0.03684123232960701 0.1679999977350235 72 89 94
-0.005525680724531412 0.03684123232960701 0.1679999977350235 227 233 231
-0.005130646750330925 0.03684123232960701 0.1679999977350235 248 254 252
-0.005525680724531412 0.03644619509577751 0.1679999977350235 205 213 212
-0.00555857177823782 0.03626575320959091 0.16899999976158142 172 183 183
-0.00555857177823782 0.03586836904287338 0.16899999976158142 131 143 147
-0.005130646750330925 0.03526109457015991 0.1679999977350235 214 231 236
-0.004860816989094019 0.046110834926366806 0.23000000417232513 104 132 136
-0.002697534393519163 0.0455700121819973 0.23000000417232513 72 80 69
-0.002156713744625449 0.0455700121819973 0.23000000417232513 78 79 70
-0.0016158930957317352 0.0455700121819973 0.23000000417232513 76 77 68
-0.0010750724468380213 0.0455700121819973 0.23000000417232513 78 73 69
0.0021509830839931965 0.046245988458395004 0.2280000001192093 164 177 186
0.0024032772053033113 0.03528113290667534 0.17000000178813934 234 237 238
0.002803014125674963 0.0356808677315712 0.17000000178813934 214 217 216
0.004002225119620562 0.0356808677315712 0.17000000178813934 214 224 229
0.004401962272822857 0.03528113290667534 0.17000000178813934 124 135 144
0.004801698960363865 0.03528113290667534 0.17000000178813934 166 178 180
0.0052320328541100025 0.03548866882920265 0.17100000381469727 184 196 198
0.005634121131151915 0.03548866882920265 0.17100000381469727 202 214 206
0.006036209408193827 0.03548866882920265 0.17100000381469727 206 218 210
0.006438297685235739 0.03548866882920265 0.17100000381469727 197 212 209
0.006880388595163822 0.035696204751729965 0.1720000058412552 164 179 176
0.0113143939524889 0.04860270023345947 0.2290000021457672 187 205 199
0.011852863244712353 0.04914116859436035 0.2290000021457672 203 219 210
0.012391332536935806 0.04914116859436035 0.2290000021457672 95 111 102
0.01292980182915926 0.04914116859436035 0.2290000021457672 98 114 103
0.013468271121382713 0.04914116859436035 0.2290000021457672 152 168 157
0.014006740413606167 0.04914116859436035 0.2290000021457672 178 191 186
0.01454520970582962 0.04914116859436035 0.2290000021457672 152 165 160
0.015083678998053074 0.04914116859436035 0.2290000021457672 111 122 118
0.015622148290276527 0.04914116859436035 0.2290000021457672 100 111 107
0.016160616651177406 0.04914116859436035 0.2290000021457672 121 127 129
0.016626164317131042 0.04892657697200775 0.2280000001192093 124 130 132
0.017162282019853592 0.04892657697200775 0.2280000001192093 114 113 122
0.01868830807507038 0.04924575239419937 0.22699999809265137 89 90 77
0.0192220751196146 0.04924575239419937 0.22699999809265137 97 100 79
0.0192220751196146 0.04924575239419937 0.22699999809265137 97 100 79
0.01868830807507038 0.04924575239419937 0.22699999809265137 89 90 77
0.017162282019853592 0.04892657697200775 0.2280000001192093 114 113 122
0.016626164317131042 0.04892657697200775 0.2280000001192093 124 130 132
0.016160616651177406 0.04914116859436035 0.2290000021457672 121 127 129
0.015622148290276527 0.04914116859436035 0.2290000021457672 100 111 107
0.015083678998053074 0.04914116859436035 0.2290000021457672 111 122 118
0.01454520970582962 0.04914116859436035 0.2290000021457672 152 165 160
0.014006740413606167 0.04914116859436035 0.2290000021457672 178 191 186
0.013468271121382713 0.04914116859436035 0.2290000021457672 152 168 157
0.01292980182915926 0.04914116859436035 0.2290000021457672 98 114 103
0.012391332536935806 0.04914116859436035 0.2290000021457672 95 111 102
0.011852863244712353 0.04860270023345947 0.2290000021457672 85 104 94
0.0113143939524889 0.04860270023345947 0.2290000021457672 187 205 199
0.010775924660265446 0.048064228147268295 0.2290000021457672 124 144 137
0.006880388595163822 0.035696204751729965 0.1720000058412552 164 179 176
0.006438297685235739 0.03548866882920265 0.17100000381469727 197 212 209
0.006036209408193827 0.03548866882920265 0.17100000381469727 206 218 210
0.005634121131151915 0.03548866882920265 0.17100000381469727 202 214 206
0.0052320328541100025 0.03548866882920265 0.17100000381469727 184 196 198
0.004801698960363865 0.03528113290667534 0.17000000178813934 166 178 180
0.004401962272822857 0.03528113290667534 0.17000000178813934 124 135 144
0.004002225119620562 0.0356808677315712 0.17000000178813934 214 224 229
0.0026871010195463896 0.046245988458395004 0.2280000001192093 91 104 113
0.0021509830839931965 0.046245988458395004 0.2280000001192093 164 177 186
-0.0010750724468380213 0.0455700121819973 0.23000000417232513 78 73 69
-0.0016158930957317352 0.0455700121819973 0.23000000417232513 76 77 68
-0.002156713744625449 0.0455700121819973 0.23000000417232513 78 79 70
