0.005158168263733387 0.006204713601619005 0.13699999451637268 225 240 235
0.004800728056579828 0.006479213479906321 0.13600000739097595 235 255 252
0.0044809384271502495 0.006479213479906321 0.13600000739097595 237 255 254
0.004161148797720671 0.006479213479906321 0.13600000739097595 232 255 255
0.003841359168291092 0.006479213479906321 0.13600000739097595 231 255 255
0.003521569771692157 0.006799003109335899 0.13600000739097595 231 255 255
0.003201780142262578 0.007118792738765478 0.13600000739097595 234 252 248
0.0028819905128329992 0.007438582368195057 0.13600000739097595 247 255 255
0.0025622008834034204 0.007758371997624636 0.13600000739097595 249 253 246
0.0025622008834034204 0.008078161627054214 0.13600000739097595 252 255 249
0.0025622008834034204 0.008397950790822506 0.13600000739097595 252 255 247
0.0022424112539738417 0.008717740885913372 0.13600000739097595 210 226 217
0.0025622008834034204 0.008717740885913372 0.13600000739097595 250 255 247
0.0028819905128329992 0.008717740885913372 0.13600000739097595 250 255 247
0.003201780142262578 0.008717740885913372 0.13600000739097595 252 255 249
0.0028819905128329992 0.008717740885913372 0.13600000739097595 250 255 247
0.0025622008834034204 0.008397950790822506 0.13600000739097595 252 255 247
0.0025622008834034204 0.008078161627054214 0.13600000739097595 252 255 249
0.0028819905128329992 0.007758371997624636 0.13600000739097595 252 255 249
0.003201780142262578 0.007438582368195057 0.13600000739097595 249 255 254
0.003521569771692157 0.007118792738765478 0.13600000739097595 240 255 254
0.003841359168291092 0.006799003109335899 0.13600000739097595 239 255 255
0.004161148797720671 0.006479213479906321 0.13600000739097595 232 255 255
0.0044809384271502495 0.006479213479906321 0.13600000739097595 237 255 254
0.004800728056579828 0.006479213479906321 0.13600000739097595 235 255 252
0.005158168263733387 0.006204713601619005 0.13699999451637268 225 240 235
0.00548030948266387 0.006204713601619005 0.13699999451637268 227 242 237
0.005802450235933065 0.006204713601619005 0.13699999451637268 231 243 235
0.006169296335428953 0.006250003818422556 0.1379999965429306 231 243 235
0.006493788678199053 0.006250003818422556 0.1379999965429306 232 241 234
0.00681828148663044 0.0065744961611926556 0.1379999965429306 243 255 251
0.007142773829400539 0.0065744961611926556 0.1379999965429306 241 254 249
0.007467266172170639 0.0065744961611926556 0.1379999965429306 244 255 252
0.007791758514940739 0.0065744961611926556 0.1379999965429306 242 255 255
0.008116250857710838 0.0065744961611926556 0.1379999965429306 241 255 255
0.008440743200480938 0.0065744961611926556 0.1379999965429306 244 255 255
0.008765235543251038 0.006898988503962755 0.1379999965429306 247 255 254
0.009089727886021137 0.006898988503962755 0.1379999965429306 245 255 255
0.009414220228791237 0.007223480846732855 0.1379999965429306 250 255 251
0.009738712571561337 0.007223480846732855 0.1379999965429306 249 255 254
0.010063204914331436 0.0075479731895029545 0.1379999965429306 251 254 253
0.010312424041330814 0.007815418764948845 0.13699999451637268 250 255 254
0.01063456479460001 0.00813755951821804 0.13699999451637268 250 255 251
0.01095670647919178 0.00813755951821804 0.13699999451637268 235 249 238
0.011278847232460976 0.00813755951821804 0.13699999451637268 136 150 139
0.011600987985730171 0.00813755951821804 0.13699999451637268 197 213 202
0.011923128738999367 0.00813755951821804 0.13699999451637268 243 255 248
0.012245270423591137 0.00813755951821804 0.13699999451637268 246 255 254
0.012567411176860332 0.007815418764948845 0.13699999451637268 241 255 255
0.012983636930584908 0.007872465997934341 0.1379999965429306 243 255 255
0.013308129273355007 0.007872465997934341 0.1379999965429306 243 255 255
0.013632621616125107 0.007872465997934341 0.1379999965429306 239 255 255
0.014058251865208149 0.007929512299597263 0.13899999856948853 238 255 255
0.014385095797479153 0.007929512299597263 0.13899999856948853 237 255 255
0.015476170927286148 0.008315754123032093 0.14000000059604645 247 255 254
0.01580536738038063 0.008644949644804 0.14000000059604645 249 255 254
0.016134561970829964 0.008644949644804 0.14000000059604645 249 255 254
0.016463756561279297 0.008974145166575909 0.14000000059604645 247 255 254
0.01679295115172863 0.009303339757025242 0.14000000059604645 250 255 251
0.017122147604823112 0.00963253527879715 0.14000000059604645 246 255 254
0.017122147604823112 0.009303339757025242 0.14000000059604645 244 255 254
0.01679295115172863 0.008974145166575909 0.14000000059604645 247 255 254
0.016463756561279297 0.008644949644804 0.14000000059604645 241 255 255
0.016134561970829964 0.008644949644804 0.14000000059604645 249 255 254
0.01580536738038063 0.008315754123032093 0.14000000059604645 246 255 255
0.015476170927286148 0.008315754123032093 0.14000000059604645 247 255 254
0.014385095797479153 0.007929512299597263 0.13899999856948853 237 255 255
0.014058251865208149 0.007929512299597263 0.13899999856948853 238 255 255
0.013632621616125107 0.007872465997934341 0.1379999965429306 239 255 255
0.013308129273355007 0.007872465997934341 0.1379999965429306 243 255 255
0.012983636930584908 0.007872465997934341 0.1379999965429306 243 255 255
0.012567411176860332 0.007815418764948845 0.13699999451637268 241 255 255
0.012245270423591137 0.007815418764948845 0.13699999451637268 238 255 252
0.011923128738999367 0.00813755951821804 0.13699999451637268 243 255 248
0.011600987985730171 0.00813755951821804 0.13699999451637268 197 213 202
0.011278847232460976 0.00813755951821804 0.13699999451637268 136 150 139
0.01095670647919178 0.00813755951821804 0.13699999451637268 235 249 238
0.01063456479460001 0.007815418764948845 0.13699999451637268 248 254 252
0.010312424041330814 0.007493277546018362 0.13699999451637268 247 255 254
0.010063204914331436 0.007223480846732855 0.1379999965429306 247 255 252
0.009738712571561337 0.007223480846732855 0.1379999965429306 249 255 254
0.009414220228791237 0.006898988503962755 0.1379999965429306 242 255 252
0.009089727886021137 0.006898988503962755 0.1379999965429306 245 255 255
0.008765235543251038 0.006898988503962755 0.1379999965429306 247 255 254
0.008440743200480938 0.0065744961611926556 0.1379999965429306 244 255 255
0.008116250857710838 0.0065744961611926556 0.1379999965429306 241 255 255
0.007791758514940739 0.0065744961611926556 0.1379999965429306 242 255 255
0.007467266172170639 0.0065744961611926556 0.1379999965429306 244 255 252
0.007142773829400539 0.0065744961611926556 0.1379999965429306 241 254 249
0.00681828148663044 0.0065744961611926556 0.1379999965429306 243 255 251
0.006493788678199053 0.006250003818422556 0.1379999965429306 232 241 234
0.006169296335428953 0.006250003818422556 0.1379999965429306 231 243 235
0.005802450235933065 0.006204713601619005 0.13699999451637268 231 243 235
0.00548030948266387 0.006204713601619005 0.13699999451637268 227 242 237
-0.011600102297961712 0.007048966363072395 0.14100000262260437 249 255 254
-0.011268556118011475 0.007048966363072395 0.14100000262260437 244 255 247
-0.010937009938061237 0.007048966363072395 0.14100000262260437 213 227 216
-0.010605462826788425 0.007048966363072395 0.14100000262260437 195 210 196
-0.010273916646838188 0.007048966363072395 0.14100000262260437 238 253 239
-0.009942369535565376 0.007048966363072395 0.14100000262260437 249 255 251
-0.009678984992206097 0.006765061058104038 0.1420000046491623 243 255 255
-0.009345087222754955 0.006765061058104038 0.1420000046491623 245 255 252
-0.009011189453303814 0.006431163288652897 0.1420000046491623 242 255 255
-0.008677291683852673 0.006431163288652897 0.1420000046491623 244 255 254
-0.008343392983078957 0.006431163288652897 0.1420000046491623 244 255 254
-0.007953090593218803 0.0063858735375106335 0.14100000262260437 244 255 254
-0.007621543947607279 0.0063858735375106335 0.14100000262260437 244 255 254
-0.007289997301995754 0.0063858735375106335 0.14100000262260437 244 255 254
-0.006909100338816643 0.006340583320707083 0.14000000059604645 244 255 254
-0.006579904817044735 0.006669778376817703 0.14000000059604645 249 255 254
-0.0062507097609341145 0.006669778376817703 0.14000000059604645 247 255 252
-0.005879218224436045 0.0069489809684455395 0.13899999856948853 249 255 254
-0.005552374292165041 0.0069489809684455395 0.13899999856948853 249 255 254
-0.005225530359894037 0.007275824900716543 0.13899999856948853 249 255 254
-0.004863444250077009 0.0075479731895029545 0.1379999965429306 250 255 251
-0.004863444250077009 0.007872465997934341 0.1379999965429306 252 255 251
-0.0045389519073069096 0.008196958340704441 0.1379999965429306 243 254 250
-0.0045389519073069096 0.00852145068347454 0.1379999965429306 248 255 255
-0.004863444250077009 0.00884594302624464 0.1379999965429306 252 255 251
-0.005225530359894037 0.008910044096410275 0.13899999856948853 252 255 251
-0.005552374292165041 0.008910044096410275 0.13899999856948853 252 255 251
-0.005879218224436045 0.008910044096410275 0.13899999856948853 252 255 251
-0.006206061691045761 0.008910044096410275 0.13899999856948853 252 255 251
-0.006579904817044735 0.008974145166575909 0.14000000059604645 252 255 251
-0.006909100338816643 0.008974145166575909 0.14000000059604645 252 255 251
-0.007238295394927263 0.008974145166575909 0.14000000059604645 252 255 251
-0.007567490451037884 0.008974145166575909 0.14000000059604645 252 255 251
-0.007896685972809792 0.008974145166575909 0.14000000059604645 252 255 251
-0.008225880563259125 0.008974145166575909 0.14000000059604645 252 255 251
-0.008555076085031033 0.008974145166575909 0.14000000059604645 252 255 251
-0.00894773006439209 0.009038246236741543 0.14100000262260437 252 255 251
-0.009279277175664902 0.009038246236741543 0.14100000262260437 252 255 251
-0.009610823355615139 0.009038246236741543 0.14100000262260437 252 255 251
-0.009942369535565376 0.009038246236741543 0.14100000262260437 252 255 251
-0.010273916646838188 0.009038246236741543 0.14100000262260437 252 255 251
-0.010605462826788425 0.009038246236741543 0.14100000262260437 252 255 251
-0.010937009938061237 0.009038246236741543 0.14100000262260437 252 255 251
-0.011268556118011475 0.009038246236741543 0.14100000262260437 252 255 251
-0.01168237254023552 0.009102347306907177 0.1420000046491623 252 255 251
-0.012016271241009235 0.009102347306907177 0.1420000046491623 252 255 251
-0.012350169010460377 0.009102347306907177 0.1420000046491623 252 255 251
-0.012016271241009235 0.009102347306907177 0.1420000046491623 252 255 251
-0.01168237254023552 0.009102347306907177 0.1420000046491623 252 255 251
-0.011268556118011475 0.009038246236741543 0.14100000262260437 252 255 251
-0.010937009938061237 0.009038246236741543 0.14100000262260437 252 255 251
-0.010605462826788425 0.009038246236741543 0.14100000262260437 252 255 251
-0.010273916646838188 0.009038246236741543 0.14100000262260437 252 255 251
-0.009942369535565376 0.009038246236741543 0.14100000262260437 252 255 251
-0.009610823355615139 0.009038246236741543 0.14100000262260437 252 255 251
-0.009279277175664902 0.009038246236741543 0.14100000262260437 252 255 251
-0.00894773006439209 0.009038246236741543 0.14100000262260437 252 255 251
-0.008555076085031033 0.008974145166575909 0.14000000059604645 252 255 251
-0.008225880563259125 0.008974145166575909 0.14000000059604645 252 255 251
-0.007896685972809792 0.008974145166575909 0.14000000059604645 252 255 251
-0.007567490451037884 0.008974145166575909 0.14000000059604645 252 255 251
-0.007238295394927263 0.008974145166575909 0.14000000059604645 252 255 251
-0.006909100338816643 0.008974145166575909 0.14000000059604645 252 255 251
-0.006579904817044735 0.008974145166575909 0.14000000059604645 252 255 251
-0.006206061691045761 0.008910044096410275 0.13899999856948853 252 255 251
-0.005879218224436045 0.008910044096410275 0.13899999856948853 252 255 251
-0.005552374292165041 0.008910044096410275 0.13899999856948853 252 255 251
-0.005225530359894037 0.008910044096410275 0.13899999856948853 252 255 251
-0.004863444250077009 0.00884594302624464 0.1379999965429306 252 255 251
-0.0045389519073069096 0.00884594302624464 0.1379999965429306 250 255 255
-0.0045389519073069096 0.00852145068347454 0.1379999965429306 248 255 255
-0.0045389519073069096 0.008196958340704441 0.1379999965429306 243 254 250
-0.004863444250077009 0.007872465997934341 0.1379999965429306 252 255 251
-0.004863444250077009 0.0075479731895029545 0.1379999965429306 250 255 251
-0.004863444250077009 0.007223480846732855 0.1379999965429306 249 255 254
-0.005225530359894037 0.0069489809684455395 0.13899999856948853 244 255 252
-0.005552374292165041 0.0069489809684455395 0.13899999856948853 249 255 254
-0.005921514704823494 0.006669778376817703 0.14000000059604645 244 255 251
-0.0062507097609341145 0.006669778376817703 0.14000000059604645 247 255 252
-0.006579904817044735 0.006669778376817703 0.14000000059604645 249 255 254
-0.006909100338816643 0.006340583320707083 0.14000000059604645 244 255 254
-0.007289997301995754 0.0063858735375106335 0.14100000262260437 244 255 254
-0.007621543947607279 0.0063858735375106335 0.14100000262260437 244 255 254
-0.007953090593218803 0.0063858735375106335 0.14100000262260437 244 255 254
-0.008343392983078957 0.006431163288652897 0.1420000046491623 244 255 254
-0.008677291683852673 0.006431163288652897 0.1420000046491623 244 255 254
-0.009011189453303814 0.006431163288652897 0.1420000046491623 242 255 255
-0.009345087222754955 0.006765061058104038 0.1420000046491623 245 255 252
-0.009678984992206097 0.006765061058104038 0.1420000046491623 243 255 255
-0.010012882761657238 0.006765061058104038 0.1420000046491623 240 255 252
-0.010273916646838188 0.007048966363072395 0.14100000262260437 238 253 239
-0.010605462826788425 0.007048966363072395 0.14100000262260437 195 210 196
-0.010937009938061237 0.007048966363072395 0.14100000262260437 213 227 216
-0.011268556118011475 0.007048966363072395 0.14100000262260437 244 255 247
