-0.009909593500196934 0.011595847085118294 0.13600000739097595 252 254 255
-0.010229382663965225 0.011915636248886585 0.13600000739097595 250 253 254
-0.010549172759056091 0.012235426343977451 0.13600000739097595 248 254 255
-0.010868961922824383 0.012555215507745743 0.13600000739097595 250 255 255
-0.011106480844318867 0.012780335731804371 0.13500000536441803 249 255 255
-0.011106480844318867 0.013097774237394333 0.13500000536441803 250 255 255
-0.011106480844318867 0.013097774237394333 0.13500000536441803 250 255 255
-0.01078904327005148 0.012780335731804371 0.13500000536441803 250 255 255
-0.010549172759056091 0.012555215507745743 0.13600000739097595 249 255 255
-0.010229382663965225 0.012235426343977451 0.13600000739097595 252 255 254
-0.009909593500196934 0.011915636248886585 0.13600000739097595 251 254 255
-0.009589803405106068 0.011595847085118294 0.13600000739097595 247 255 255
-0.009270014241337776 0.011595847085118294 0.13600000739097595 247 255 255
-0.00895022414624691 0.011595847085118294 0.13600000739097595 242 255 255
-0.008630434982478619 0.011595847085118294 0.13600000739097595 242 255 255
-0.008310644887387753 0.011595847085118294 0.13600000739097595 239 255 255
-0.007990855723619461 0.011595847085118294 0.13600000739097595 239 255 255
-0.007671066094189882 0.011595847085118294 0.13600000739097595 241 255 255
-0.0073512764647603035 0.011595847085118294 0.13600000739097595 240 255 255
-0.007031486835330725 0.011595847085118294 0.13600000739097595 241 255 253
-0.006711697205901146 0.011915636248886585 0.13600000739097595 247 255 255
-0.006391907576471567 0.011915636248886585 0.13600000739097595 242 255 254
-0.006072117947041988 0.011915636248886585 0.13600000739097595 244 255 255
-0.00575232831761241 0.011915636248886585 0.13600000739097595 240 255 255
-0.005432538688182831 0.012235426343977451 0.13600000739097595 247 255 255
-0.005112749524414539 0.012235426343977451 0.13600000739097595 242 255 255
-0.0047929598949849606 0.012555215507745743 0.13600000739097595 249 255 254
-0.004473170265555382 0.012875005602836609 0.13600000739097595 250 255 254
-0.0041228411719202995 0.012780335731804371 0.13500000536441803 249 255 253
-0.003833591006696224 0.0131947947666049 0.13600000739097595 252 255 254
-0.0035138013772666454 0.013514584861695766 0.13600000739097595 251 254 253
-0.0035138013772666454 0.013834374025464058 0.13600000739097595 252 255 254
-0.0031705263536423445 0.014050088822841644 0.13500000536441803 249 255 255
-0.002874222118407488 0.014154164120554924 0.13600000739097595 203 211 210
-0.0025356500409543514 0.014050088822841644 0.13500000536441803 117 135 129
-0.002218211768195033 0.014367527328431606 0.13500000536441803 245 255 249
-0.0019148533465340734 0.014154164120554924 0.13600000739097595 238 255 254
-0.0015950638335198164 0.014154164120554924 0.13600000739097595 242 255 255
-0.0012752742040902376 0.014154164120554924 0.13600000739097595 242 255 255
-0.0009554846328683197 0.014154164120554924 0.13600000739097595 241 255 255
-0.0006403692532330751 0.014258238486945629 0.13699999451637268 241 255 255
-0.00031822826713323593 0.014258238486945629 0.13699999451637268 243 255 255
3.912723059329437e-06 0.014258238486945629 0.13699999451637268 244 255 255
0.0003284336708020419 0.014362312853336334 0.1379999965429306 243 255 255
0.000652926042675972 0.014362312853336334 0.1379999965429306 243 255 255
0.0009774183854460716 0.014686805196106434 0.1379999965429306 247 255 255
0.001301910844631493 0.015011297538876534 0.1379999965429306 249 255 254
0.0016264031874015927 0.015335789881646633 0.1379999965429306 250 255 251
0.001965032424777746 0.01544691901654005 0.13899999856948853 250 255 254
0.002275387989357114 0.015660282224416733 0.1379999965429306 250 255 251
0.0025998803321272135 0.015984775498509407 0.1379999965429306 252 255 254
0.002924372674897313 0.016309266909956932 0.1379999965429306 250 255 251
0.002924372674897313 0.016633760184049606 0.1379999965429306 250 255 251
0.0032488650176674128 0.01695825159549713 0.1379999965429306 252 255 249
0.0035733573604375124 0.01695825159549713 0.1379999965429306 247 251 244
0.0038978499360382557 0.01695825159549713 0.1379999965429306 235 245 231
0.004222342278808355 0.01695825159549713 0.1379999965429306 218 228 214
0.004579782485961914 0.017081137746572495 0.13899999856948853 234 244 232
0.004906626418232918 0.017081137746572495 0.13899999856948853 248 255 246
0.0052334703505039215 0.017081137746572495 0.13899999856948853 248 255 253
0.005560313817113638 0.017081137746572495 0.13899999856948853 249 255 254
0.00592951150611043 0.017204023897647858 0.14000000059604645 249 255 255
0.00625870656222105 0.017204023897647858 0.14000000059604645 249 255 255
0.006587901618331671 0.017204023897647858 0.14000000059604645 241 255 255
0.006917097140103579 0.017204023897647858 0.14000000059604645 240 255 255
0.007246292196214199 0.01753321848809719 0.14000000059604645 250 255 254
0.0075754872523248196 0.017862414941191673 0.14000000059604645 252 255 251
0.0075754872523248196 0.01753321848809719 0.14000000059604645 250 255 254
0.007246292196214199 0.017204023897647858 0.14000000059604645 245 255 255
0.006917097140103579 0.017204023897647858 0.14000000059604645 240 255 255
0.006587901618331671 0.017204023897647858 0.14000000059604645 241 255 255
0.00625870656222105 0.017204023897647858 0.14000000059604645 249 255 255
0.00592951150611043 0.017204023897647858 0.14000000059604645 249 255 255
0.005560313817113638 0.017081137746572495 0.13899999856948853 249 255 254
0.0052334703505039215 0.017081137746572495 0.13899999856948853 248 255 253
0.004906626418232918 0.017081137746572495 0.13899999856948853 248 255 246
0.004579782485961914 0.017081137746572495 0.13899999856948853 234 244 232
0.004222342278808355 0.01695825159549713 0.1379999965429306 218 228 214
0.0038978499360382557 0.01695825159549713 0.1379999965429306 235 245 231
0.0035733573604375124 0.01695825159549713 0.1379999965429306 247 251 244
0.0032488650176674128 0.016633760184049606 0.1379999965429306 241 245 238
0.002924372674897313 0.016309266909956932 0.1379999965429306 250 255 251
0.002924372674897313 0.015984775498509407 0.1379999965429306 242 245 244
0.00261872005648911 0.01577376388013363 0.13899999856948853 249 255 255
0.00229187635704875 0.01544691901654005 0.13899999856948853 246 252 250
0.001965032424777746 0.01544691901654005 0.13899999856948853 250 255 254
0.0016264031874015927 0.015011297538876534 0.1379999965429306 249 255 254
0.001301910844631493 0.014686805196106434 0.1379999965429306 241 255 253
0.0009774183854460716 0.014686805196106434 0.1379999965429306 247 255 255
0.000652926042675972 0.014362312853336334 0.1379999965429306 243 255 255
0.0003284336708020419 0.014362312853336334 0.1379999965429306 243 255 255
3.912723059329437e-06 0.014258238486945629 0.13699999451637268 244 255 255
-0.00031822826713323593 0.014258238486945629 0.13699999451637268 243 255 255
-0.0006403692532330751 0.014258238486945629 0.13699999451637268 241 255 255
-0.0009554846328683197 0.014154164120554924 0.13600000739097595 241 255 255
-0.0012752742040902376 0.014154164120554924 0.13600000739097595 242 255 255
-0.0015950638335198164 0.014154164120554924 0.13600000739097595 242 255 255
-0.0019148533465340734 0.014154164120554924 0.13600000739097595 238 255 254
-0.002218211768195033 0.014367527328431606 0.13500000536441803 245 255 249
-0.0025356500409543514 0.014050088822841644 0.13500000536441803 117 135 129
-0.002874222118407488 0.014154164120554924 0.13600000739097595 203 211 210
-0.0031940117478370667 0.013834374025464058 0.13600000739097595 247 255 254
-0.0035138013772666454 0.013514584861695766 0.13600000739097595 251 254 253
-0.0035138013772666454 0.0131947947666049 0.13600000739097595 245 248 247
-0.0038054026663303375 0.012780335731804371 0.13500000536441803 245 251 251
-0.0041228411719202995 0.012780335731804371 0.13500000536441803 249 255 253
-0.004473170265555382 0.012555215507745743 0.13600000739097595 247 255 255
-0.0047929598949849606 0.012235426343977451 0.13600000739097595 238 255 252
-0.005112749524414539 0.012235426343977451 0.13600000739097595 242 255 255
-0.005432538688182831 0.012235426343977451 0.13600000739097595 247 255 255
-0.00575232831761241 0.011915636248886585 0.13600000739097595 240 255 255
-0.006072117947041988 0.011915636248886585 0.13600000739097595 244 255 255
-0.006391907576471567 0.011915636248886585 0.13600000739097595 242 255 254
-0.006711697205901146 0.011915636248886585 0.13600000739097595 247 255 255
-0.007031486835330725 0.011595847085118294 0.13600000739097595 241 255 253
-0.0073512764647603035 0.011595847085118294 0.13600000739097595 240 255 255
-0.007671066094189882 0.011595847085118294 0.13600000739097595 241 255 255
-0.007990855723619461 0.011595847085118294 0.13600000739097595 239 255 255
-0.008310644887387753 0.011595847085118294 0.13600000739097595 239 255 255
-0.008630434982478619 0.011595847085118294 0.13600000739097595 242 255 255
-0.00895022414624691 0.011595847085118294 0.13600000739097595 242 255 255
-0.009270014241337776 0.011595847085118294 0.13600000739097595 247 255 255
-0.009589803405106068 0.011595847085118294 0.13600000739097595 247 255 255
-0.02770947478711605 0.010104040615260601 0.1420000046491623 247 255 255
-0.028043372556567192 0.010104040615260601 0.1420000046491623 247 255 255
-0.028377270326018333 0.010104040615260601 0.1420000046491623 240 255 255
-0.028711168095469475 0.010437938384711742 0.1420000046491623 244 255 255
-0.029045065864920616 0.010771837085485458 0.1420000046491623 234 246 248
-0.029045065864920616 0.0111057348549366 0.1420000046491623 249 255 255
-0.029378965497016907 0.011439632624387741 0.1420000046491623 249 255 253
-0.029922107234597206 0.0118564423173666 0.14300000667572021 233 236 239
-0.029922107234597206 0.012192691676318645 0.14300000667572021 247 253 253
-0.030258357524871826 0.012528941035270691 0.14300000667572021 231 237 237
-0.030594605952501297 0.012865190394222736 0.14300000667572021 165 174 184
-0.030594605952501297 0.012865190394222736 0.14300000667572021 165 174 184
-0.030258357524871826 0.012865190394222736 0.14300000667572021 247 253 251
-0.030258357524871826 0.012528941035270691 0.14300000667572021 231 237 237
-0.029922107234597206 0.012192691676318645 0.14300000667572021 247 253 253
-0.029378965497016907 0.011773530393838882 0.1420000046491623 252 255 251
-0.029045065864920616 0.011439632624387741 0.1420000046491623 250 255 254
-0.029045065864920616 0.0111057348549366 0.1420000046491623 249 255 255
-0.028711168095469475 0.010771837085485458 0.1420000046491623 247 255 254
-0.028377270326018333 0.010437938384711742 0.1420000046491623 246 255 255
-0.028043372556567192 0.010104040615260601 0.1420000046491623 247 255 255
-0.02770947478711605 0.010104040615260601 0.1420000046491623 247 255 255
-0.02534402906894684 0.010949315503239632 0.14000000059604645 250 255 254
-0.025014834478497505 0.010949315503239632 0.14000000059604645 245 255 253
-0.024685639888048172 0.010949315503239632 0.14000000059604645 246 255 254
-0.02435644343495369 0.010949315503239632 0.14000000059604645 243 255 253
-0.024027248844504356 0.010620120912790298 0.14000000059604645 234 255 254
-0.023698054254055023 0.010620120912790298 0.14000000059604645 246 255 255
-0.023201938718557358 0.010544262826442719 0.13899999856948853 246 255 255
-0.022875094786286354 0.010217418894171715 0.13899999856948853 246 255 255
-0.02254825085401535 0.010217418894171715 0.13899999856948853 246 255 255
-0.022221406921744347 0.010217418894171715 0.13899999856948853 244 255 255
-0.021894562989473343 0.010217418894171715 0.13899999856948853 244 255 255
-0.021412555128335953 0.010143912397325039 0.1379999965429306 244 255 255
-0.021088063716888428 0.010143912397325039 0.1379999965429306 244 255 255
-0.020763570442795753 0.010143912397325039 0.1379999965429306 246 255 255
-0.02043907903134823 0.010468404740095139 0.1379999965429306 250 255 254
-0.020114585757255554 0.010468404740095139 0.1379999965429306 244 255 255
-0.01964668743312359 0.010714687407016754 0.13699999451637268 249 255 254
-0.019324546679854393 0.01103682816028595 0.13699999451637268 250 255 254
-0.019002405926585197 0.01135896984487772 0.13699999451637268 250 255 254
-0.018680265173316002 0.011681110598146915 0.13699999451637268 250 255 254
-0.018680265173316002 0.011681110598146915 0.13699999451637268 250 255 254
-0.018680265173316002 0.01135896984487772 0.13699999451637268 247 255 255
-0.019002405926585197 0.01103682816028595 0.13699999451637268 250 255 254
-0.019324546679854393 0.010714687407016754 0.13699999451637268 247 255 255
-0.01979009434580803 0.010468404740095139 0.1379999965429306 241 255 253
-0.020114585757255554 0.010468404740095139 0.1379999965429306 244 255 255
-0.02043907903134823 0.010468404740095139 0.1379999965429306 250 255 254
-0.020763570442795753 0.010143912397325039 0.1379999965429306 246 255 255
-0.021088063716888428 0.010143912397325039 0.1379999965429306 244 255 255
-0.021412555128335953 0.010143912397325039 0.1379999965429306 244 255 255
-0.021894562989473343 0.010217418894171715 0.13899999856948853 244 255 255
-0.022221406921744347 0.010217418894171715 0.13899999856948853 244 255 255
-0.02254825085401535 0.010217418894171715 0.13899999856948853 246 255 255
-0.022875094786286354 0.010217418894171715 0.13899999856948853 246 255 255
-0.023201938718557358 0.010544262826442719 0.13899999856948853 246 255 255
-0.023698054254055023 0.010620120912790298 0.14000000059604645 246 255 255
-0.024027248844504356 0.010620120912790298 0.14000000059604645 234 255 254
-0.02435644343495369 0.010949315503239632 0.14000000059604645 243 255 253
-0.024685639888048172 0.010949315503239632 0.14000000059604645 246 255 254
-0.025014834478497505 0.010949315503239632 0.14000000059604645 245 255 253
