-0.016769874840974808 0.03570213541388512 0.17399999499320984 205 221 212
-0.01799730397760868 0.03611127659678459 0.17399999499320984 106 123 107
-0.018406445160508156 0.03652041777968407 0.17399999499320984 146 162 141
-0.01881558820605278 0.03652041777968407 0.17399999499320984 147 163 142
-0.019224731251597404 0.03611127659678459 0.17399999499320984 95 113 111
-0.023450158536434174 0.037553295493125916 0.17499999701976776 163 170 174
-0.024411849677562714 0.039009422063827515 0.17599999904632568 97 98 94
-0.02399800345301628 0.03859557583928108 0.17599999904632568 143 148 138
-0.023450158536434174 0.03878777474164963 0.17499999701976776 248 253 241
-0.02399800345301628 0.03859557583928108 0.17599999904632568 143 148 138
-0.023450158536434174 0.03796478733420372 0.17499999701976776 213 220 214
-0.023450158536434174 0.037553295493125916 0.17499999701976776 163 170 174
-0.02303866297006607 0.03714179992675781 0.17499999701976776 213 219 217
-0.022627169266343117 0.03673030808568001 0.17499999701976776 230 241 241
-0.01963387429714203 0.03611127659678459 0.17399999499320984 185 203 201
-0.019224731251597404 0.03652041777968407 0.17399999499320984 213 228 225
-0.01881558820605278 0.03652041777968407 0.17399999499320984 147 163 142
-0.018406445160508156 0.03652041777968407 0.17399999499320984 146 162 141
-0.01799730397760868 0.03652041777968407 0.17399999499320984 214 228 208
-0.017588160932064056 0.03611127659678459 0.17399999499320984 207 224 208
-0.016769874840974808 0.03570213541388512 0.17399999499320984 205 221 212
-0.01595159061253071 0.03529299050569534 0.17399999499320984 121 136 133
-0.015542448498308659 0.03529299050569534 0.17399999499320984 132 143 139
-0.013419168069958687 0.03549695014953613 0.17299999296665192 200 213 212
-0.01253272034227848 0.035696204751729965 0.1720000058412552 209 222 221
-0.012128281407058239 0.03610064461827278 0.1720000058412552 210 223 218
-0.011723841540515423 0.0365050844848156 0.1720000058412552 122 136 125
-0.011723841540515423 0.036909524351358414 0.1720000058412552 150 159 150
-0.011723841540515423 0.03731396421790123 0.1720000058412552 175 182 174
-0.011723841540515423 0.036909524351358414 0.1720000058412552 150 159 150
-0.011723841540515423 0.0365050844848156 0.1720000058412552 122 136 125
-0.011723841540515423 0.03610064461827278 0.1720000058412552 87 100 95
-0.012128281407058239 0.035696204751729965 0.1720000058412552 112 130 128
-0.013419168069958687 0.03549695014953613 0.17299999296665192 200 213 212
-0.015542448498308659 0.03529299050569534 0.17399999499320984 132 143 139
-0.01595159061253071 0.03529299050569534 0.17399999499320984 121 136 133
-0.003238355042412877 0.0455700121819973 0.23000000417232513 77 81 74
-0.0028097350150346756 0.03428240492939949 0.17100000381469727 183 194 192
-0.0032118232920765877 0.03428240492939949 0.17100000381469727 172 183 181
-0.003992514684796333 0.03448165953159332 0.17000000178813934 162 172 175
-0.004392251837998629 0.03488139435648918 0.17000000178813934 90 101 110
-0.004791988525539637 0.03528113290667534 0.17000000178813934 91 108 109
-0.004791988525539637 0.0356808677315712 0.17000000178813934 189 206 207
-0.004791988525539637 0.036080606281757355 0.17000000178813934 230 240 245
-0.004791988525539637 0.0356808677315712 0.17000000178813934 189 206 207
-0.004392251837998629 0.03528113290667534 0.17000000178813934 190 207 208
-0.003992514684796333 0.03488139435648918 0.17000000178813934 204 210 208
-0.0035927777644246817 0.03448165953159332 0.17000000178813934 233 243 246
-0.0032118232920765877 0.03428240492939949 0.17100000381469727 172 183 181
-0.0028097350150346756 0.03428240492939949 0.17100000381469727 183 194 192
-0.003238355042412877 0.0455700121819973 0.23000000417232513 77 81 74
-0.002005558228120208 0.033880315721035004 0.17100000381469727 84 88 81
-0.001603469718247652 0.033880315721035004 0.17100000381469727 86 90 85
-0.0016158930957317352 0.0455700121819973 0.23000000417232513 86 90 85
-0.0010750724468380213 0.0455700121819973 0.23000000417232513 86 89 88
-0.0005365746328607202 0.045768145471811295 0.23100000619888306 86 89 88
6.597365427296609e-06 0.045768145471811295 0.23100000619888306 84 87 86
0.0005497693782672286 0.045768145471811295 0.23100000619888306 81 84 83
0.001092941383831203 0.045768145471811295 0.23100000619888306 83 82 82
0.0021792855113744736 0.04631131514906883 0.23100000619888306 142 155 154
0.003279766533523798 0.04705732315778732 0.23199999332427979 139 152 149
0.003623679280281067 0.03589075803756714 0.17100000381469727 184 191 183
0.004025767557322979 0.03589075803756714 0.17100000381469727 132 142 130
0.004858189728111029 0.035696204751729965 0.1720000058412552 195 203 190
0.005262629594653845 0.035696204751729965 0.1720000058412552 233 241 228
0.005667068995535374 0.03529176488518715 0.1720000058412552 104 104 100
0.00607150886207819 0.03529176488518715 0.1720000058412552 106 106 102
0.0087726516649127 0.047808028757572174 0.2329999953508377 103 104 100
0.009320526383817196 0.047808028757572174 0.2329999953508377 101 102 98
0.007327181752771139 0.03590374067425728 0.17299999296665192 238 246 235
0.008646370843052864 0.03673030808568001 0.17499999701976776 193 205 195
0.009057865478098392 0.03714179992675781 0.17499999701976776 237 249 239
0.00952346995472908 0.03776788339018822 0.17599999904632568 237 246 239
0.011512025259435177 0.04835590347647667 0.2329999953508377 91 101 87
0.007327181752771139 0.03590374067425728 0.17299999296665192 238 246 235
0.009320526383817196 0.047808028757572174 0.2329999953508377 101 102 98
0.0087726516649127 0.047808028757572174 0.2329999953508377 103 104 100
0.00607150886207819 0.03529176488518715 0.1720000058412552 106 106 102
0.005667068995535374 0.03529176488518715 0.1720000058412552 104 104 100
0.005262629594653845 0.035696204751729965 0.1720000058412552 233 241 228
0.004858189728111029 0.035696204751729965 0.1720000058412552 195 203 190
0.004025767557322979 0.03589075803756714 0.17100000381469727 132 142 130
0.003825289895758033 0.04705732315778732 0.23199999332427979 90 103 100
0.003279766533523798 0.04705732315778732 0.23199999332427979 139 152 149
0.002722457516938448 0.04631131514906883 0.23100000619888306 97 110 109
0.0021792855113744736 0.04631131514906883 0.23100000619888306 142 155 154
0.001092941383831203 0.045768145471811295 0.23100000619888306 83 82 82
0.0005497693782672286 0.045768145471811295 0.23100000619888306 81 84 83
6.597365427296609e-06 0.045768145471811295 0.23100000619888306 84 87 86
-0.0005365746328607202 0.045768145471811295 0.23100000619888306 86 89 88
-0.0010750724468380213 0.0455700121819973 0.23000000417232513 86 89 88
-0.0016158930957317352 0.0455700121819973 0.23000000417232513 86 90 85
-0.001603469718247652 0.033880315721035004 0.17100000381469727 86 90 85
-0.002005558228120208 0.033880315721035004 0.17100000381469727 84 88 81
