-0.017080288380384445 0.0342765748500824 0.17299999296665192 98 116 114
-0.01748707890510559 0.03468336537480354 0.17299999296665192 189 200 198
-0.01830066181719303 0.03509015962481499 0.17299999296665192 152 170 164
-0.018707452341914177 0.03509015962481499 0.17299999296665192 83 101 95
-0.019114244729280472 0.03509015962481499 0.17299999296665192 84 104 101
-0.019521035254001617 0.03509015962481499 0.17299999296665192 117 137 134
-0.023861652240157127 0.036318812519311905 0.17499999701976776 139 151 141
-0.02427314594388008 0.03673030808568001 0.17499999701976776 94 104 107
-0.02427314594388008 0.03714179992675781 0.17499999701976776 142 150 149
-0.024684639647603035 0.037553295493125916 0.17499999701976776 83 93 81
-0.02509613335132599 0.03837628290057182 0.17499999701976776 127 145 139
-0.024684639647603035 0.03796478733420372 0.17499999701976776 109 119 103
-0.02427314594388008 0.037553295493125916 0.17499999701976776 188 198 186
-0.02427314594388008 0.03714179992675781 0.17499999701976776 142 150 149
-0.023861652240157127 0.03673030808568001 0.17499999701976776 204 211 203
-0.023861652240157127 0.036318812519311905 0.17499999701976776 139 151 141
-0.0233161561191082 0.03570213541388512 0.17399999499320984 177 192 189
-0.019927825778722763 0.03509015962481499 0.17299999296665192 198 215 216
-0.019521035254001617 0.03549695014953613 0.17299999296665192 235 249 240
-0.019114244729280472 0.03509015962481499 0.17299999296665192 84 104 101
-0.018707452341914177 0.03509015962481499 0.17299999296665192 83 101 95
-0.01830066181719303 0.03509015962481499 0.17299999296665192 152 170 164
-0.017893871292471886 0.03509015962481499 0.17299999296665192 236 248 240
-0.01748707890510559 0.03468336537480354 0.17299999296665192 189 200 198
-0.017080288380384445 0.0342765748500824 0.17299999296665192 98 116 114
-0.0166734978556633 0.0342765748500824 0.17299999296665192 132 150 148
-0.016172679141163826 0.0340784452855587 0.1720000058412552 172 194 195
-0.01576823927462101 0.0340784452855587 0.1720000058412552 178 200 201
-0.013586202636361122 0.034081920981407166 0.17000000178813934 223 238 233
-0.01318646501749754 0.034081920981407166 0.17000000178813934 180 195 190
-0.012711512856185436 0.03427882492542267 0.16899999976158142 238 247 240
-0.012314126826822758 0.0346762090921402 0.16899999976158142 219 228 221
-0.011846227571368217 0.03486606106162071 0.1679999977350235 107 124 127
-0.011846227571368217 0.03526109457015991 0.1679999977350235 153 165 167
-0.01191674079746008 0.03586836904287338 0.16899999976158142 201 209 208
-0.012314126826822758 0.03626575320959091 0.16899999976158142 251 255 248
-0.012711512856185436 0.03626575320959091 0.16899999976158142 252 255 249
-0.012314126826822758 0.03626575320959091 0.16899999976158142 251 255 248
-0.01191674079746008 0.03626575320959091 0.16899999976158142 231 235 230
-0.01191674079746008 0.03586836904287338 0.16899999976158142 201 209 208
-0.011846227571368217 0.03526109457015991 0.1679999977350235 153 165 167
-0.011846227571368217 0.03486606106162071 0.1679999977350235 107 124 127
-0.01191674079746008 0.0346762090921402 0.16899999976158142 84 103 105
-0.012314126826822758 0.03427882492542267 0.16899999976158142 162 171 164
-0.01318646501749754 0.034081920981407166 0.17000000178813934 180 195 190
-0.013586202636361122 0.034081920981407166 0.17000000178813934 223 238 233
-0.01576823927462101 0.0340784452855587 0.1720000058412552 178 200 201
-0.016172679141163826 0.0340784452855587 0.1720000058412552 172 194 195
-0.0166734978556633 0.0342765748500824 0.17299999296665192 132 150 148
-0.0032242750748991966 0.044294945895671844 0.2290000021457672 78 96 103
-0.0027768725994974375 0.03308666869997978 0.16899999976158142 189 215 215
-0.0031742581631988287 0.03308666869997978 0.16899999976158142 177 203 203
-0.00357164372690022 0.03308666869997978 0.16899999976158142 172 190 197
-0.003969029523432255 0.03308666869997978 0.16899999976158142 147 165 172
-0.004366415087133646 0.03348405286669731 0.16899999976158142 132 146 150
-0.004763800650835037 0.03388144075870514 0.16899999976158142 79 97 93
-0.005130646750330925 0.034075990319252014 0.1679999977350235 109 128 130
-0.005130646750330925 0.03447102755308151 0.1679999977350235 166 185 185
-0.005130646750330925 0.03486606106162071 0.1679999977350235 191 215 215
-0.005130646750330925 0.03526109457015991 0.1679999977350235 210 229 233
-0.005130646750330925 0.03486606106162071 0.1679999977350235 191 215 215
-0.005130646750330925 0.03447102755308151 0.1679999977350235 166 185 185
-0.0047356123104691505 0.034075990319252014 0.1679999977350235 197 209 201
-0.004366415087133646 0.03388144075870514 0.16899999976158142 171 189 185
-0.003969029523432255 0.03348405286669731 0.16899999976158142 234 253 253
-0.00357164372690022 0.03308666869997978 0.16899999976158142 172 190 197
-0.0031742581631988287 0.03308666869997978 0.16899999976158142 177 203 203
-0.0027768725994974375 0.03308666869997978 0.16899999976158142 189 215 215
-0.0032242750748991966 0.044294945895671844 0.2290000021457672 78 96 103
-0.0026858060155063868 0.044294945895671844 0.2290000021457672 89 107 114
-0.0021473367232829332 0.044294945895671844 0.2290000021457672 101 112 110
-0.0016088674310594797 0.044294945895671844 0.2290000021457672 102 113 111
-0.001070398255251348 0.044294945895671844 0.2290000021457672 111 113 100
-0.0005296061863191426 0.044101517647504807 0.2280000001192093 109 111 98
6.511685114674037e-06 0.044101517647504807 0.2280000001192093 92 105 102
0.0004045921959914267 0.03328244760632515 0.17000000178813934 212 225 220
0.0008090605260804296 0.03347822651267052 0.17100000381469727 184 204 201
0.0021509830839931965 0.044637635350227356 0.2280000001192093 134 154 151
0.0024174139834940434 0.03428240492939949 0.17100000381469727 228 246 240
0.002803014125674963 0.03448165953159332 0.17000000178813934 242 255 250
0.0032027510460466146 0.03488139435648918 0.17000000178813934 232 244 234
0.0048299445770680904 0.03468449041247368 0.17100000381469727 213 232 234
0.007327181752771139 0.03509015962481499 0.17299999296665192 232 246 250
0.007327181752771139 0.03509015962481499 0.17299999296665192 232 246 250
0.0048299445770680904 0.03468449041247368 0.17100000381469727 213 232 234
0.0032027510460466146 0.03448165953159332 0.17000000178813934 145 161 152
0.003223218722268939 0.045173753052949905 0.2280000001192093 120 140 133
0.0026871010195463896 0.044637635350227356 0.2280000001192093 87 107 104
0.0021509830839931965 0.044637635350227356 0.2280000001192093 134 154 151
0.0008090605260804296 0.03347822651267052 0.17100000381469727 184 204 201
0.0004045921959914267 0.03328244760632515 0.17000000178813934 212 225 220
6.511685114674037e-06 0.044101517647504807 0.2280000001192093 92 105 102
-0.0005296061863191426 0.044101517647504807 0.2280000001192093 109 111 98
-0.001070398255251348 0.044294945895671844 0.2290000021457672 111 113 100
-0.0016088674310594797 0.044294945895671844 0.2290000021457672 102 113 111
-0.0021473367232829332 0.044294945895671844 0.2290000021457672 101 112 110
-0.0026858060155063868 0.044294945895671844 0.2290000021457672 89 107 114
