-0.015402735210955143 0.02111285924911499 0.12600000202655792 250 255 251
-0.06128156557679176 0.02309354953467846 0.1809999942779541 226 252 250
-0.03557072952389717 0.018007177859544754 0.12300000339746475 250 255 254
-0.035281505435705185 0.018007177859544754 0.12300000339746475 250 255 254
-0.0349922850728035 0.018007177859544754 0.12300000339746475 250 255 254
-0.03384718298912048 0.01786077953875065 0.12200000137090683 250 255 247
-0.027822913601994514 0.01786077953875065 0.12200000137090683 51 70 88
-0.024001868441700935 0.01540418528020382 0.12300000339746475 244 255 252
-0.024291090667247772 0.01540418528020382 0.12300000339746475 244 255 252
-0.02458031289279461 0.01540418528020382 0.12300000339746475 241 255 255
-0.024869533255696297 0.01540418528020382 0.12300000339746475 242 255 255
-0.025158755481243134 0.01540418528020382 0.12300000339746475 238 255 255
-0.02544797584414482 0.01540418528020382 0.12300000339746475 238 255 255
-0.025737198069691658 0.015693407505750656 0.12300000339746475 244 255 255
-0.026026418432593346 0.015693407505750656 0.12300000339746475 244 255 255
-0.026315640658140182 0.015982627868652344 0.12300000339746475 247 255 255
-0.02660486288368702 0.01627185009419918 0.12300000339746475 242 251 244
-0.026894083246588707 0.016561070457100868 0.12300000339746475 243 255 253
-0.026894083246588707 0.016850292682647705 0.12300000339746475 247 255 255
-0.027183305472135544 0.017139514908194542 0.12300000339746475 242 255 255
-0.02696230262517929 0.017287038266658783 0.12200000137090683 242 255 255
-0.02696230262517929 0.01757390797138214 0.12200000137090683 246 255 255
-0.02724917232990265 0.01786077953875065 0.12200000137090683 189 206 211
-0.02696230262517929 0.01786077953875065 0.12200000137090683 247 255 255
-0.026675432920455933 0.01786077953875065 0.12200000137090683 247 255 255
-0.026388563215732574 0.01786077953875065 0.12200000137090683 250 255 254
-0.026101691648364067 0.01786077953875065 0.12200000137090683 250 255 254
-0.02581482194364071 0.01786077953875065 0.12200000137090683 250 255 251
-0.02552795223891735 0.01786077953875065 0.12200000137090683 250 255 251
-0.025241082534193993 0.01786077953875065 0.12200000137090683 250 255 251
-0.024954212829470634 0.018147649243474007 0.12200000137090683 250 255 251
-0.024667341262102127 0.018147649243474007 0.12200000137090683 250 255 251
-0.02438047155737877 0.018147649243474007 0.12200000137090683 250 255 251
-0.02409360185265541 0.018147649243474007 0.12200000137090683 250 255 251
-0.023806732147932053 0.018147649243474007 0.12200000137090683 250 255 251
-0.023519862443208694 0.018434518948197365 0.12200000137090683 250 255 251
-0.023232990875840187 0.018434518948197365 0.12200000137090683 250 255 251
-0.02294612117111683 0.018721388652920723 0.12200000137090683 250 255 251
-0.02265925146639347 0.018721388652920723 0.12200000137090683 250 255 251
-0.022372381761670113 0.018721388652920723 0.12200000137090683 250 255 251
-0.022085512056946754 0.01900825835764408 0.12200000137090683 250 255 251
-0.021798640489578247 0.01900825835764408 0.12200000137090683 250 255 251
-0.02151177078485489 0.01900825835764408 0.12200000137090683 250 255 251
-0.02122490108013153 0.01900825835764408 0.12200000137090683 250 255 251
-0.020938031375408173 0.01900825835764408 0.12200000137090683 250 255 251
-0.020651161670684814 0.01900825835764408 0.12200000137090683 250 255 251
-0.020364290103316307 0.01900825835764408 0.12200000137090683 250 255 251
-0.02007742039859295 0.01900825835764408 0.12200000137090683 250 255 251
-0.01979055069386959 0.01900825835764408 0.12200000137090683 250 255 251
-0.019503680989146233 0.01900825835764408 0.12200000137090683 250 255 251
-0.019216811284422874 0.01900825835764408 0.12200000137090683 250 255 251
-0.018929939717054367 0.01900825835764408 0.12200000137090683 250 255 251
-0.018795883283019066 0.019164064899086952 0.12300000339746475 250 255 251
-0.01850666105747223 0.019164064899086952 0.12300000339746475 250 255 251
-0.018217438831925392 0.019164064899086952 0.12300000339746475 250 255 251
-0.017928218469023705 0.019164064899086952 0.12300000339746475 250 255 251
-0.017638996243476868 0.01945328526198864 0.12300000339746475 250 255 251
-0.017490830272436142 0.01961144246160984 0.12399999797344208 250 255 251
-0.017199257388710976 0.01961144246160984 0.12399999797344208 250 255 251
-0.01690768450498581 0.01961144246160984 0.12399999797344208 250 255 251
-0.016616111621260643 0.01961144246160984 0.12399999797344208 250 255 251
-0.01645618863403797 0.01976959966123104 0.125 250 255 251
-0.016162263229489326 0.020063523203134537 0.125 250 255 251
-0.015226352028548717 0.02068316750228405 0.12700000405311584 250 255 251
-0.014927725307643414 0.02068316750228405 0.12700000405311584 250 255 251
-0.014629097655415535 0.02068316750228405 0.12700000405311584 250 255 251
-0.014330470934510231 0.02068316750228405 0.12700000405311584 250 255 251
-0.014031844213604927 0.02068316750228405 0.12700000405311584 250 255 251
-0.013733216561377048 0.020981794223189354 0.12700000405311584 250 255 251
-0.013733216561377048 0.021280420944094658 0.12700000405311584 250 255 251
-0.013733216561377048 0.020981794223189354 0.12700000405311584 250 255 251
-0.013733216561377048 0.02068316750228405 0.12700000405311584 250 255 251
-0.014031844213604927 0.02068316750228405 0.12700000405311584 250 255 251
-0.014330470934510231 0.02068316750228405 0.12700000405311584 250 255 251
-0.014629097655415535 0.02068316750228405 0.12700000405311584 250 255 251
-0.014927725307643414 0.02068316750228405 0.12700000405311584 250 255 251
-0.015226352028548717 0.02068316750228405 0.12700000405311584 250 255 251
-0.016162263229489326 0.020063523203134537 0.125 250 255 251
-0.01645618863403797 0.01976959966123104 0.125 250 255 251
-0.016616111621260643 0.01961144246160984 0.12399999797344208 250 255 251
-0.01690768450498581 0.01961144246160984 0.12399999797344208 250 255 251
-0.017199257388710976 0.01961144246160984 0.12399999797344208 250 255 251
-0.017490830272436142 0.01961144246160984 0.12399999797344208 250 255 251
-0.017638996243476868 0.01945328526198864 0.12300000339746475 250 255 251
-0.017928218469023705 0.019164064899086952 0.12300000339746475 250 255 251
-0.018217438831925392 0.019164064899086952 0.12300000339746475 250 255 251
-0.01850666105747223 0.019164064899086952 0.12300000339746475 250 255 251
-0.018795883283019066 0.019164064899086952 0.12300000339746475 250 255 251
-0.018929939717054367 0.01900825835764408 0.12200000137090683 250 255 251
-0.019216811284422874 0.01900825835764408 0.12200000137090683 250 255 251
-0.019503680989146233 0.01900825835764408 0.12200000137090683 250 255 251
-0.01979055069386959 0.01900825835764408 0.12200000137090683 250 255 251
-0.02007742039859295 0.01900825835764408 0.12200000137090683 250 255 251
-0.020364290103316307 0.01900825835764408 0.12200000137090683 250 255 251
-0.020651161670684814 0.01900825835764408 0.12200000137090683 250 255 251
-0.020938031375408173 0.01900825835764408 0.12200000137090683 250 255 251
-0.02122490108013153 0.01900825835764408 0.12200000137090683 250 255 251
-0.02151177078485489 0.01900825835764408 0.12200000137090683 250 255 251
-0.021798640489578247 0.01900825835764408 0.12200000137090683 250 255 251
-0.022085512056946754 0.01900825835764408 0.12200000137090683 250 255 251
-0.022372381761670113 0.018721388652920723 0.12200000137090683 250 255 251
-0.02265925146639347 0.018721388652920723 0.12200000137090683 250 255 251
-0.02294612117111683 0.018721388652920723 0.12200000137090683 250 255 251
-0.023232990875840187 0.018434518948197365 0.12200000137090683 250 255 251
-0.023519862443208694 0.018434518948197365 0.12200000137090683 250 255 251
-0.023806732147932053 0.018147649243474007 0.12200000137090683 250 255 251
-0.02409360185265541 0.018147649243474007 0.12200000137090683 250 255 251
-0.02438047155737877 0.018147649243474007 0.12200000137090683 250 255 251
-0.024667341262102127 0.018147649243474007 0.12200000137090683 250 255 251
-0.024954212829470634 0.018147649243474007 0.12200000137090683 250 255 251
-0.025241082534193993 0.01786077953875065 0.12200000137090683 250 255 251
-0.02552795223891735 0.01786077953875065 0.12200000137090683 250 255 251
-0.02581482194364071 0.01786077953875065 0.12200000137090683 250 255 251
-0.026101691648364067 0.01786077953875065 0.12200000137090683 250 255 254
-0.026388563215732574 0.01786077953875065 0.12200000137090683 250 255 254
-0.026675432920455933 0.01786077953875065 0.12200000137090683 247 255 255
-0.02696230262517929 0.01757390797138214 0.12200000137090683 246 255 255
-0.02696230262517929 0.017287038266658783 0.12200000137090683 242 255 255
-0.027183305472135544 0.017139514908194542 0.12300000339746475 242 255 255
-0.026894083246588707 0.016850292682647705 0.12300000339746475 247 255 255
-0.02660486288368702 0.016561070457100868 0.12300000339746475 249 255 250
-0.026315640658140182 0.01627185009419918 0.12300000339746475 249 255 251
-0.026026418432593346 0.015982627868652344 0.12300000339746475 249 255 254
-0.025737198069691658 0.015693407505750656 0.12300000339746475 244 255 255
-0.02544797584414482 0.01540418528020382 0.12300000339746475 238 255 255
-0.025158755481243134 0.01540418528020382 0.12300000339746475 238 255 255
-0.024869533255696297 0.01540418528020382 0.12300000339746475 242 255 255
-0.02458031289279461 0.01540418528020382 0.12300000339746475 241 255 255
-0.024291090667247772 0.01540418528020382 0.12300000339746475 244 255 252
-0.024001868441700935 0.01540418528020382 0.12300000339746475 244 255 252
-0.02255576103925705 0.01540418528020382 0.12300000339746475 249 255 253
-0.022266540676355362 0.01540418528020382 0.12300000339746475 249 255 253
-0.021977318450808525 0.01540418528020382 0.12300000339746475 249 255 255
-0.021688098087906837 0.01540418528020382 0.12300000339746475 249 255 255
-0.02139887586236 0.01540418528020382 0.12300000339746475 242 255 255
-0.021109653636813164 0.015693407505750656 0.12300000339746475 249 255 254
-0.020820433273911476 0.015693407505750656 0.12300000339746475 246 255 255
-0.02053121104836464 0.015693407505750656 0.12300000339746475 246 255 255
-0.02024199068546295 0.015982627868652344 0.12300000339746475 249 255 254
-0.019952768459916115 0.015982627868652344 0.12300000339746475 249 255 254
-0.019663546234369278 0.01627185009419918 0.12300000339746475 248 255 249
-0.01937432587146759 0.016561070457100868 0.12300000339746475 250 255 254
-0.019085103645920753 0.016850292682647705 0.12300000339746475 250 255 254
-0.018948694691061974 0.01727885939180851 0.12399999797344208 250 255 254
-0.018657121807336807 0.01727885939180851 0.12399999797344208 231 239 240
-0.01836554892361164 0.01727885939180851 0.12399999797344208 137 145 146
-0.018073976039886475 0.01727885939180851 0.12399999797344208 214 227 226
-0.01778240315616131 0.01727885939180851 0.12399999797344208 246 255 255
-0.017490830272436142 0.01727885939180851 0.12399999797344208 247 255 254
-0.017337961122393608 0.017124280333518982 0.125 246 255 255
-0.017044037580490112 0.017124280333518982 0.125 249 255 254
-0.016750112175941467 0.016830356791615486 0.125 242 255 255
-0.01645618863403797 0.016830356791615486 0.125 244 255 255
-0.016291562467813492 0.016964999958872795 0.12600000202655792 244 255 255
-0.015995286405086517 0.016964999958872795 0.12600000202655792 242 255 255
-0.015699010342359543 0.016964999958872795 0.12600000202655792 242 255 255
-0.015524979680776596 0.017099643126130104 0.12700000405311584 237 255 255
-0.015226352028548717 0.017099643126130104 0.12700000405311584 235 255 255
-0.014927725307643414 0.017398269847035408 0.12700000405311584 244 255 255
-0.014629097655415535 0.017398269847035408 0.12700000405311584 243 255 255
-0.014330470934510231 0.017696896567940712 0.12700000405311584 249 255 254
-0.014031844213604927 0.017696896567940712 0.12700000405311584 249 255 254
-0.013733216561377048 0.017995523288846016 0.12700000405311584 250 255 254
-0.013434589840471745 0.01829415000975132 0.12700000405311584 250 255 254
-0.01313596311956644 0.018592778593301773 0.12700000405311584 250 255 251
-0.012837335467338562 0.018891405314207077 0.12700000405311584 249 255 250
-0.012538708746433258 0.01919003203511238 0.12700000405311584 250 255 254
-0.012837335467338562 0.018592778593301773 0.12700000405311584 250 255 251
-0.01313596311956644 0.01829415000975132 0.12700000405311584 248 255 253
-0.013434589840471745 0.017995523288846016 0.12700000405311584 250 255 254
-0.014031844213604927 0.017696896567940712 0.12700000405311584 249 255 254
-0.014330470934510231 0.017398269847035408 0.12700000405311584 237 255 254
-0.014629097655415535 0.017398269847035408 0.12700000405311584 243 255 255
-0.014927725307643414 0.017398269847035408 0.12700000405311584 244 255 255
-0.015226352028548717 0.017099643126130104 0.12700000405311584 235 255 255
-0.015524979680776596 0.017099643126130104 0.12700000405311584 237 255 255
-0.015699010342359543 0.016964999958872795 0.12600000202655792 242 255 255
-0.015995286405086517 0.016964999958872795 0.12600000202655792 242 255 255
-0.016291562467813492 0.016964999958872795 0.12600000202655792 244 255 255
-0.01645618863403797 0.016830356791615486 0.125 244 255 255
-0.016750112175941467 0.016830356791615486 0.125 242 255 255
-0.017044037580490112 0.017124280333518982 0.125 249 255 254
-0.017337961122393608 0.017124280333518982 0.125 246 255 255
-0.017490830272436142 0.016987286508083344 0.12399999797344208 246 255 255
-0.01778240315616131 0.01727885939180851 0.12399999797344208 246 255 255
-0.018073976039886475 0.01727885939180851 0.12399999797344208 214 227 226
-0.01836554892361164 0.01727885939180851 0.12399999797344208 137 145 146
-0.018657121807336807 0.01727885939180851 0.12399999797344208 231 239 240
-0.018948694691061974 0.016987286508083344 0.12399999797344208 248 254 252
-0.019085103645920753 0.016561070457100868 0.12300000339746475 247 255 254
-0.01937432587146759 0.01627185009419918 0.12300000339746475 249 255 250
-0.019663546234369278 0.015982627868652344 0.12300000339746475 247 255 252
-0.019952768459916115 0.015982627868652344 0.12300000339746475 249 255 254
-0.02024199068546295 0.015693407505750656 0.12300000339746475 239 255 253
-0.02053121104836464 0.015693407505750656 0.12300000339746475 246 255 255
-0.020820433273911476 0.015693407505750656 0.12300000339746475 246 255 255
-0.021109653636813164 0.015693407505750656 0.12300000339746475 249 255 254
-0.02139887586236 0.01540418528020382 0.12300000339746475 242 255 255
-0.021688098087906837 0.01540418528020382 0.12300000339746475 249 255 255
-0.021977318450808525 0.01540418528020382 0.12300000339746475 249 255 255
-0.022266540676355362 0.01540418528020382 0.12300000339746475 249 255 253
-0.02255576103925705 0.01540418528020382 0.12300000339746475 249 255 253
-0.06771501153707504 0.02211945876479149 0.18000000715255737 87 113 131
-0.067291758954525 0.02211945876479149 0.18000000715255737 82 108 126
-0.06723999977111816 0.02266794815659523 0.1809999942779541 89 116 129
-0.06681439280509949 0.02309354953467846 0.1809999942779541 66 95 105
-0.06638879328966141 0.023519152775406837 0.1809999942779541 55 82 91
-0.06638879328966141 0.023519152775406837 0.1809999942779541 55 82 91
-0.06638879328966141 0.02309354953467846 0.1809999942779541 60 88 94
-0.06681439280509949 0.02266794815659523 0.1809999942779541 69 96 109
-0.06723999977111816 0.022242344915866852 0.1809999942779541 83 111 126
-0.067291758954525 0.02211945876479149 0.18000000715255737 82 108 126
-0.031315285712480545 0.021863872185349464 0.1850000023841858 50 78 95
-0.0308802779763937 0.021863872185349464 0.1850000023841858 50 78 95
-0.03028069995343685 0.02174568921327591 0.18400000035762787 52 80 97
-0.029848044738173485 0.02174568921327591 0.18400000035762787 51 79 96
-0.02941538766026497 0.02174568921327591 0.18400000035762787 50 78 95
-0.028982730582356453 0.02174568921327591 0.18400000035762787 48 76 93
-0.028550073504447937 0.02174568921327591 0.18400000035762787 44 72 89
-0.02811741828918457 0.02174568921327591 0.18400000035762787 46 74 91
-0.027684761211276054 0.02174568921327591 0.18400000035762787 43 73 92
-0.02710399590432644 0.021627506241202354 0.18299999833106995 43 73 92
-0.0266736913472414 0.021627506241202354 0.18299999833106995 41 71 90
-0.026243384927511215 0.021627506241202354 0.18299999833106995 41 71 90
-0.025813080370426178 0.021627506241202354 0.18299999833106995 47 75 92
-0.02538277581334114 0.021627506241202354 0.18299999833106995 46 74 91
-0.024952469393610954 0.021627506241202354 0.18299999833106995 52 74 88
-0.024522164836525917 0.021627506241202354 0.18299999833106995 55 77 91
-0.02409186027944088 0.021627506241202354 0.18299999833106995 61 78 94
-0.023661553859710693 0.021627506241202354 0.18299999833106995 62 79 95
-0.023231249302625656 0.021627506241202354 0.18299999833106995 60 80 93
-0.02280094474554062 0.021627506241202354 0.18299999833106995 57 77 90
-0.02237064018845558 0.021627506241202354 0.18299999833106995 59 79 94
-0.021940333768725395 0.02205781266093254 0.18299999833106995 58 78 93
-0.021510029211640358 0.02205781266093254 0.18299999833106995 46 66 88
-0.02119491435587406 0.022178346291184425 0.18400000035762787 52 72 94
-0.020762257277965546 0.022178346291184425 0.18400000035762787 43 70 90
-0.02032960020005703 0.02261100336909294 0.18400000035762787 44 77 92
-0.019896944984793663 0.02261100336909294 0.18400000035762787 36 69 84
-0.019464287906885147 0.02261100336909294 0.18400000035762787 36 69 84
-0.01903163082897663 0.023043658584356308 0.18400000035762787 46 85 90
-0.018598975613713264 0.023043658584356308 0.18400000035762787 36 75 80
-0.01816631853580475 0.023043658584356308 0.18400000035762787 40 79 84
-0.01783004030585289 0.02316889725625515 0.1850000023841858 38 77 82
-0.017395032569766045 0.02316889725625515 0.1850000023841858 39 78 87
-0.0169600248336792 0.02316889725625515 0.1850000023841858 33 72 81
-0.016525017097592354 0.02316889725625515 0.1850000023841858 33 61 78
-0.01609000936150551 0.02316889725625515 0.1850000023841858 45 73 90
-0.015655001625418663 0.02316889725625515 0.1850000023841858 51 75 89
-0.015219992958009243 0.02316889725625515 0.1850000023841858 50 74 88
-0.014784985221922398 0.02316889725625515 0.1850000023841858 52 74 86
-0.014349977485835552 0.023603904992341995 0.1850000023841858 46 70 82
-0.013914968818426132 0.023603904992341995 0.1850000023841858 51 73 83
-0.013479961082339287 0.023603904992341995 0.1850000023841858 53 75 85
-0.013044953346252441 0.023603904992341995 0.1850000023841858 49 73 85
-0.012609945610165596 0.02403891272842884 0.1850000023841858 39 66 79
-0.01217493787407875 0.02403891272842884 0.1850000023841858 37 68 82
-0.011676470749080181 0.024341629818081856 0.18400000035762787 35 69 87
-0.011304921470582485 0.024473920464515686 0.1850000023841858 41 74 87
-0.01086991373449564 0.024473920464515686 0.1850000023841858 44 77 90
-0.010434905998408794 0.024473920464515686 0.1850000023841858 49 80 94
-0.009999898262321949 0.024473920464515686 0.1850000023841858 51 82 96
-0.009564890526235104 0.02490892820060253 0.1850000023841858 43 75 86
-0.009129881858825684 0.02490892820060253 0.1850000023841858 41 73 84
-0.008694874122738838 0.02490892820060253 0.1850000023841858 44 73 83
-0.008259866386651993 0.02490892820060253 0.1850000023841858 48 77 87
-0.007824858650565147 0.025343935936689377 0.1850000023841858 52 81 91
-0.007824858650565147 0.025343935936689377 0.1850000023841858 52 81 91
-0.008259866386651993 0.02490892820060253 0.1850000023841858 48 77 87
-0.008694874122738838 0.02490892820060253 0.1850000023841858 44 73 83
-0.009129881858825684 0.02490892820060253 0.1850000023841858 41 73 84
-0.009564890526235104 0.02490892820060253 0.1850000023841858 43 75 86
-0.009999898262321949 0.024473920464515686 0.1850000023841858 51 82 96
-0.010434905998408794 0.024473920464515686 0.1850000023841858 49 80 94
-0.01086991373449564 0.024473920464515686 0.1850000023841858 44 77 90
-0.011304921470582485 0.024473920464515686 0.1850000023841858 41 74 87
-0.011739930137991905 0.02403891272842884 0.1850000023841858 38 69 83
-0.01217493787407875 0.02403891272842884 0.1850000023841858 37 68 82
-0.012609945610165596 0.02403891272842884 0.1850000023841858 39 66 79
-0.013044953346252441 0.023603904992341995 0.1850000023841858 49 73 85
-0.013479961082339287 0.023603904992341995 0.1850000023841858 53 75 85
-0.013914968818426132 0.023603904992341995 0.1850000023841858 51 73 83
-0.014349977485835552 0.023603904992341995 0.1850000023841858 46 70 82
-0.014784985221922398 0.02316889725625515 0.1850000023841858 52 74 86
-0.015219992958009243 0.02316889725625515 0.1850000023841858 50 74 88
-0.015655001625418663 0.02316889725625515 0.1850000023841858 51 75 89
-0.01609000936150551 0.02316889725625515 0.1850000023841858 45 73 90
-0.016525017097592354 0.02316889725625515 0.1850000023841858 33 61 78
-0.0169600248336792 0.02316889725625515 0.1850000023841858 33 72 81
-0.017395032569766045 0.02316889725625515 0.1850000023841858 39 78 87
-0.01783004030585289 0.02316889725625515 0.1850000023841858 38 77 82
-0.01816631853580475 0.023043658584356308 0.18400000035762787 40 79 84
-0.018598975613713264 0.023043658584356308 0.18400000035762787 36 75 80
-0.01903163082897663 0.023043658584356308 0.18400000035762787 46 85 90
-0.019464287906885147 0.02261100336909294 0.18400000035762787 36 69 84
-0.019896944984793663 0.02261100336909294 0.18400000035762787 36 69 84
-0.02032960020005703 0.02261100336909294 0.18400000035762787 44 77 92
-0.020762257277965546 0.022178346291184425 0.18400000035762787 43 70 90
-0.02119491435587406 0.022178346291184425 0.18400000035762787 52 72 94
-0.021510029211640358 0.02205781266093254 0.18299999833106995 46 66 88
-0.021940333768725395 0.02205781266093254 0.18299999833106995 58 78 93
-0.02237064018845558 0.021627506241202354 0.18299999833106995 59 79 94
-0.02280094474554062 0.021627506241202354 0.18299999833106995 57 77 90
-0.023231249302625656 0.021627506241202354 0.18299999833106995 60 80 93
-0.023661553859710693 0.021627506241202354 0.18299999833106995 62 79 95
-0.02409186027944088 0.021627506241202354 0.18299999833106995 61 78 94
-0.024522164836525917 0.021627506241202354 0.18299999833106995 55 77 91
-0.024952469393610954 0.021627506241202354 0.18299999833106995 52 74 88
-0.02538277581334114 0.021627506241202354 0.18299999833106995 46 74 91
-0.025813080370426178 0.021627506241202354 0.18299999833106995 47 75 92
-0.026243384927511215 0.021627506241202354 0.18299999833106995 41 71 90
-0.0266736913472414 0.021627506241202354 0.18299999833106995 41 71 90
-0.02710399590432644 0.021627506241202354 0.18299999833106995 43 73 92
-0.027684761211276054 0.02174568921327591 0.18400000035762787 43 73 92
-0.02811741828918457 0.02174568921327591 0.18400000035762787 46 74 91
-0.028550073504447937 0.02174568921327591 0.18400000035762787 44 72 89
-0.028982730582356453 0.02174568921327591 0.18400000035762787 48 76 93
-0.02941538766026497 0.02174568921327591 0.18400000035762787 50 78 95
-0.029848044738173485 0.02174568921327591 0.18400000035762787 51 79 96
-0.03028069995343685 0.02174568921327591 0.18400000035762787 52 80 97
-0.0308802779763937 0.021863872185349464 0.1850000023841858 50 78 95
-0.031315285712480545 0.021863872185349464 0.1850000023841858 50 78 95
-0.06771501153707504 0.02127295732498169 0.18000000715255737 46 77 93
-0.067291758954525 0.02127295732498169 0.18000000715255737 45 76 92
-0.06723999977111816 0.021391140297055244 0.1809999942779541 45 80 95
-0.06681439280509949 0.021391140297055244 0.1809999942779541 40 75 90
-0.06638879328966141 0.021391140297055244 0.1809999942779541 33 78 87
-0.06596319377422333 0.021391140297055244 0.1809999942779541 36 81 90
-0.06553758680820465 0.021391140297055244 0.1809999942779541 35 84 89
-0.06511198729276657 0.021391140297055244 0.1809999942779541 37 86 91
-0.06504376977682114 0.0215093232691288 0.18199999630451202 48 84 92
-0.06461581587791443 0.0215093232691288 0.18199999630451202 54 90 98
-0.06383518129587173 0.021391140297055244 0.1809999942779541 56 83 92
-0.06340957432985306 0.021391140297055244 0.1809999942779541 59 86 95
-0.06298397481441498 0.021391140297055244 0.1809999942779541 56 84 90
-0.0625583752989769 0.021391140297055244 0.1809999942779541 61 89 95
-0.06213276833295822 0.021391140297055244 0.1809999942779541 60 89 97
-0.06170716881752014 0.021391140297055244 0.1809999942779541 51 80 88
-0.06128156557679176 0.021391140297055244 0.1809999942779541 52 81 91
-0.060855962336063385 0.021391140297055244 0.1809999942779541 56 85 95
-0.06009649112820625 0.02127295732498169 0.18000000715255737 54 83 93
-0.059673238545656204 0.02127295732498169 0.18000000715255737 54 83 93
-0.059249989688396454 0.02127295732498169 0.18000000715255737 51 78 87
-0.058826737105846405 0.02127295732498169 0.18000000715255737 55 82 91
-0.058403488248586655 0.02127295732498169 0.18000000715255737 62 90 96
-0.057980235666036606 0.02127295732498169 0.18000000715255737 63 91 97
-0.057556986808776855 0.02127295732498169 0.18000000715255737 63 91 97
-0.05713373422622681 0.02127295732498169 0.18000000715255737 60 88 94
-0.056710485368967056 0.02127295732498169 0.18000000715255737 55 83 87
-0.05628723278641701 0.02127295732498169 0.18000000715255737 48 76 80
-0.05586398020386696 0.02127295732498169 0.18000000715255737 46 73 82
-0.05544073134660721 0.02127295732498169 0.18000000715255737 47 74 83
-0.05501747876405716 0.02127295732498169 0.18000000715255737 52 74 86
-0.05459422990679741 0.02127295732498169 0.18000000715255737 53 75 87
-0.05417097732424736 0.02127295732498169 0.18000000715255737 55 76 93
-0.05374772846698761 0.02127295732498169 0.18000000715255737 60 81 98
-0.05332447588443756 0.02127295732498169 0.18000000715255737 55 81 99
-0.05290122702717781 0.02127295732498169 0.18000000715255737 47 73 91
-0.05247797444462776 0.02127295732498169 0.18000000715255737 51 79 96
-0.05205472186207771 0.02127295732498169 0.18000000715255737 54 82 99
-0.05163147300481796 0.02127295732498169 0.18000000715255737 51 79 94
-0.051208220422267914 0.02127295732498169 0.18000000715255737 47 75 90
-0.05078497156500816 0.02127295732498169 0.18000000715255737 47 73 89
-0.050361718982458115 0.02127295732498169 0.18000000715255737 45 71 87
-0.049938470125198364 0.02127295732498169 0.18000000715255737 45 73 88
-0.049515217542648315 0.02127295732498169 0.18000000715255737 46 74 89
-0.049091968685388565 0.02127295732498169 0.18000000715255737 39 70 86
-0.048668716102838516 0.02127295732498169 0.18000000715255737 36 67 83
-0.04824546352028847 0.02127295732498169 0.18000000715255737 38 71 86
-0.04782221466302872 0.02127295732498169 0.18000000715255737 36 69 84
-0.04739896208047867 0.02127295732498169 0.18000000715255737 37 70 83
-0.04723668843507767 0.021391140297055244 0.1809999942779541 44 77 90
-0.04681108519434929 0.021391140297055244 0.1809999942779541 46 74 89
-0.04638548567891121 0.021391140297055244 0.1809999942779541 50 78 93
-0.04595988243818283 0.021391140297055244 0.1809999942779541 49 80 94
-0.04553427919745445 0.021391140297055244 0.1809999942779541 36 67 81
-0.045357897877693176 0.0215093232691288 0.18199999630451202 37 81 88
-0.04492994397878647 0.0215093232691288 0.18199999630451202 33 77 84
-0.04450199007987976 0.0215093232691288 0.18199999630451202 29 74 83
-0.04407403618097305 0.0215093232691288 0.18199999630451202 28 73 82
-0.04340626671910286 0.021391140297055244 0.1809999942779541 33 71 83
-0.04298066720366478 0.021391140297055244 0.1809999942779541 40 78 90
-0.0425550639629364 0.021391140297055244 0.1809999942779541 51 75 89
-0.04212946072220802 0.021391140297055244 0.1809999942779541 53 77 91
-0.041703857481479645 0.021391140297055244 0.1809999942779541 53 77 91
-0.041278254240751266 0.021391140297055244 0.1809999942779541 51 75 89
-0.04085265472531319 0.021391140297055244 0.1809999942779541 48 75 86
-0.04042705148458481 0.021391140297055244 0.1809999942779541 45 72 83
-0.04000144824385643 0.021391140297055244 0.1809999942779541 41 70 78
-0.03957584500312805 0.021391140297055244 0.1809999942779541 51 80 88
-0.03915024548768997 0.021391140297055244 0.1809999942779541 50 79 87
-0.03893858939409256 0.0215093232691288 0.18199999630451202 43 72 80
-0.03851063549518585 0.0215093232691288 0.18199999630451202 46 75 85
-0.03893858939409256 0.0215093232691288 0.18199999630451202 43 72 80
-0.03915024548768997 0.021391140297055244 0.1809999942779541 50 79 87
-0.03957584500312805 0.021391140297055244 0.1809999942779541 51 80 88
-0.04000144824385643 0.021391140297055244 0.1809999942779541 41 70 78
-0.04042705148458481 0.021391140297055244 0.1809999942779541 45 72 83
-0.04085265472531319 0.021391140297055244 0.1809999942779541 48 75 86
-0.041278254240751266 0.021391140297055244 0.1809999942779541 51 75 89
-0.041703857481479645 0.021391140297055244 0.1809999942779541 53 77 91
-0.04212946072220802 0.021391140297055244 0.1809999942779541 53 77 91
-0.0425550639629364 0.021391140297055244 0.1809999942779541 51 75 89
-0.04298066720366478 0.021391140297055244 0.1809999942779541 40 78 90
-0.04340626671910286 0.021391140297055244 0.1809999942779541 33 71 83
-0.04407403618097305 0.0215093232691288 0.18199999630451202 28 73 82
-0.04450199007987976 0.0215093232691288 0.18199999630451202 29 74 83
-0.04492994397878647 0.0215093232691288 0.18199999630451202 33 77 84
-0.045357897877693176 0.0215093232691288 0.18199999630451202 37 81 88
-0.04553427919745445 0.021391140297055244 0.1809999942779541 36 67 81
-0.04595988243818283 0.021391140297055244 0.1809999942779541 49 80 94
-0.04638548567891121 0.021391140297055244 0.1809999942779541 50 78 93
-0.04681108519434929 0.021391140297055244 0.1809999942779541 46 74 89
-0.04723668843507767 0.021391140297055244 0.1809999942779541 44 77 90
-0.04739896208047867 0.02127295732498169 0.18000000715255737 37 70 83
-0.04782221466302872 0.02127295732498169 0.18000000715255737 36 69 84
-0.04824546352028847 0.02127295732498169 0.18000000715255737 38 71 86
-0.048668716102838516 0.02127295732498169 0.18000000715255737 36 67 83
-0.049091968685388565 0.02127295732498169 0.18000000715255737 39 70 86
-0.049515217542648315 0.02127295732498169 0.18000000715255737 46 74 89
-0.049938470125198364 0.02127295732498169 0.18000000715255737 45 73 88
-0.050361718982458115 0.02127295732498169 0.18000000715255737 45 71 87
-0.05078497156500816 0.02127295732498169 0.18000000715255737 47 73 89
-0.051208220422267914 0.02127295732498169 0.18000000715255737 47 75 90
-0.05163147300481796 0.02127295732498169 0.18000000715255737 51 79 94
-0.05205472186207771 0.02127295732498169 0.18000000715255737 54 82 99
-0.05247797444462776 0.02127295732498169 0.18000000715255737 51 79 96
-0.05290122702717781 0.02127295732498169 0.18000000715255737 47 73 91
-0.05332447588443756 0.02127295732498169 0.18000000715255737 55 81 99
-0.05374772846698761 0.02127295732498169 0.18000000715255737 60 81 98
-0.05417097732424736 0.02127295732498169 0.18000000715255737 55 76 93
-0.05459422990679741 0.02127295732498169 0.18000000715255737 53 75 87
-0.05501747876405716 0.02127295732498169 0.18000000715255737 52 74 86
-0.05544073134660721 0.02127295732498169 0.18000000715255737 47 74 83
-0.05586398020386696 0.02127295732498169 0.18000000715255737 46 73 82
-0.05628723278641701 0.02127295732498169 0.18000000715255737 48 76 80
-0.056710485368967056 0.02127295732498169 0.18000000715255737 55 83 87
-0.05713373422622681 0.02127295732498169 0.18000000715255737 60 88 94
-0.057556986808776855 0.02127295732498169 0.18000000715255737 63 91 97
-0.057980235666036606 0.02127295732498169 0.18000000715255737 63 91 97
-0.058403488248586655 0.02127295732498169 0.18000000715255737 62 90 96
-0.058826737105846405 0.02127295732498169 0.18000000715255737 55 82 91
-0.059249989688396454 0.02127295732498169 0.18000000715255737 51 78 87
-0.059673238545656204 0.02127295732498169 0.18000000715255737 54 83 93
-0.06009649112820625 0.02127295732498169 0.18000000715255737 54 83 93
-0.060855962336063385 0.021391140297055244 0.1809999942779541 56 85 95
-0.06128156557679176 0.021391140297055244 0.1809999942779541 52 81 91
-0.06170716881752014 0.021391140297055244 0.1809999942779541 51 80 88
-0.06213276833295822 0.021391140297055244 0.1809999942779541 60 89 97
-0.0625583752989769 0.021391140297055244 0.1809999942779541 61 89 95
-0.06298397481441498 0.021391140297055244 0.1809999942779541 56 84 90
-0.06340957432985306 0.021391140297055244 0.1809999942779541 59 86 95
-0.06383518129587173 0.021391140297055244 0.1809999942779541 56 83 92
-0.06461581587791443 0.0215093232691288 0.18199999630451202 54 90 98
-0.06504376977682114 0.0215093232691288 0.18199999630451202 48 84 92
-0.06511198729276657 0.021391140297055244 0.1809999942779541 37 86 91
-0.06553758680820465 0.021391140297055244 0.1809999942779541 35 84 89
-0.06596319377422333 0.021391140297055244 0.1809999942779541 36 81 90
-0.06638879328966141 0.021391140297055244 0.1809999942779541 33 78 87
-0.06681439280509949 0.021391140297055244 0.1809999942779541 40 75 90
-0.06723999977111816 0.021391140297055244 0.1809999942779541 45 80 95
-0.067291758954525 0.02127295732498169 0.18000000715255737 45 76 92
