-0.008127322420477867 0.012590997852385044 0.13300000131130219 243 253 255
-0.008440057747066021 0.012903733178973198 0.13300000131130219 247 255 255
-0.008752793073654175 0.012903733178973198 0.13300000131130219 247 255 255
-0.009065528400242329 0.013216468505561352 0.13300000131130219 240 255 255
-0.009378263726830482 0.013529203832149506 0.13300000131130219 246 255 255
-0.009690999053418636 0.013529203832149506 0.13300000131130219 238 255 255
-0.01000373438000679 0.01384193915873766 0.13300000131130219 244 255 255
-0.01000373438000679 0.014154674485325813 0.13300000131130219 249 255 254
-0.01000373438000679 0.014467410743236542 0.13300000131130219 247 255 251
-0.01000373438000679 0.014154674485325813 0.13300000131130219 249 255 254
-0.009690999053418636 0.01384193915873766 0.13300000131130219 247 255 255
-0.009378263726830482 0.013529203832149506 0.13300000131130219 246 255 255
-0.009065528400242329 0.013529203832149506 0.13300000131130219 246 255 255
-0.008752793073654175 0.013216468505561352 0.13300000131130219 246 255 255
-0.008440057747066021 0.012903733178973198 0.13300000131130219 247 255 255
-0.008127322420477867 0.012590997852385044 0.13300000131130219 243 253 255
-0.007814587093889713 0.012590997852385044 0.13300000131130219 243 253 255
-0.007501851301640272 0.012590997852385044 0.13300000131130219 244 252 249
-0.007189115975052118 0.012590997852385044 0.13300000131130219 242 250 247
-0.0068763806484639645 0.012590997852385044 0.13300000131130219 242 249 241
-0.006563645321875811 0.012903733178973198 0.13300000131130219 248 255 253
-0.0062509095296263695 0.012903733178973198 0.13300000131130219 247 255 254
-0.005938174203038216 0.012903733178973198 0.13300000131130219 249 255 255
-0.005625438876450062 0.012903733178973198 0.13300000131130219 244 255 255
-0.005352648440748453 0.013000753708183765 0.1340000033378601 242 255 255
-0.0050375619903206825 0.013315840624272823 0.1340000033378601 246 255 255
-0.004722475074231625 0.013315840624272823 0.1340000033378601 246 255 255
-0.004374497104436159 0.013216468505561352 0.13300000131130219 242 255 254
-0.004092301242053509 0.013630927540361881 0.1340000033378601 250 255 254
-0.0037490264512598515 0.013529203832149506 0.13300000131130219 249 255 254
-0.0034362911246716976 0.01384193915873766 0.13300000131130219 250 255 254
-0.0031235555652529 0.014154674485325813 0.13300000131130219 251 254 253
-0.0028108202386647463 0.014467410743236542 0.13300000131130219 250 255 254
-0.002498084679245949 0.014780146069824696 0.13300000131130219 252 255 251
-0.002201780676841736 0.015206361189484596 0.1340000033378601 250 255 251
-0.001886693760752678 0.015521448105573654 0.1340000033378601 247 253 251
-0.001886693760752678 0.015836535021662712 0.1340000033378601 252 255 254
-0.0015716069610789418 0.015521448105573654 0.1340000033378601 171 177 175
-0.0012565201614052057 0.015836535021662712 0.1340000033378601 246 252 250
-0.0009414333617314696 0.015836535021662712 0.1340000033378601 249 255 253
-0.0006310208118520677 0.01563728041946888 0.13500000536441803 249 255 255
-0.00031358259730041027 0.01563728041946888 0.13500000536441803 250 255 255
3.85560315407929e-06 0.01563728041946888 0.13500000536441803 249 255 255
0.00032367376843467355 0.015433321706950665 0.13600000739097595 242 249 241
0.0006434633396565914 0.015433321706950665 0.13600000739097595 244 248 241
0.0009632529108785093 0.015753110870718956 0.13600000739097595 250 255 254
0.0012830424821004272 0.015753110870718956 0.13600000739097595 247 255 255
0.001602832111530006 0.015753110870718956 0.13600000739097595 247 255 255
0.0019226217409595847 0.016072900965809822 0.13600000739097595 249 255 254
0.0022424112539738417 0.016072900965809822 0.13600000739097595 248 255 253
0.0025622008834034204 0.016392691060900688 0.13600000739097595 249 255 254
0.0028819905128329992 0.016712481155991554 0.13600000739097595 250 255 251
0.003201780142262578 0.01703226938843727 0.13600000739097595 252 255 254
0.0034956757444888353 0.017224470153450966 0.13500000536441803 252 255 251
0.003841359168291092 0.017671849578619003 0.13600000739097595 252 255 251
0.004161148797720671 0.01799163967370987 0.13600000739097595 250 254 249
0.004161148797720671 0.018311427906155586 0.13600000739097595 251 255 250
0.0044809384271502495 0.018311427906155586 0.13600000739097595 250 254 247
0.004800728056579828 0.018311427906155586 0.13600000739097595 213 217 210
0.005120517686009407 0.018311427906155586 0.13600000739097595 202 208 191
0.005440307315438986 0.018311427906155586 0.13600000739097595 214 220 203
0.005440307315438986 0.018311427906155586 0.13600000739097595 214 220 203
0.005120517686009407 0.018311427906155586 0.13600000739097595 202 208 191
0.004800728056579828 0.018311427906155586 0.13600000739097595 213 217 210
0.0044809384271502495 0.018311427906155586 0.13600000739097595 250 254 247
0.004161148797720671 0.01799163967370987 0.13600000739097595 250 254 249
0.004161148797720671 0.017671849578619003 0.13600000739097595 252 255 251
0.003841359168291092 0.017352059483528137 0.13600000739097595 252 255 251
0.003521569771692157 0.01703226938843727 0.13600000739097595 252 255 254
0.003201780142262578 0.016712481155991554 0.13600000739097595 250 255 254
0.0028819905128329992 0.016392691060900688 0.13600000739097595 248 255 253
0.0025622008834034204 0.016072900965809822 0.13600000739097595 242 255 252
0.0022424112539738417 0.016072900965809822 0.13600000739097595 248 255 253
0.0019226217409595847 0.016072900965809822 0.13600000739097595 249 255 254
0.001602832111530006 0.015753110870718956 0.13600000739097595 247 255 255
0.0012830424821004272 0.015753110870718956 0.13600000739097595 247 255 255
0.0009632529108785093 0.015753110870718956 0.13600000739097595 250 255 254
0.0006434633396565914 0.015433321706950665 0.13600000739097595 244 248 241
0.00032367376843467355 0.015433321706950665 0.13600000739097595 242 249 241
3.85560315407929e-06 0.01563728041946888 0.13500000536441803 249 255 255
-0.00031358259730041027 0.01563728041946888 0.13500000536441803 250 255 255
-0.0006310208118520677 0.01563728041946888 0.13500000536441803 249 255 255
-0.0009414333617314696 0.015836535021662712 0.1340000033378601 249 255 253
-0.0012565201614052057 0.015836535021662712 0.1340000033378601 246 252 250
-0.0015716069610789418 0.015521448105573654 0.1340000033378601 171 177 175
-0.001886693760752678 0.015206361189484596 0.1340000033378601 235 243 242
-0.002201780676841736 0.014891274273395538 0.1340000033378601 252 255 251
-0.002498084679245949 0.014467410743236542 0.13300000131130219 250 255 254
-0.0028108202386647463 0.014154674485325813 0.13300000131130219 252 255 254
-0.0031235555652529 0.01384193915873766 0.13300000131130219 249 255 255
-0.0034362911246716976 0.013529203832149506 0.13300000131130219 242 250 247
-0.0037490264512598515 0.013529203832149506 0.13300000131130219 249 255 254
-0.004092301242053509 0.013630927540361881 0.1340000033378601 250 255 254
-0.004374497104436159 0.013216468505561352 0.13300000131130219 242 255 254
-0.004722475074231625 0.013315840624272823 0.1340000033378601 246 255 255
-0.0050375619903206825 0.013315840624272823 0.1340000033378601 246 255 255
-0.005352648440748453 0.013000753708183765 0.1340000033378601 242 255 255
-0.005625438876450062 0.012903733178973198 0.13300000131130219 244 255 255
-0.005938174203038216 0.012903733178973198 0.13300000131130219 249 255 255
-0.0062509095296263695 0.012903733178973198 0.13300000131130219 247 255 254
-0.006563645321875811 0.012903733178973198 0.13300000131130219 248 255 253
-0.0068763806484639645 0.012590997852385044 0.13300000131130219 242 249 241
-0.007189115975052118 0.012590997852385044 0.13300000131130219 242 250 247
-0.007501851301640272 0.012590997852385044 0.13300000131130219 244 252 249
-0.007814587093889713 0.012590997852385044 0.13300000131130219 243 253 255
-0.02764839492738247 0.011607706546783447 0.14000000059604645 243 255 247
-0.02764839492738247 0.01193690113723278 0.14000000059604645 247 255 249
-0.028508977964520454 0.012685257941484451 0.14100000262260437 245 254 247
-0.028508977964520454 0.013016804121434689 0.14100000262260437 249 255 250
-0.028840523213148117 0.0133483512327075 0.14100000262260437 248 252 247
-0.028840523213148117 0.013679897412657738 0.14100000262260437 253 254 248
-0.028508977964520454 0.0133483512327075 0.14100000262260437 252 255 249
-0.028508977964520454 0.013016804121434689 0.14100000262260437 249 255 250
-0.028177430853247643 0.012685257941484451 0.14100000262260437 249 255 251
-0.02764839492738247 0.012266096659004688 0.14000000059604645 249 255 251
-0.02764839492738247 0.01193690113723278 0.14000000059604645 247 255 249
-0.027319200336933136 0.011607706546783447 0.14000000059604645 247 255 251
-0.025306465104222298 0.011117389425635338 0.1379999965429306 248 255 253
-0.024981971830129623 0.011441881768405437 0.1379999965429306 250 255 251
-0.0246574804186821 0.011441881768405437 0.1379999965429306 246 255 254
-0.024332987144589424 0.011766374111175537 0.1379999965429306 249 255 251
-0.023684002459049225 0.012090866453945637 0.1379999965429306 247 255 254
-0.02335950918495655 0.012090866453945637 0.1379999965429306 232 246 237
-0.023035017773509026 0.012090866453945637 0.1379999965429306 246 255 251
-0.02271052449941635 0.011766374111175537 0.1379999965429306 242 255 254
-0.022223815321922302 0.011681110598146915 0.13699999451637268 244 255 255
-0.021901674568653107 0.01135896984487772 0.13699999451637268 246 255 255
-0.02157953381538391 0.01135896984487772 0.13699999451637268 247 255 255
-0.021257393062114716 0.01135896984487772 0.13699999451637268 246 255 255
-0.02093525044620037 0.01135896984487772 0.13699999451637268 246 255 255
-0.020613109692931175 0.01135896984487772 0.13699999451637268 246 255 255
-0.02014286071062088 0.011276056990027428 0.13600000739097595 246 255 255
-0.019823070615530014 0.011276056990027428 0.13600000739097595 246 255 254
-0.019503280520439148 0.011595847085118294 0.13600000739097595 249 255 250
-0.019183490425348282 0.011595847085118294 0.13600000739097595 250 255 254
-0.018724998459219933 0.01182802114635706 0.13500000536441803 250 255 254
-0.018407559022307396 0.01182802114635706 0.13500000536441803 249 255 254
-0.01809012144804001 0.012145459651947021 0.13500000536441803 250 255 254
-0.017641033977270126 0.01237057987600565 0.1340000033378601 249 255 254
-0.01732594706118107 0.012685666792094707 0.1340000033378601 250 255 251
-0.01732594706118107 0.013000753708183765 0.1340000033378601 251 255 248
-0.01732594706118107 0.013315840624272823 0.1340000033378601 252 255 249
-0.01732594706118107 0.013000753708183765 0.1340000033378601 251 255 248
-0.01732594706118107 0.012685666792094707 0.1340000033378601 250 255 251
-0.01732594706118107 0.01237057987600565 0.1340000033378601 249 255 254
-0.017641033977270126 0.012055492959916592 0.1340000033378601 244 255 254
-0.01809012144804001 0.01182802114635706 0.13500000536441803 248 255 253
-0.018407559022307396 0.01182802114635706 0.13500000536441803 249 255 254
-0.018724998459219933 0.011510583572089672 0.13500000536441803 248 254 252
-0.019183490425348282 0.011595847085118294 0.13600000739097595 250 255 254
-0.019503280520439148 0.011595847085118294 0.13600000739097595 249 255 250
-0.019823070615530014 0.011276056990027428 0.13600000739097595 246 255 254
-0.02014286071062088 0.011276056990027428 0.13600000739097595 246 255 255
-0.020613109692931175 0.01135896984487772 0.13699999451637268 246 255 255
-0.02093525044620037 0.01135896984487772 0.13699999451637268 246 255 255
-0.021257393062114716 0.01135896984487772 0.13699999451637268 246 255 255
-0.02157953381538391 0.01135896984487772 0.13699999451637268 247 255 255
-0.021901674568653107 0.01135896984487772 0.13699999451637268 246 255 255
-0.022223815321922302 0.011681110598146915 0.13699999451637268 244 255 255
-0.02271052449941635 0.011766374111175537 0.1379999965429306 242 255 254
-0.023035017773509026 0.012090866453945637 0.1379999965429306 246 255 251
-0.02335950918495655 0.012090866453945637 0.1379999965429306 232 246 237
-0.023684002459049225 0.012090866453945637 0.1379999965429306 247 255 254
-0.0246574804186821 0.011441881768405437 0.1379999965429306 246 255 254
-0.025306465104222298 0.011117389425635338 0.1379999965429306 248 255 253
