-0.02389580011367798 0.019324777647852898 0.13199999928474426 247 255 254
-0.02358541451394558 0.019324777647852898 0.13199999928474426 247 255 254
-0.02327503077685833 0.019635161384940147 0.13199999928474426 250 255 254
-0.02296464703977108 0.019635161384940147 0.13199999928474426 250 255 254
-0.02265426330268383 0.019635161384940147 0.13199999928474426 250 255 254
-0.02234387956559658 0.019635161384940147 0.13199999928474426 249 255 254
-0.02203349582850933 0.019945545122027397 0.13199999928474426 250 255 254
-0.021723110228776932 0.020255928859114647 0.13199999928474426 250 255 254
-0.021412726491689682 0.020255928859114647 0.13199999928474426 250 255 254
-0.021102342754602432 0.020566312596201897 0.13199999928474426 250 255 254
-0.020791959017515182 0.020876696333289146 0.13199999928474426 252 255 254
-0.020481575280427933 0.021187081933021545 0.13199999928474426 250 255 251
-0.020171191543340683 0.021497465670108795 0.13199999928474426 250 255 251
-0.019860807806253433 0.021497465670108795 0.13199999928474426 250 255 251
-0.019550422206521034 0.021497465670108795 0.13199999928474426 233 240 234
-0.019240038469433784 0.021497465670108795 0.13199999928474426 225 232 226
-0.019073061645030975 0.021660324186086655 0.13300000131130219 250 255 251
-0.018760325387120247 0.021660324186086655 0.13300000131130219 250 255 251
-0.018447590991854668 0.021660324186086655 0.13300000131130219 250 255 251
-0.01813485473394394 0.021660324186086655 0.13300000131130219 252 255 254
-0.01782212033867836 0.021347589790821075 0.13300000131130219 250 255 251
-0.01750938408076763 0.021347589790821075 0.13300000131130219 250 255 251
-0.01732594706118107 0.021508097648620605 0.1340000033378601 250 255 251
-0.01701086014509201 0.021508097648620605 0.1340000033378601 250 255 251
-0.016695773229002953 0.021823184564709663 0.1340000033378601 252 255 254
-0.016380686312913895 0.021823184564709663 0.1340000033378601 252 255 251
-0.016065599396824837 0.02213827148079872 0.1340000033378601 252 255 251
-0.015868054702878 0.02230348251760006 0.13500000536441803 252 255 251
-0.015550616197288036 0.022620920091867447 0.13500000536441803 250 255 251
-0.015233177691698074 0.022620920091867447 0.13500000536441803 250 255 251
-0.014915740117430687 0.022938357666134834 0.13500000536441803 250 255 251
-0.014598301611840725 0.02325579710304737 0.13500000536441803 250 255 251
-0.014598301611840725 0.02357323467731476 0.13500000536441803 252 255 251
-0.014386647380888462 0.02406764030456543 0.13600000739097595 252 255 251
-0.01406685821712017 0.02406764030456543 0.13600000739097595 252 255 251
-0.013848149217665195 0.024244608357548714 0.13699999451637268 252 255 251
-0.013526008464396 0.024244608357548714 0.13699999451637268 250 255 251
-0.013203867711126804 0.024244608357548714 0.13699999451637268 250 255 251
-0.012975754216313362 0.024421576410531998 0.1379999965429306 249 255 250
-0.012651261873543262 0.024421576410531998 0.1379999965429306 250 255 251
-0.012326769530773163 0.024421576410531998 0.1379999965429306 250 255 254
-0.012651261873543262 0.024421576410531998 0.1379999965429306 250 255 251
-0.012975754216313362 0.024421576410531998 0.1379999965429306 249 255 250
-0.013203867711126804 0.024244608357548714 0.13699999451637268 250 255 251
-0.013526008464396 0.024244608357548714 0.13699999451637268 250 255 251
-0.013848149217665195 0.024244608357548714 0.13699999451637268 252 255 251
-0.01406685821712017 0.02406764030456543 0.13600000739097595 252 255 251
-0.014386647380888462 0.023747852072119713 0.13600000739097595 252 255 251
-0.014598301611840725 0.02325579710304737 0.13500000536441803 250 255 251
-0.014598301611840725 0.022938357666134834 0.13500000536441803 250 255 254
-0.014915740117430687 0.022620920091867447 0.13500000536441803 250 255 251
-0.015233177691698074 0.022620920091867447 0.13500000536441803 250 255 251
-0.015550616197288036 0.02230348251760006 0.13500000536441803 252 255 251
-0.015868054702878 0.02230348251760006 0.13500000536441803 252 255 251
-0.016065599396824837 0.021823184564709663 0.1340000033378601 252 255 251
-0.016380686312913895 0.021823184564709663 0.1340000033378601 252 255 251
-0.016695773229002953 0.021823184564709663 0.1340000033378601 252 255 254
-0.01701086014509201 0.021508097648620605 0.1340000033378601 250 255 251
-0.01732594706118107 0.021508097648620605 0.1340000033378601 250 255 251
-0.01750938408076763 0.021347589790821075 0.13300000131130219 250 255 251
-0.01782212033867836 0.021347589790821075 0.13300000131130219 250 255 251
-0.01813485473394394 0.021660324186086655 0.13300000131130219 252 255 254
-0.018447590991854668 0.021660324186086655 0.13300000131130219 250 255 251
-0.018760325387120247 0.021660324186086655 0.13300000131130219 250 255 251
-0.019073061645030975 0.021660324186086655 0.13300000131130219 250 255 251
-0.019240038469433784 0.021497465670108795 0.13199999928474426 225 232 226
-0.019550422206521034 0.021497465670108795 0.13199999928474426 233 240 234
-0.019860807806253433 0.021497465670108795 0.13199999928474426 250 255 251
-0.020171191543340683 0.021187081933021545 0.13199999928474426 250 255 251
-0.020481575280427933 0.020876696333289146 0.13199999928474426 250 255 254
-0.020791959017515182 0.020566312596201897 0.13199999928474426 250 255 254
-0.021102342754602432 0.020255928859114647 0.13199999928474426 249 255 254
-0.021412726491689682 0.020255928859114647 0.13199999928474426 250 255 254
-0.021723110228776932 0.019945545122027397 0.13199999928474426 250 255 254
-0.02203349582850933 0.019945545122027397 0.13199999928474426 250 255 254
-0.02234387956559658 0.019635161384940147 0.13199999928474426 249 255 254
-0.02265426330268383 0.019635161384940147 0.13199999928474426 250 255 254
-0.02296464703977108 0.019635161384940147 0.13199999928474426 250 255 254
-0.02327503077685833 0.019635161384940147 0.13199999928474426 250 255 254
-0.02358541451394558 0.019324777647852898 0.13199999928474426 247 255 254
-0.02389580011367798 0.019324777647852898 0.13199999928474426 247 255 254
-0.042532891035079956 0.018987402319908142 0.1340000033378601 250 255 251
-0.04221780598163605 0.018987402319908142 0.1340000033378601 250 255 251
-0.04190271720290184 0.018987402319908142 0.1340000033378601 249 255 250
-0.04158763214945793 0.018987402319908142 0.1340000033378601 247 255 254
-0.04158054664731026 0.01912909932434559 0.13500000536441803 245 255 252
-0.04126311093568802 0.01912909932434559 0.13500000536441803 245 255 253
-0.04094567149877548 0.01912909932434559 0.13500000536441803 246 255 254
-0.040628232061862946 0.01912909932434559 0.13500000536441803 249 255 254
-0.04031079635024071 0.0188116617500782 0.13500000536441803 246 255 254
-0.03999335691332817 0.0188116617500782 0.13500000536441803 249 255 254
-0.03938202187418938 0.018672315403819084 0.1340000033378601 249 255 254
-0.03906693682074547 0.018357230350375175 0.1340000033378601 246 255 248
-0.03875184804201126 0.018357230350375175 0.1340000033378601 246 255 248
-0.03814992308616638 0.018532970920205116 0.13300000131130219 250 255 251
-0.037837184965610504 0.018532970920205116 0.13300000131130219 250 255 251
-0.03724231198430061 0.018393624573946 0.13199999928474426 248 255 250
-0.036931928247213364 0.01870400831103325 0.13199999928474426 250 255 251
-0.03634410724043846 0.018870344385504723 0.13099999725818634 250 255 251
-0.03603607416152954 0.018870344385504723 0.13099999725818634 250 255 251
-0.03572804108262062 0.019178377464413643 0.13099999725818634 250 255 251
-0.035420011729002 0.019486410543322563 0.13099999725818634 250 255 251
-0.03572804108262062 0.019794441759586334 0.13099999725818634 250 255 251
-0.03603607416152954 0.019794441759586334 0.13099999725818634 250 255 251
-0.03634410724043846 0.019794441759586334 0.13099999725818634 250 255 251
-0.03665214031934738 0.019794441759586334 0.13099999725818634 250 255 251
-0.0369601733982563 0.019794441759586334 0.13099999725818634 250 255 251
-0.03755269572138786 0.019945545122027397 0.13199999928474426 250 255 251
-0.03786307945847511 0.019945545122027397 0.13199999928474426 250 255 251
-0.03846265748143196 0.02009664848446846 0.13300000131130219 250 255 251
-0.03877539187669754 0.02009664848446846 0.13300000131130219 250 255 251
-0.03938202187418938 0.020247749984264374 0.1340000033378601 250 255 251
-0.03877539187669754 0.02009664848446846 0.13300000131130219 250 255 251
-0.03846265748143196 0.02009664848446846 0.13300000131130219 250 255 251
-0.03786307945847511 0.019945545122027397 0.13199999928474426 250 255 251
-0.03755269572138786 0.019945545122027397 0.13199999928474426 250 255 251
-0.0369601733982563 0.019794441759586334 0.13099999725818634 250 255 251
-0.03665214031934738 0.019794441759586334 0.13099999725818634 250 255 251
-0.03634410724043846 0.019794441759586334 0.13099999725818634 250 255 251
-0.03603607416152954 0.019794441759586334 0.13099999725818634 250 255 251
-0.03572804108262062 0.019794441759586334 0.13099999725818634 250 255 251
-0.035420011729002 0.019794441759586334 0.13099999725818634 250 255 251
-0.03484394773840904 0.01964334025979042 0.12999999523162842 247 255 254
-0.03453826531767845 0.01964334025979042 0.12999999523162842 201 212 208
-0.03453826531767845 0.01964334025979042 0.12999999523162842 201 212 208
-0.03484394773840904 0.01964334025979042 0.12999999523162842 247 255 254
-0.035420011729002 0.019486410543322563 0.13099999725818634 250 255 251
-0.035420011729002 0.019178377464413643 0.13099999725818634 250 255 251
-0.03572804108262062 0.018870344385504723 0.13099999725818634 249 255 254
-0.03603607416152954 0.018870344385504723 0.13099999725818634 250 255 251
-0.03634410724043846 0.018562311306595802 0.13099999725818634 250 255 251
-0.036931928247213364 0.01870400831103325 0.13199999928474426 250 255 251
-0.03724231198430061 0.018393624573946 0.13199999928474426 248 255 250
-0.037837184965610504 0.018532970920205116 0.13300000131130219 250 255 251
-0.03814992308616638 0.018532970920205116 0.13300000131130219 250 255 251
-0.03875184804201126 0.018357230350375175 0.1340000033378601 246 255 248
-0.03906693682074547 0.018357230350375175 0.1340000033378601 246 255 248
-0.03938202187418938 0.018672315403819084 0.1340000033378601 249 255 254
-0.03999335691332817 0.0188116617500782 0.13500000536441803 249 255 254
-0.04031079635024071 0.0188116617500782 0.13500000536441803 246 255 254
-0.040628232061862946 0.0188116617500782 0.13500000536441803 246 255 254
-0.04094567149877548 0.01912909932434559 0.13500000536441803 246 255 254
-0.04126311093568802 0.01912909932434559 0.13500000536441803 245 255 253
-0.04158054664731026 0.01912909932434559 0.13500000536441803 245 255 252
-0.04158763214945793 0.018987402319908142 0.1340000033378601 247 255 254
-0.04190271720290184 0.018987402319908142 0.1340000033378601 249 255 250
-0.04221780598163605 0.018987402319908142 0.1340000033378601 250 255 251
