0.00495871901512146 0.029855750501155853 0.23399999737739563 99 113 115
0.0032404304947704077 0.02234969101846218 0.1720000058412552 182 197 194
0.002835990861058235 0.02234969101846218 0.1720000058412552 174 188 179
0.0016226713778451085 0.022754130885004997 0.1720000058412552 169 180 180
0.0012182316277176142 0.023158570751547813 0.1720000058412552 104 118 120
0.0008137918775901198 0.02356301061809063 0.1720000058412552 115 130 129
0.0008137918775901198 0.023967450484633446 0.1720000058412552 204 215 211
0.00040935209835879505 0.024371890351176262 0.1720000058412552 95 123 127
0.00040935209835879505 0.024776330217719078 0.1720000058412552 126 151 158
0.00040935209835879505 0.025180770084261894 0.1720000058412552 141 159 166
0.00040935209835879505 0.02558520995080471 0.1720000058412552 151 169 176
0.0008137918775901198 0.02558520995080471 0.1720000058412552 245 255 245
0.0012182316277176142 0.02558520995080471 0.1720000058412552 247 255 247
0.0016132373129948974 0.025436459109187126 0.17100000381469727 250 255 247
0.0020153257064521313 0.025436459109187126 0.17100000381469727 250 255 247
0.0024174139834940434 0.025436459109187126 0.17100000381469727 250 255 249
0.002819502493366599 0.025436459109187126 0.17100000381469727 250 255 249
0.003221590770408511 0.025436459109187126 0.17100000381469727 250 255 249
0.003623679280281067 0.025436459109187126 0.17100000381469727 250 255 249
0.004025767557322979 0.025436459109187126 0.17100000381469727 252 255 249
0.004427855834364891 0.025436459109187126 0.17100000381469727 252 255 249
0.0048299445770680904 0.025436459109187126 0.17100000381469727 252 255 249
0.0052320328541100025 0.025436459109187126 0.17100000381469727 252 255 249
0.005634121131151915 0.025436459109187126 0.17100000381469727 252 255 249
0.006036209408193827 0.025436459109187126 0.17100000381469727 252 255 249
0.006438297685235739 0.025436459109187126 0.17100000381469727 252 255 249
0.006880388595163822 0.02558520995080471 0.1720000058412552 252 255 249
0.007284828461706638 0.02558520995080471 0.1720000058412552 252 255 249
0.0076892683282494545 0.02558520995080471 0.1720000058412552 252 255 249
0.00809370819479227 0.02558520995080471 0.1720000058412552 252 255 249
0.008498148061335087 0.02558520995080471 0.1720000058412552 252 255 249
0.008902586996555328 0.02558520995080471 0.1720000058412552 252 255 249
0.008498148061335087 0.02558520995080471 0.1720000058412552 252 255 249
0.00809370819479227 0.02558520995080471 0.1720000058412552 252 255 249
0.0076892683282494545 0.02558520995080471 0.1720000058412552 252 255 249
0.007284828461706638 0.02558520995080471 0.1720000058412552 252 255 249
0.006880388595163822 0.02558520995080471 0.1720000058412552 252 255 249
0.006438297685235739 0.025436459109187126 0.17100000381469727 252 255 249
0.006036209408193827 0.025436459109187126 0.17100000381469727 252 255 249
0.005634121131151915 0.025436459109187126 0.17100000381469727 252 255 249
0.0052320328541100025 0.025436459109187126 0.17100000381469727 252 255 249
0.0048299445770680904 0.025436459109187126 0.17100000381469727 252 255 249
0.004427855834364891 0.025436459109187126 0.17100000381469727 252 255 249
0.004025767557322979 0.025436459109187126 0.17100000381469727 252 255 249
0.003623679280281067 0.025436459109187126 0.17100000381469727 250 255 249
0.003221590770408511 0.025436459109187126 0.17100000381469727 250 255 249
0.002819502493366599 0.025436459109187126 0.17100000381469727 250 255 249
0.0024174139834940434 0.025436459109187126 0.17100000381469727 250 255 249
0.0020153257064521313 0.025436459109187126 0.17100000381469727 250 255 247
0.0016132373129948974 0.025436459109187126 0.17100000381469727 250 255 247
0.0012182316277176142 0.02558520995080471 0.1720000058412552 247 255 247
0.0008137918775901198 0.02558520995080471 0.1720000058412552 245 255 245
0.00040935209835879505 0.025180770084261894 0.1720000058412552 141 159 166
0.00040935209835879505 0.024776330217719078 0.1720000058412552 126 151 158
0.00040935209835879505 0.024371890351176262 0.1720000058412552 95 123 127
0.0008137918775901198 0.023967450484633446 0.1720000058412552 204 215 211
0.0012182316277176142 0.02356301061809063 0.1720000058412552 175 190 189
0.0016226713778451085 0.023158570751547813 0.1720000058412552 225 236 234
0.002027111127972603 0.022754130885004997 0.1720000058412552 232 243 243
0.002835990861058235 0.02234969101846218 0.1720000058412552 174 188 179
0.0032404304947704077 0.02234969101846218 0.1720000058412552 182 197 194
0.00495871901512146 0.029855750501155853 0.23399999737739563 99 113 115
0.005508945323526859 0.029855750501155853 0.23399999737739563 98 117 117
0.006059171166270971 0.029855750501155853 0.23399999737739563 98 117 117
0.006609397474676371 0.029855750501155853 0.23399999737739563 97 120 116
0.00715962378308177 0.029855750501155853 0.23399999737739563 99 122 118
0.007709850091487169 0.029855750501155853 0.23399999737739563 101 116 113
0.006106808315962553 0.022479631006717682 0.17299999296665192 189 204 199
0.007778678089380264 0.023018714040517807 0.17399999499320984 185 201 192
0.008187821134924889 0.02342785708606243 0.17399999499320984 220 238 232
0.011561433784663677 0.03150642663240433 0.23399999737739563 148 166 160
0.01064267661422491 0.023837000131607056 0.17399999499320984 195 215 208
0.014926306903362274 0.031641069799661636 0.23499999940395355 117 135 131
0.014926306903362274 0.031641069799661636 0.23499999940395355 117 135 131
0.01064267661422491 0.023837000131607056 0.17399999499320984 195 215 208
0.012111660093069077 0.03150642663240433 0.23399999737739563 86 104 102
0.011561433784663677 0.03150642663240433 0.23399999737739563 148 166 160
0.011011207476258278 0.030956201255321503 0.23399999737739563 138 158 153
0.010460981167852879 0.030405975878238678 0.23399999737739563 102 120 114
0.006106808315962553 0.022479631006717682 0.17299999296665192 189 204 199
0.007709850091487169 0.029855750501155853 0.23399999737739563 101 116 113
0.00715962378308177 0.029855750501155853 0.23399999737739563 99 122 118
0.006609397474676371 0.029855750501155853 0.23399999737739563 97 120 116
0.006059171166270971 0.029855750501155853 0.23399999737739563 98 117 117
0.005508945323526859 0.029855750501155853 0.23399999737739563 98 117 117
-0.009870857000350952 0.02356250025331974 0.17499999701976776 211 218 212
-0.010282350704073906 0.02356250025331974 0.17499999701976776 202 214 206
-0.010693845339119434 0.02356250025331974 0.17499999701976776 181 193 185
-0.011928326450288296 0.023973993957042694 0.17499999701976776 145 164 164
-0.013729437254369259 0.024664178490638733 0.1770000010728836 120 147 140
-0.01799248717725277 0.026059169322252274 0.17800000309944153 200 207 201
-0.01841103471815586 0.026477716863155365 0.17800000309944153 135 139 132
-0.018829582259058952 0.026477716863155365 0.17800000309944153 64 78 84
-0.01841103471815586 0.026477716863155365 0.17800000309944153 135 139 132
-0.01799248717725277 0.026477716863155365 0.17800000309944153 237 241 234
-0.01757393777370453 0.026477716863155365 0.17800000309944153 254 255 247
-0.017155390232801437 0.026477716863155365 0.17800000309944153 254 255 247
-0.016642814502120018 0.02632896602153778 0.1770000010728836 252 255 249
-0.016226617619395256 0.02632896602153778 0.1770000010728836 252 255 249
-0.015810420736670494 0.02632896602153778 0.1770000010728836 252 255 249
-0.015394224785268307 0.02632896602153778 0.1770000010728836 252 255 249
-0.014978027902543545 0.02632896602153778 0.1770000010728836 252 255 249
-0.014479560777544975 0.026180215179920197 0.17599999904632568 252 255 249
-0.014065715484321117 0.026180215179920197 0.17599999904632568 252 255 249
-0.01365187019109726 0.026180215179920197 0.17599999904632568 252 255 249
-0.014065715484321117 0.026180215179920197 0.17599999904632568 252 255 249
-0.014479560777544975 0.026180215179920197 0.17599999904632568 252 255 249
-0.014978027902543545 0.02632896602153778 0.1770000010728836 252 255 249
-0.015394224785268307 0.02632896602153778 0.1770000010728836 252 255 249
-0.015810420736670494 0.02632896602153778 0.1770000010728836 252 255 249
-0.016226617619395256 0.02632896602153778 0.1770000010728836 252 255 249
-0.016642814502120018 0.02632896602153778 0.1770000010728836 252 255 249
-0.017155390232801437 0.026477716863155365 0.17800000309944153 254 255 247
-0.01757393777370453 0.026477716863155365 0.17800000309944153 254 255 247
-0.01799248717725277 0.026059169322252274 0.17800000309944153 200 207 201
-0.01414563413709402 0.024664178490638733 0.1770000010728836 189 216 209
-0.01365187019109726 0.02493867836892605 0.17599999904632568 215 235 228
-0.012339821085333824 0.024385487660765648 0.17499999701976776 171 185 176
-0.011928326450288296 0.023973993957042694 0.17499999701976776 145 164 164
-0.011516832746565342 0.023973993957042694 0.17499999701976776 207 220 215
-0.010693845339119434 0.02356250025331974 0.17499999701976776 181 193 185
-0.010282350704073906 0.02356250025331974 0.17499999701976776 202 214 206
-0.009870857000350952 0.02356250025331974 0.17499999701976776 211 218 212
-0.008996167220175266 0.02342785708606243 0.17399999499320984 213 221 218
-0.008587024174630642 0.02342785708606243 0.17399999499320984 206 214 211
-0.008177882060408592 0.02342785708606243 0.17399999499320984 182 198 189
-0.007768739480525255 0.02342785708606243 0.17399999499320984 144 160 151
-0.007317300420254469 0.023700004443526268 0.17299999296665192 205 226 213
-0.006910508964210749 0.024106796830892563 0.17299999296665192 233 249 240
-0.006503717973828316 0.02451358735561371 0.17299999296665192 209 228 218
-0.0060969265177845955 0.024920377880334854 0.17299999296665192 124 136 128
-0.0060969265177845955 0.02532717026770115 0.17299999296665192 153 160 152
-0.006503717973828316 0.025733960792422295 0.17299999296665192 251 255 246
-0.006910508964210749 0.025733960792422295 0.17299999296665192 250 254 247
-0.007317300420254469 0.025733960792422295 0.17299999296665192 252 255 249
-0.007724091410636902 0.025733960792422295 0.17299999296665192 252 255 249
-0.008130882866680622 0.025733960792422295 0.17299999296665192 252 255 249
-0.008537673391401768 0.025733960792422295 0.17299999296665192 252 255 249
-0.008944464847445488 0.025733960792422295 0.17299999296665192 252 255 249
-0.009351256303489208 0.025733960792422295 0.17299999296665192 252 255 249
-0.00981445237994194 0.02588271163403988 0.17399999499320984 252 255 249
-0.01022359449416399 0.02588271163403988 0.17399999499320984 252 255 249
-0.010632737539708614 0.02588271163403988 0.17399999499320984 252 255 249
-0.011041879653930664 0.02588271163403988 0.17399999499320984 252 255 249
-0.011451022699475288 0.02588271163403988 0.17399999499320984 252 255 249
-0.011928326450288296 0.026031464338302612 0.17499999701976776 252 255 249
-0.012339821085333824 0.026031464338302612 0.17499999701976776 252 255 249
-0.011928326450288296 0.026031464338302612 0.17499999701976776 252 255 249
-0.011451022699475288 0.02588271163403988 0.17399999499320984 252 255 249
-0.011041879653930664 0.02588271163403988 0.17399999499320984 252 255 249
-0.010632737539708614 0.02588271163403988 0.17399999499320984 252 255 249
-0.01022359449416399 0.02588271163403988 0.17399999499320984 252 255 249
-0.00981445237994194 0.02588271163403988 0.17399999499320984 252 255 249
-0.009351256303489208 0.025733960792422295 0.17299999296665192 252 255 249
-0.008944464847445488 0.025733960792422295 0.17299999296665192 252 255 249
-0.008537673391401768 0.025733960792422295 0.17299999296665192 252 255 249
-0.008130882866680622 0.025733960792422295 0.17299999296665192 252 255 249
-0.007724091410636902 0.025733960792422295 0.17299999296665192 252 255 249
-0.007317300420254469 0.025733960792422295 0.17299999296665192 252 255 249
-0.006910508964210749 0.025733960792422295 0.17299999296665192 250 254 247
-0.006503717973828316 0.025733960792422295 0.17299999296665192 251 255 246
-0.0060969265177845955 0.025733960792422295 0.17299999296665192 180 185 175
-0.0060969265177845955 0.02532717026770115 0.17299999296665192 153 160 152
-0.0060969265177845955 0.024920377880334854 0.17299999296665192 124 136 128
-0.006503717973828316 0.02451358735561371 0.17299999296665192 209 228 218
-0.006503717973828316 0.024106796830892563 0.17299999296665192 154 177 171
-0.007768739480525255 0.02342785708606243 0.17399999499320984 144 160 151
-0.008177882060408592 0.02342785708606243 0.17399999499320984 182 198 189
-0.008587024174630642 0.02342785708606243 0.17399999499320984 206 214 211
-0.008996167220175266 0.02342785708606243 0.17399999499320984 213 221 218
