-0.02848300 -0.03825900 0.28338701
-0.02858500 -0.03812100 0.28351200
-0.02839900 -0.03836600 0.28340200
-0.02845100 -0.03830100 0.28337601
-0.02815900 -0.03892300 0.28315499
-0.02851200 -0.03821800 0.28342801
-0.02827700 -0.03852300 0.28362799
-0.02822800 -0.03867400 0.28341499
-0.02854000 -0.03824300 0.28318599
-0.02815700 -0.03891300 0.28322801
-0.02813900 -0.03896100 0.28333601
-0.02810500 -0.03906100 0.28365001
-0.02822000 -0.03865300 0.28360999
-0.02816900 -0.03880900 0.28361300
-0.02824000 -0.03867800 0.28327799
-0.02818100 -0.03880300 0.28336900
-0.02834100 -0.03847400 0.28330901
-0.02839500 -0.03841600 0.28321499
-0.02823900 -0.03870600 0.28317699
-0.02828400 -0.03916400 0.28208899
-0.02822900 -0.03883100 0.28282800
-0.02833500 -0.03893300 0.28223801
-0.02811200 -0.03913200 0.28305200
-0.02819800 -0.03890900 0.28284699
-0.02820000 -0.03895300 0.28272599
-0.02842500 -0.03840500 0.28308800
-0.02831900 -0.03866900 0.28275901
-0.02837400 -0.03846800 0.28312799
-0.02841300 -0.03866800 0.28245801
-0.02833800 -0.03884600 0.28235301
-0.02836100 -0.03898900 0.28211001
-0.02822100 -0.03918200 0.28222701
-0.02817300 -0.03898000 0.28285399
-0.02811700 -0.03914100 0.28294599
-0.02823800 -0.03876300 0.28298101
-0.02819000 -0.03889900 0.28296101
-0.02839500 -0.03856600 0.28272101
-0.02826300 -0.03876600 0.28279099
-0.02820100 -0.03881100 0.28313100
-0.02838500 -0.03885800 0.28222299
-0.02835200 -0.03880500 0.28238100
-0.02809800 -0.03918700 0.28308699
-0.02839200 -0.03888100 0.28218299
-0.02821400 -0.03887900 0.28280801
-0.02869500 -0.03825400 0.28269500
-0.02863800 -0.03831600 0.28266600
-0.02857700 -0.03826700 0.28296399
-0.02864700 -0.03823100 0.28286800
-0.02867400 -0.03814000 0.28306201
-0.02863400 -0.03842200 0.28244901
-0.02857900 -0.03862300 0.28222299
-0.02850800 -0.03863100 0.28231201
-0.02864300 -0.03890800 0.28189299
-0.02869800 -0.03890400 0.28186300
-0.02858400 -0.03867600 0.28215200
-0.02853200 -0.03890900 0.28197899
-0.02847900 -0.03892800 0.28201300
-0.02809500 -0.03926900 0.28282401
-0.02810900 -0.03924800 0.28273201
-0.02818400 -0.03946200 0.28209499
-0.02811400 -0.03936200 0.28244999
-0.02821300 -0.03922300 0.28220201
-0.02818100 -0.03952200 0.28206801
-0.02824200 -0.03970600 0.28189999
-0.02835000 -0.03931400 0.28185400
-0.02852700 -0.04155100 0.28193301
-0.02856700 -0.04133500 0.28184399
-0.02852400 -0.04117000 0.28181699
-0.02852600 -0.04130100 0.28185299
-0.02847000 -0.04109500 0.28183499
-0.02843400 -0.04140000 0.28195301
-0.02851100 -0.04141200 0.28190300
-0.02835100 -0.04071100 0.28185201
-0.02840100 -0.04099700 0.28186700
-0.02849000 -0.04163300 0.28197801
-0.02846900 -0.04129000 0.28188401
-0.02843500 -0.04107100 0.28185499
-0.02856800 -0.04181700 0.28198600
-0.02852600 -0.04205000 0.28209800
-0.02859800 -0.04213100 0.28208801
-0.02858600 -0.04173800 0.28195199
-0.02857900 -0.04192200 0.28202000
-0.02870600 -0.04185800 0.28195500
-0.02861100 -0.04199600 0.28202900
-0.02870800 -0.04205000 0.28201801
-0.02855700 -0.04201900 0.28206599
-0.02866300 -0.04170700 0.28191200
-0.02869400 -0.04199800 0.28200200
-0.02878900 -0.04176900 0.28191501
-0.02883400 -0.04230900 0.28206700
-0.02905000 -0.04269200 0.28214100
-0.02898500 -0.04263300 0.28212899
-0.02901800 -0.04236900 0.28208601
-0.02876700 -0.04262300 0.28216499
-0.02886400 -0.04245100 0.28209499
-0.02876000 -0.04248900 0.28212601
-0.02879000 -0.04226500 0.28206801
-0.02901700 -0.04436400 0.28319901
-0.02896400 -0.04454000 0.28317800
-0.02907400 -0.04429200 0.28317600
-0.02907300 -0.04353900 0.28255901
-0.02905500 -0.04347400 0.28249899
-0.02919900 -0.04370800 0.28287300
-0.02938500 -0.04391800 0.28309101
-0.02942100 -0.04399400 0.28308499
-0.02915200 -0.04350600 0.28251800
-0.02925900 -0.04360700 0.28266999
-0.02933900 -0.04345800 0.28247800
-0.02881900 -0.04285500 0.28224200
-0.02876200 -0.04300000 0.28231099
-0.02884300 -0.04305000 0.28229699
-0.02900600 -0.04300700 0.28221899
-0.02894200 -0.04300300 0.28223801
-0.02907500 -0.04282900 0.28217500
-0.02885300 -0.04321200 0.28236201
-0.02892500 -0.04328000 0.28235900
-0.02898200 -0.04334100 0.28239700
-0.02909600 -0.04324900 0.28229699
-0.02891900 -0.04309600 0.28227699
-0.02887000 -0.04283400 0.28221300
-0.02910100 -0.04329400 0.28232899
-0.02900700 -0.04462900 0.28312501
-0.02930000 -0.04413200 0.28308001
-0.02939400 -0.04467000 0.28292501
-0.02939300 -0.04454400 0.28290001
-0.02907300 -0.04448400 0.28310600
-0.02914000 -0.04441500 0.28308100
-0.02928400 -0.04416900 0.28308001
-0.02935400 -0.04405200 0.28308800
-0.02921800 -0.04430700 0.28306001
-0.02920900 -0.04448800 0.28301001
-0.02930000 -0.04431300 0.28300700
-0.02942100 -0.04433300 0.28291699
-0.02917400 -0.04416800 0.28311801
-0.02918600 -0.04426800 0.28308600
-0.02919800 -0.04446900 0.28302100
-0.02931100 -0.04463700 0.28295201
-0.02932300 -0.04476900 0.28297400
-0.02923900 -0.04479000 0.28300500
-0.02908200 -0.04476900 0.28308201
-0.02948500 -0.04475800 0.28290799
-0.02951300 -0.04489100 0.28291500
-0.02934900 -0.04455900 0.28292200
-0.02927900 -0.04410200 0.28310099
-0.02934200 -0.04418700 0.28303200
-0.02948000 -0.04466000 0.28288701
-0.02951000 -0.04499800 0.28292799
-0.02940600 -0.04409800 0.28303701
-0.02953400 -0.04460300 0.28285900
-0.02960100 -0.04397800 0.28306299
-0.02958300 -0.04399500 0.28301600
-0.02959600 -0.04395000 0.28306600
-0.02958600 -0.04392000 0.28308401
-0.02960100 -0.04402900 0.28299001
-0.02962300 -0.04456600 0.28284201
-0.02984600 -0.04508000 0.28287700
-0.02961300 -0.04465800 0.28285700
-0.02954600 -0.04481500 0.28289500
-0.02868500 -0.03907500 0.28176299
-0.02867400 -0.03919300 0.28173500
-0.02850500 -0.03930600 0.28176999
-0.02841700 -0.03961600 0.28171301
-0.02845800 -0.03963000 0.28170300
-0.02852100 -0.03958800 0.28168699
-0.02867000 -0.03945800 0.28168100
-0.02858900 -0.03969900 0.28166300
-0.02860600 -0.03968200 0.28165999
-0.02855500 -0.03927700 0.28176400
-0.02863500 -0.03938600 0.28171101
-0.02863600 -0.03935100 0.28171900
-0.02852400 -0.03964600 0.28168201
-0.02856300 -0.03970000 0.28166899
-0.02860300 -0.03959000 0.28165799
-0.02867800 -0.03932000 0.28170699
-0.02857000 -0.03990400 0.28166801
-0.02868700 -0.04000900 0.28163701
-0.02864500 -0.04028400 0.28165299
-0.02842000 -0.04026900 0.28173900
-0.02835100 -0.04016800 0.28177801
-0.02847500 -0.04031400 0.28171399
-0.02863100 -0.04003200 0.28165001
-0.02867300 -0.04013900 0.28164399
-0.02850500 -0.04010100 0.28169399
-0.02851000 -0.04024400 0.28169200
-0.02859700 -0.04018900 0.28166100
-0.02852600 -0.04029800 0.28169000
-0.02868100 -0.04018600 0.28164199
-0.02864300 -0.04009100 0.28165001
-0.02857900 -0.04036800 0.28168100
-0.02856200 -0.03992200 0.28166899
-0.02865900 -0.03992800 0.28163999
-0.02854400 -0.04050300 0.28170401
-0.02847900 -0.04057000 0.28173900
-0.02839500 -0.04061900 0.28180099
-0.02868200 -0.04052100 0.28167000
-0.02861600 -0.04092700 0.28173500
-0.02869500 -0.04108000 0.28174099
-0.02868000 -0.04103000 0.28173000
-0.02845300 -0.04057400 0.28175399
-0.02840800 -0.04050600 0.28176999
-0.02847100 -0.04090500 0.28179899
-0.02845600 -0.04070800 0.28176901
-0.02850000 -0.04084300 0.28177300
-0.02856400 -0.04065900 0.28171200
-0.02844700 -0.04047600 0.28174600
-0.02854400 -0.04048700 0.28170401
-0.02845400 -0.04080900 0.28179401
-0.02847800 -0.04084100 0.28178501
-0.02852200 -0.04099400 0.28178599
-0.02852600 -0.04096700 0.28177899
-0.02859000 -0.04086700 0.28173500
-0.02855700 -0.04107600 0.28178301
-0.02853600 -0.04112100 0.28180200
-0.02865000 -0.04095600 0.28172800
-0.02838300 -0.04048100 0.28178400
-0.02854300 -0.04117500 0.28180599
-0.02868300 -0.04114800 0.28175601
-0.02840900 -0.04074700 0.28180900
-0.02857600 -0.04068700 0.28171301
-0.02870800 -0.04058900 0.28167400
-0.02855600 -0.04046000 0.28169799
-0.02983800 -0.04535900 0.28290799
-0.02994200 -0.04595000 0.28297901
-0.02977500 -0.04523900 0.28289899
-0.02973600 -0.04558900 0.28295800
-0.02993200 -0.04568700 0.28294301
-0.03017500 -0.04603900 0.28297201
-0.03009700 -0.04565300 0.28294101
-0.03018900 -0.04652500 0.28305200
-0.03009000 -0.04638200 0.28304201
-0.03009000 -0.04634200 0.28303200
-0.03028700 -0.04616000 0.28298900
-0.03041500 -0.04645800 0.28301701
-0.03012000 -0.04646200 0.28305399
-0.03012000 -0.04654400 0.28307900
-0.03017600 -0.04661900 0.28308699
-0.03022000 -0.04664700 0.28308401
-0.03031500 -0.04675300 0.28309101
-0.03020600 -0.04637700 0.28301600
-0.03046700 -0.04675400 0.28306001
-0.03022500 -0.04644300 0.28302699
-0.03040000 -0.04675800 0.28306901
-0.03041300 -0.04687200 0.28310001
-0.03011400 -0.04610900 0.28298301
-0.03061300 -0.04688000 0.28307399
-0.03033700 -0.04689400 0.28312701
-0.03044000 -0.04696000 0.28311801
-0.03051100 -0.04689100 0.28308401
-0.03055800 -0.04723500 0.28317899
-0.03049200 -0.04713800 0.28316301
-0.03040900 -0.04695000 0.28312200
-0.03062500 -0.04724900 0.28316101
-0.03078600 -0.04723000 0.28312901
-0.03063000 -0.04717300 0.28313801
-0.03061800 -0.04715800 0.28313699
-0.03073600 -0.04746000 0.28321099
-0.03079800 -0.04753400 0.28322601
-0.03093700 -0.04764600 0.28322801
-0.03102800 -0.04758500 0.28318900
-0.03072700 -0.04733300 0.28316301
-0.03098900 -0.04753700 0.28318101
-0.03173600 -0.04871000 0.28415099
-0.03167500 -0.04876500 0.28421801
-0.03125800 -0.04804400 0.28333700
-0.03135400 -0.04795600 0.28325999
-0.03126700 -0.04774400 0.28319499
-0.03133900 -0.04832600 0.28358299
-0.03130000 -0.04839100 0.28365800
-0.03143900 -0.04836200 0.28365901
-0.03143500 -0.04847100 0.28384700
-0.03159900 -0.04846200 0.28397700
-0.03166300 -0.04837900 0.28382301
-0.03155700 -0.04824800 0.28354201
-0.03158500 -0.04836500 0.28373900
-0.03156100 -0.04835400 0.28370300
-0.03144800 -0.04849100 0.28390199
-0.03142200 -0.04818600 0.28344101
-0.03195200 -0.04864200 0.28404799
-0.03201700 -0.04869500 0.28398901
-0.03206500 -0.04860700 0.28400901
-0.03196200 -0.04858100 0.28406501
-0.03195700 -0.04876300 0.28400001
-0.03215600 -0.04864700 0.28393799
-0.03208300 -0.04872800 0.28393000
-0.03218800 -0.04867100 0.28391299
-0.03213000 -0.04855800 0.28400901
-0.03224200 -0.04877100 0.28385800
-0.03216200 -0.04860100 0.28396499
-0.03217200 -0.04873000 0.28388700
-0.03167800 -0.04892300 0.28418100
-0.03169800 -0.04883100 0.28413999
-0.03164000 -0.04885000 0.28420299
-0.03167300 -0.04901400 0.28418401
-0.03167500 -0.04903700 0.28417599
-0.03169100 -0.04891500 0.28416499
-0.03163600 -0.04880700 0.28430000
-0.03176900 -0.04908200 0.28407699
-0.03232100 -0.04899500 0.28380001
-0.03216100 -0.04886400 0.28384101
-0.03196100 -0.04901800 0.28393501
-0.03221500 -0.04907000 0.28381199
-0.03195900 -0.04897200 0.28394201
-0.03186000 -0.04900200 0.28400499
-0.03196000 -0.04892500 0.28395000
-0.03185000 -0.04895800 0.28402299
-0.03199100 -0.04899000 0.28391799
-0.03196700 -0.04912700 0.28393599
-0.03203400 -0.04921600 0.28390700
-0.03203600 -0.04913900 0.28389099
-0.03189100 -0.04917300 0.28398699
-0.03203100 -0.04933400 0.28392601
-0.03179400 -0.04918300 0.28406301
-0.03194600 -0.04910700 0.28394699
-0.03201300 -0.04925700 0.28392500
-0.03199100 -0.04928900 0.28394201
-0.03208900 -0.04922000 0.28387800
-0.03230700 -0.04907900 0.28378999
-0.03227900 -0.04930300 0.28381801
-0.03213000 -0.04928000 0.28387201
-0.03222000 -0.04933400 0.28384799
-0.03237600 -0.04962700 0.28386599
-0.03239700 -0.04938100 0.28379601
-0.03251500 -0.04991900 0.28389901
-0.03260700 -0.04978300 0.28382000
-0.03248400 -0.04970000 0.28384599
-0.03263200 -0.04991500 0.28385600
-0.03270400 -0.04979500 0.28380600
-0.03271000 -0.04996600 0.28384399
-0.03282000 -0.05015500 0.28385401
-0.03298600 -0.05021900 0.28382599
-0.03323000 -0.05078100 0.28387699
-0.03322900 -0.05085400 0.28389701
-0.03296800 -0.05073400 0.28397599
-0.03275500 -0.05022400 0.28389299
-0.03304700 -0.05052500 0.28386700
-0.03316500 -0.05066900 0.28386801
-0.03322200 -0.05064600 0.28384599
-0.03329800 -0.05054200 0.28381699
-0.03327200 -0.05090300 0.28389499
-0.03279800 -0.05011400 0.28385001
-0.03294100 -0.05033800 0.28386199
-0.03350400 -0.05113800 0.28392100
-0.03347300 -0.05079500 0.28382799
-0.03335300 -0.05093600 0.28388101
-0.03270600 -0.05010500 0.28387699
-0.03306000 -0.05046100 0.28385001
-0.03348800 -0.05128100 0.28399301
-0.03352100 -0.05123500 0.28395700
-0.03383700 -0.05115900 0.28386101
-0.03374900 -0.05098900 0.28384301
-0.03440800 -0.05190300 0.28411001
-0.03387700 -0.05165800 0.28407401
-0.03465500 -0.05199900 0.28412601
-0.03429500 -0.05166300 0.28398600
-0.03368600 -0.05142600 0.28400099
-0.03421600 -0.05173200 0.28404400
-0.03393200 -0.05149900 0.28396499
-0.03396100 -0.05160100 0.28401801
-0.03372900 -0.05140600 0.28397599
-0.03385500 -0.05128400 0.28388599
-0.03437600 -0.05153100 0.28392601
-0.03412500 -0.05150500 0.28393701
-0.03399000 -0.05156700 0.28399500
-0.03415800 -0.05164500 0.28400001
-0.03429200 -0.05144500 0.28390399
-0.03440600 -0.05178900 0.28403899
-0.03452900 -0.05185400 0.28404400
-0.03364000 -0.05120100 0.28391400
-0.03370300 -0.05132800 0.28394601
-0.03485700 -0.05201300 0.28413299
-0.03522000 -0.05202200 0.28419399
-0.03505700 -0.05198600 0.28411499
-0.03495200 -0.05211100 0.28425500
-0.03490800 -0.05208000 0.28420800
-0.03502100 -0.05216200 0.28433600
-0.03497000 -0.05194400 0.28408101
-0.04110300 -0.05465600 0.28528401
-0.04095800 -0.05529800 0.28581101
-0.04095900 -0.05509500 0.28574100
-0.04096300 -0.05532500 0.28574100
-0.04098400 -0.05549500 0.28569701
-0.04106300 -0.05505500 0.28531101
-0.04104100 -0.05490300 0.28537801
-0.04105000 -0.05505600 0.28534901
-0.04108100 -0.05481700 0.28527501
-0.04116400 -0.05492200 0.28505701
-0.04118800 -0.05498700 0.28501201
-0.04104000 -0.05481100 0.28540501
-0.04110100 -0.05477700 0.28528300
-0.04104500 -0.05492100 0.28535900
-0.04101100 -0.05498700 0.28546101
-0.04098400 -0.05500100 0.28558499
-0.04098200 -0.05530500 0.28557199
-0.04116600 -0.05507400 0.28505599
-0.04121100 -0.05479100 0.28500900
-0.04123800 -0.05509300 0.28492099
-0.04128900 -0.05502500 0.28478801
-0.04128100 -0.05498900 0.28479800
-0.04126900 -0.05505400 0.28484800
-0.04129700 -0.05507700 0.28479901
-0.04138100 -0.05496500 0.28468499
-0.04165000 -0.05539100 0.28446400
-0.04160700 -0.05530500 0.28447801
-0.04138400 -0.05513200 0.28469101
-0.04153500 -0.05521300 0.28453001
-0.04151300 -0.05534000 0.28456700
-0.04154500 -0.05540900 0.28455600
-0.04146800 -0.05540900 0.28463900
-0.04146500 -0.05528100 0.28461099
-0.04147400 -0.05526000 0.28459600
-0.04135700 -0.05513500 0.28472799
-0.04168900 -0.05560200 0.28450999
-0.04175500 -0.05565800 0.28448299
-0.04162700 -0.05552300 0.28452900
-0.04155600 -0.05548400 0.28457999
-0.04175100 -0.05571200 0.28450799
-0.04174700 -0.05548400 0.28442299
-0.04182800 -0.05568200 0.28444201
-0.04183500 -0.05561000 0.28441200
-0.04167400 -0.05534100 0.28443301
-0.04189000 -0.05566200 0.28439799
-0.04177400 -0.05558400 0.28444299
-0.04187900 -0.05576000 0.28444600
-0.04225100 -0.05590500 0.28429100
-0.04206200 -0.05578300 0.28435400
-0.04213100 -0.05575600 0.28430000
-0.04272900 -0.05595200 0.28406700
-0.04217500 -0.05562900 0.28422201
-0.04194200 -0.05565700 0.28436500
-0.04266100 -0.05600400 0.28413099
-0.04194300 -0.05575600 0.28440899
-0.04264700 -0.05571600 0.28399000
-0.04304400 -0.05604100 0.28393200
-0.04345000 -0.05603700 0.28366700
-0.04327400 -0.05614000 0.28383300
-0.04403400 -0.05627600 0.28349501
-0.04494200 -0.05643900 0.28351101
-0.04535400 -0.05659500 0.28372300
-0.04509300 -0.05664600 0.28371000
-0.04455800 -0.05668600 0.28366801
-0.04501000 -0.05651500 0.28358299
-0.04456400 -0.05657800 0.28359601
-0.04459100 -0.05675100 0.28371701
-0.04485600 -0.05679200 0.28378299
-0.04494300 -0.05672800 0.28375101
-0.04496300 -0.05688000 0.28387901
-0.04487200 -0.05655100 0.28357801
-0.04518700 -0.05689200 0.28395599
-0.04542300 -0.05686800 0.28399599
-0.04481100 -0.05653300 0.28356200
-0.04426900 -0.05639100 0.28352100
-0.04529500 -0.05696500 0.28406301
-0.04538100 -0.05693400 0.28405201
-0.04739500 -0.05658800 0.28649700
-0.04760700 -0.05644300 0.28654799
-0.04739100 -0.05657100 0.28620499
-0.04746100 -0.05650300 0.28601900
-0.04758100 -0.05645800 0.28629899
-0.04770300 -0.05637500 0.28630099
-0.04763800 -0.05641800 0.28668201
-0.04775600 -0.05633000 0.28662401
-0.04735600 -0.05654600 0.28587401
-0.04736400 -0.05660300 0.28635299
-0.04574500 -0.05681400 0.28408101
-0.04613400 -0.05691400 0.28450400
-0.04642800 -0.05683000 0.28474501
-0.04619300 -0.05698100 0.28470200
-0.04619600 -0.05691000 0.28457400
-0.04612000 -0.05670700 0.28427500
-0.04560600 -0.05680900 0.28401601
-0.04611000 -0.05679800 0.28434700
-0.04586600 -0.05669200 0.28407401
-0.04568500 -0.05668700 0.28395101
-0.04601600 -0.05669100 0.28417799
-0.04645500 -0.05689400 0.28493401
-0.04666200 -0.05682900 0.28523499
-0.04661300 -0.05677500 0.28494999
-0.04652000 -0.05683100 0.28490701
-0.04655500 -0.05669200 0.28470600
-0.04634600 -0.05684200 0.28465000
-0.04635400 -0.05687300 0.28471500
-0.04625800 -0.05667900 0.28436100
-0.04572500 -0.05695300 0.28424501
-0.04686500 -0.05672900 0.28539199
-0.04676100 -0.05674200 0.28517199
-0.04691300 -0.05658900 0.28506401
-0.04687400 -0.05669100 0.28527001
-0.04669600 -0.05677100 0.28511301
-0.04710900 -0.05656800 0.28537399
-0.04665800 -0.05666100 0.28479901
-0.03079700 -0.04736600 0.28316200
-0.03122300 -0.04818200 0.28344700
-0.03195800 -0.04824300 0.28387600
-0.03237200 -0.04925000 0.28378701
-0.03262700 -0.04963900 0.28379199
-0.04143300 -0.05504200 0.28463000
-0.04141600 -0.05507800 0.28465000
-0.04125700 -0.05494800 0.28487900
-0.04170000 -0.05550800 0.28446400
-0.02846100 -0.03948400 0.28173500
-0.02925400 -0.04407800 0.28312799
-0.02934300 -0.04373700 0.28296000
-0.02926000 -0.04380000 0.28305200
-0.02926200 -0.04399900 0.28317499
-0.02945200 -0.04367400 0.28292000
-0.04106600 -0.05476000 0.28532201
-0.04104300 -0.05466300 0.28535101
-0.04100200 -0.05473800 0.28552601
-0.03210000 -0.04842800 0.28408399
-0.03192300 -0.04828800 0.28389999
-0.03174400 -0.04848400 0.28402299
-0.03176400 -0.04836500 0.28388399
-0.03182000 -0.04834200 0.28388700
-0.03174800 -0.04855400 0.28407800
-0.03180100 -0.04841000 0.28397101
-0.03210300 -0.04835100 0.28409600
-0.03161900 -0.04856200 0.28412700
-0.03181400 -0.04856600 0.28407601
