-0.02902900 -0.03693600 0.28186500
-0.02934500 -0.03715400 0.28194001
-0.02928400 -0.03703100 0.28184801
-0.02932300 -0.03749200 0.28234801
-0.02955800 -0.03722400 0.28198501
-0.02948100 -0.03725800 0.28202000
-0.02942300 -0.03706300 0.28184399
-0.02944600 -0.03746900 0.28227401
-0.02946600 -0.03746200 0.28225899
-0.02828400 -0.03916400 0.28208899
-0.02833500 -0.03893300 0.28223801
-0.02841300 -0.03866800 0.28245801
-0.02833800 -0.03884600 0.28235301
-0.02836100 -0.03898900 0.28211001
-0.02838500 -0.03885800 0.28222299
-0.02835200 -0.03880500 0.28238100
-0.02839200 -0.03888100 0.28218299
-0.02863400 -0.03842200 0.28244901
-0.02857900 -0.03862300 0.28222299
-0.02873300 -0.03836900 0.28241399
-0.02850800 -0.03863100 0.28231201
-0.02858400 -0.03867600 0.28215200
-0.02847900 -0.03892800 0.28201300
-0.02835000 -0.03931400 0.28185400
-0.02852700 -0.04155100 0.28193301
-0.02856700 -0.04133500 0.28184399
-0.02852400 -0.04117000 0.28181699
-0.02852600 -0.04130100 0.28185299
-0.02847000 -0.04109500 0.28183499
-0.02843400 -0.04140000 0.28195301
-0.02851100 -0.04141200 0.28190300
-0.02840100 -0.04099700 0.28186700
-0.02849000 -0.04163300 0.28197801
-0.02846900 -0.04129000 0.28188401
-0.02843500 -0.04107100 0.28185499
-0.02856800 -0.04181700 0.28198600
-0.02852600 -0.04205000 0.28209800
-0.02859800 -0.04213100 0.28208801
-0.02858600 -0.04173800 0.28195199
-0.02857900 -0.04192200 0.28202000
-0.02870600 -0.04185800 0.28195500
-0.02861100 -0.04199600 0.28202900
-0.02870800 -0.04205000 0.28201801
-0.02855700 -0.04201900 0.28206599
-0.02866300 -0.04170700 0.28191200
-0.02869400 -0.04199800 0.28200200
-0.02876700 -0.04262300 0.28216499
-0.02876000 -0.04248900 0.28212601
-0.02879000 -0.04226500 0.28206801
-0.02907500 -0.04373200 0.28290299
-0.02887300 -0.04350500 0.28257099
-0.02887700 -0.04343900 0.28251001
-0.02883200 -0.04349400 0.28257501
-0.02875900 -0.04362100 0.28277200
-0.02891700 -0.04373000 0.28297299
-0.02896000 -0.04375900 0.28304601
-0.02906400 -0.04375300 0.28301001
-0.02884900 -0.04346800 0.28254399
-0.02881900 -0.04285500 0.28224200
-0.02876200 -0.04300000 0.28231099
-0.02884300 -0.04305000 0.28229699
-0.02885300 -0.04321200 0.28236201
-0.02916300 -0.04483400 0.28304100
-0.02941800 -0.04518400 0.28298700
-0.02928200 -0.04515800 0.28303900
-0.02914000 -0.04441500 0.28308100
-0.02920900 -0.04448800 0.28301001
-0.02918600 -0.04426800 0.28308600
-0.02919800 -0.04446900 0.28302100
-0.02931100 -0.04463700 0.28295201
-0.02932300 -0.04476900 0.28297400
-0.02923900 -0.04479000 0.28300500
-0.02948200 -0.04501700 0.28293899
-0.02915300 -0.04488200 0.28305301
-0.02926500 -0.04496500 0.28301200
-0.02938000 -0.04485700 0.28296000
-0.02935500 -0.04496700 0.28297800
-0.02940900 -0.04492500 0.28295201
-0.02856900 -0.03295000 0.28113201
-0.02859400 -0.03290600 0.28113201
-0.02856400 -0.03311100 0.28106400
-0.02859400 -0.03247900 0.28134000
-0.02870000 -0.03277600 0.28110400
-0.02855600 -0.03315800 0.28104901
-0.02855900 -0.03323700 0.28101400
-0.02863600 -0.03390400 0.28075799
-0.02867800 -0.03373700 0.28076899
-0.02863800 -0.03403800 0.28073901
-0.02866600 -0.03560200 0.28094599
-0.02866300 -0.03524100 0.28077900
-0.02858400 -0.03524100 0.28081000
-0.02877500 -0.03563500 0.28089601
-0.02857300 -0.03541200 0.28089201
-0.02865300 -0.03545100 0.28084800
-0.02869800 -0.03499000 0.28070799
-0.02879600 -0.03512900 0.28070900
-0.02888500 -0.03513300 0.28068399
-0.02871300 -0.03567900 0.28097299
-0.02898100 -0.03618600 0.28124300
-0.02881100 -0.03606200 0.28120700
-0.02891500 -0.03593200 0.28106099
-0.02882300 -0.03583000 0.28102201
-0.02900000 -0.03631000 0.28134000
-0.02886400 -0.03592200 0.28107199
-0.02905700 -0.03655800 0.28153500
-0.02921600 -0.03656600 0.28150100
-0.02907400 -0.03648200 0.28146300
-0.02917700 -0.03678500 0.28167900
-0.02930100 -0.03690900 0.28174499
-0.02929300 -0.03685500 0.28170499
-0.02841700 -0.03961600 0.28171301
-0.02845800 -0.03963000 0.28170300
-0.02842000 -0.04026900 0.28173900
-0.02847500 -0.04031400 0.28171399
-0.02835300 -0.03999100 0.28177699
-0.02850500 -0.04010100 0.28169399
-0.02851000 -0.04024400 0.28169200
-0.02852600 -0.04029800 0.28169000
-0.02857900 -0.04036800 0.28168100
-0.02833400 -0.03991000 0.28179699
-0.02854400 -0.04050300 0.28170401
-0.02847900 -0.04057000 0.28173900
-0.02839500 -0.04061900 0.28180099
-0.02861600 -0.04092700 0.28173500
-0.02845300 -0.04057400 0.28175399
-0.02840800 -0.04050600 0.28176999
-0.02847100 -0.04090500 0.28179899
-0.02845600 -0.04070800 0.28176901
-0.02850000 -0.04084300 0.28177300
-0.02856400 -0.04065900 0.28171200
-0.02844700 -0.04047600 0.28174600
-0.02854400 -0.04048700 0.28170401
-0.02845400 -0.04080900 0.28179401
-0.02847800 -0.04084100 0.28178501
-0.02852200 -0.04099400 0.28178599
-0.02852600 -0.04096700 0.28177899
-0.02859000 -0.04086700 0.28173500
-0.02855700 -0.04107600 0.28178301
-0.02853600 -0.04112100 0.28180200
-0.02838300 -0.04048100 0.28178400
-0.02854300 -0.04117500 0.28180599
-0.02840900 -0.04074700 0.28180900
-0.02857600 -0.04068700 0.28171301
-0.02855600 -0.04046000 0.28169799
-0.02944400 -0.04565000 0.28308699
-0.02952200 -0.04565800 0.28305101
-0.02973600 -0.04558900 0.28295800
-0.02974700 -0.04592300 0.28303501
-0.02979700 -0.04591400 0.28301200
-0.02990700 -0.04632700 0.28309101
-0.03003100 -0.04651000 0.28310299
-0.02989900 -0.04622400 0.28306499
-0.03002000 -0.04657300 0.28313100
-0.03002000 -0.04646900 0.28309199
-0.03009200 -0.04669100 0.28314400
-0.03018900 -0.04652500 0.28305200
-0.03009000 -0.04638200 0.28304201
-0.03009000 -0.04634200 0.28303200
-0.03015500 -0.04671300 0.28312701
-0.03012000 -0.04646200 0.28305399
-0.03012000 -0.04654400 0.28307900
-0.03014300 -0.04669400 0.28312501
-0.03017600 -0.04661900 0.28308699
-0.03022000 -0.04664700 0.28308401
-0.03013100 -0.04659400 0.28309500
-0.03011000 -0.04656900 0.28309399
-0.03033700 -0.04689400 0.28312701
-0.03044000 -0.04696000 0.28311801
-0.03037500 -0.04699200 0.28314900
-0.03033300 -0.04710500 0.28322101
-0.03038000 -0.04704100 0.28316799
-0.03055800 -0.04723500 0.28317899
-0.03049200 -0.04713800 0.28316301
-0.03049900 -0.04728800 0.28322601
-0.03038700 -0.04720400 0.28324199
-0.03053000 -0.04734400 0.28323799
-0.03040900 -0.04695000 0.28312200
-0.03062500 -0.04724900 0.28316101
-0.03044300 -0.04709500 0.28316399
-0.03073600 -0.04746000 0.28321099
-0.03079800 -0.04753400 0.28322601
-0.03093700 -0.04764600 0.28322801
-0.03067700 -0.04753200 0.28326800
-0.03072700 -0.04733300 0.28316301
-0.03096300 -0.04830500 0.28361201
-0.03104300 -0.04808100 0.28341600
-0.03111600 -0.04850300 0.28382900
-0.03117400 -0.04846200 0.28374499
-0.03105900 -0.04811400 0.28343201
-0.03173600 -0.04871000 0.28415099
-0.03125800 -0.04804400 0.28333700
-0.03119200 -0.04809300 0.28338501
-0.03133900 -0.04832600 0.28358299
-0.03130000 -0.04839100 0.28365800
-0.03143900 -0.04836200 0.28365901
-0.03125100 -0.04844200 0.28372800
-0.03143500 -0.04847100 0.28384700
-0.03159900 -0.04846200 0.28397700
-0.03144800 -0.04849100 0.28390199
-0.03196100 -0.04901800 0.28393501
-0.03195900 -0.04897200 0.28394201
-0.03186000 -0.04900200 0.28400499
-0.03196000 -0.04892500 0.28395000
-0.03185000 -0.04895800 0.28402299
-0.03199100 -0.04899000 0.28391799
-0.03196700 -0.04912700 0.28393599
-0.03203400 -0.04921600 0.28390700
-0.03203600 -0.04913900 0.28389099
-0.03203100 -0.04933400 0.28392601
-0.03194600 -0.04910700 0.28394699
-0.03201300 -0.04925700 0.28392500
-0.03199100 -0.04928900 0.28394201
-0.03208900 -0.04922000 0.28387800
-0.03227900 -0.04930300 0.28381801
-0.03213000 -0.04928000 0.28387201
-0.03222000 -0.04933400 0.28384799
-0.03214900 -0.04959700 0.28395501
-0.03205500 -0.04947100 0.28395200
-0.03237600 -0.04962700 0.28386599
-0.03251500 -0.04991900 0.28389901
-0.03260700 -0.04978300 0.28382000
-0.03248400 -0.04970000 0.28384599
-0.03263200 -0.04991500 0.28385600
-0.03271000 -0.04996600 0.28384399
-0.03282000 -0.05015500 0.28385401
-0.03298600 -0.05021900 0.28382599
-0.03323000 -0.05078100 0.28387699
-0.03322900 -0.05085400 0.28389701
-0.03296800 -0.05073400 0.28397599
-0.03275500 -0.05022400 0.28389299
-0.03277600 -0.05049500 0.28397501
-0.03304700 -0.05052500 0.28386700
-0.03316500 -0.05066900 0.28386801
-0.03322200 -0.05064600 0.28384599
-0.03329800 -0.05054200 0.28381699
-0.03327200 -0.05090300 0.28389499
-0.03279800 -0.05011400 0.28385001
-0.03294100 -0.05033800 0.28386199
-0.03350400 -0.05113800 0.28392100
-0.03347300 -0.05079500 0.28382799
-0.03335300 -0.05093600 0.28388101
-0.03270600 -0.05010500 0.28387699
-0.03306000 -0.05046100 0.28385001
-0.03348800 -0.05128100 0.28399301
-0.03352100 -0.05123500 0.28395700
-0.03383700 -0.05115900 0.28386101
-0.03440800 -0.05190300 0.28411001
-0.03451200 -0.05205700 0.28418100
-0.03387700 -0.05165800 0.28407401
-0.03465500 -0.05199900 0.28412601
-0.03441600 -0.05197900 0.28415501
-0.03429500 -0.05166300 0.28398600
-0.03368600 -0.05142600 0.28400099
-0.03457400 -0.05156300 0.28393999
-0.03421600 -0.05173200 0.28404400
-0.03393200 -0.05149900 0.28396499
-0.03396100 -0.05160100 0.28401801
-0.03372900 -0.05140600 0.28397599
-0.03385500 -0.05128400 0.28388599
-0.03437600 -0.05153100 0.28392601
-0.03412500 -0.05150500 0.28393701
-0.03399000 -0.05156700 0.28399500
-0.03415800 -0.05164500 0.28400001
-0.03429200 -0.05144500 0.28390399
-0.03440600 -0.05178900 0.28403899
-0.03452900 -0.05185400 0.28404400
-0.03364000 -0.05120100 0.28391400
-0.03370300 -0.05132800 0.28394601
-0.03467800 -0.05162700 0.28395900
-0.03485700 -0.05201300 0.28413299
-0.03519300 -0.05189100 0.28410700
-0.03505700 -0.05198600 0.28411499
-0.03497000 -0.05194400 0.28408101
-0.03645200 -0.05280100 0.28352001
-0.03626700 -0.05254600 0.28352699
-0.03637000 -0.05261500 0.28349999
-0.03635400 -0.05266900 0.28351399
-0.03635900 -0.05263700 0.28350800
-0.03641700 -0.05277200 0.28352100
-0.03647800 -0.05278800 0.28350499
-0.03641300 -0.05262800 0.28348801
-0.03648800 -0.05266700 0.28347501
-0.03679800 -0.05285800 0.28342801
-0.03677300 -0.05294700 0.28346401
-0.03669000 -0.05282400 0.28345299
-0.03675600 -0.05277300 0.28341901
-0.03686300 -0.05297400 0.28344899
-0.03698600 -0.05301800 0.28343299
-0.03707200 -0.05317200 0.28345400
-0.03686600 -0.05306300 0.28348401
-0.03697100 -0.05308600 0.28346500
-0.03691500 -0.05308500 0.28347799
-0.03713600 -0.05334400 0.28350499
-0.03747000 -0.05327600 0.28338400
-0.03773600 -0.05346000 0.28336301
-0.03728800 -0.05336700 0.28345901
-0.03744100 -0.05332900 0.28341299
-0.03742000 -0.05336300 0.28342599
-0.03745000 -0.05344800 0.28344101
-0.03758700 -0.05350000 0.28341299
-0.03724600 -0.05322100 0.28341201
-0.03777400 -0.05365500 0.28341600
-0.03765700 -0.05359700 0.28342301
-0.03825400 -0.05403000 0.28347999
-0.03801700 -0.05375800 0.28339601
-0.03799100 -0.05383800 0.28344601
-0.03827800 -0.05391000 0.28340799
-0.03794800 -0.05362600 0.28337201
-0.03807900 -0.05385700 0.28342900
-0.03895800 -0.05458000 0.28375801
-0.03909600 -0.05446300 0.28357899
-0.03867700 -0.05458200 0.28392100
-0.03856700 -0.05432500 0.28361800
-0.03880600 -0.05430000 0.28352299
-0.03876100 -0.05453900 0.28379399
-0.03870300 -0.05444000 0.28368899
-0.03897500 -0.05446700 0.28361899
-0.03897300 -0.05471900 0.28404900
-0.03934700 -0.05453100 0.28360999
-0.03942800 -0.05458500 0.28366899
-0.03920500 -0.05466700 0.28381199
-0.03905300 -0.05471200 0.28397000
-0.03860300 -0.05418300 0.28348601
-0.03862700 -0.05422400 0.28351101
-0.03935400 -0.05456600 0.28365201
-0.04000000 -0.05472600 0.28409100
-0.03981400 -0.05476000 0.28403601
-0.03955000 -0.05474400 0.28393701
-0.03968800 -0.05452700 0.28365901
-0.03969500 -0.05458600 0.28371999
-0.03995300 -0.05469200 0.28399900
-0.03978200 -0.05474600 0.28399599
-0.03977500 -0.05458300 0.28375599
-0.03948700 -0.05486600 0.28433999
-0.03992000 -0.05477100 0.28412801
-0.03963900 -0.05484800 0.28424299
-0.03942300 -0.05485900 0.28434300
-0.03929400 -0.05485800 0.28441599
-0.03915400 -0.05478800 0.28413799
-0.03965200 -0.05482600 0.28414899
-0.04019800 -0.05478000 0.28448400
-0.04005800 -0.05483400 0.28452599
-0.03919400 -0.05480500 0.28417301
-0.03920800 -0.05482500 0.28426701
-0.03970400 -0.05490100 0.28462800
-0.03989200 -0.05486700 0.28450999
-0.04016400 -0.05481500 0.28459099
-0.04013800 -0.05478900 0.28443599
-0.03974100 -0.05476600 0.28402099
-0.03944200 -0.05475800 0.28395200
-0.04158600 -0.05485500 0.28453600
-0.04147300 -0.05482800 0.28461000
-0.04149900 -0.05487500 0.28458101
-0.04159900 -0.05498400 0.28449801
-0.04167200 -0.05480800 0.28451401
-0.04178500 -0.05480400 0.28447801
-0.04170000 -0.05509200 0.28442100
-0.04189500 -0.05504000 0.28437200
-0.04219600 -0.05498300 0.28435001
-0.04215500 -0.05482800 0.28444099
-0.04238500 -0.05494300 0.28436700
-0.04207500 -0.05497900 0.28436601
-0.04252200 -0.05495000 0.28435901
-0.04292200 -0.05511100 0.28414100
-0.04509500 -0.05758100 0.28571901
-0.04382700 -0.05533500 0.28356999
-0.04370600 -0.05533800 0.28360999
-0.04369100 -0.05543800 0.28354999
-0.04386300 -0.05548400 0.28346801
-0.04355500 -0.05555300 0.28355500
-0.04362200 -0.05549400 0.28354701
-0.04401200 -0.05574900 0.28334701
-0.04427100 -0.05566300 0.28335300
-0.04343700 -0.05556300 0.28361100
-0.04424700 -0.05586200 0.28332201
-0.04436600 -0.05585700 0.28331801
-0.04471800 -0.05609000 0.28334799
-0.04432500 -0.05617700 0.28339300
-0.04389300 -0.05708500 0.28415400
-0.04420100 -0.05708000 0.28406101
-0.04396800 -0.05722200 0.28432700
-0.04395700 -0.05702100 0.28405201
-0.04415300 -0.05643100 0.28356999
-0.04405100 -0.05661100 0.28370699
-0.04401100 -0.05681600 0.28385401
-0.04397000 -0.05681700 0.28386900
-0.04391200 -0.05713500 0.28422201
-0.04394500 -0.05668900 0.28378901
-0.04401400 -0.05697700 0.28398699
-0.04419400 -0.05696500 0.28393200
-0.04423300 -0.05704800 0.28401899
-0.04384200 -0.05689000 0.28397700
-0.04425300 -0.05689000 0.28384799
-0.04400300 -0.05653700 0.28366899
-0.04503800 -0.05750900 0.28510699
-0.04490700 -0.05751600 0.28506601
-0.04447200 -0.05733600 0.28449699
-0.04500400 -0.05754000 0.28522000
-0.04475700 -0.05729400 0.28445801
-0.04505700 -0.05634800 0.28346899
-0.04462400 -0.05623600 0.28339300
-0.04430500 -0.05669900 0.28370401
-0.04494200 -0.05643900 0.28351101
-0.04455800 -0.05668600 0.28366801
-0.04436700 -0.05671900 0.28370801
-0.04456400 -0.05657800 0.28359601
-0.04481100 -0.05653300 0.28356200
-0.04426900 -0.05639100 0.28352100
-0.04436000 -0.05714700 0.28414601
-0.04443000 -0.05703000 0.28398201
-0.04429100 -0.05694100 0.28389099
-0.04458300 -0.05726500 0.28436199
-0.04427800 -0.05703000 0.28399101
-0.02834800 -0.03981600 0.28179401
-0.02873900 -0.04336800 0.28252000
-0.02891900 -0.03560300 0.28079501
-0.03122300 -0.04818200 0.28344700
-0.03651000 -0.05272600 0.28347901
-0.03902200 -0.05474900 0.28411001
-0.02941000 -0.03721700 0.28198799
-0.02846100 -0.03948400 0.28173500
-0.03161900 -0.04856200 0.28412700
