-0.05949500 -0.00584500 0.28181800
-0.05910200 -0.00627200 0.28223199
-0.05869400 -0.00663600 0.28199899
-0.04531800 -0.00669500 0.27928901
-0.04704500 -0.00685200 0.27428401
-0.04761000 -0.00692000 0.27445900
-0.04973800 -0.00649000 0.27544600
-0.04991800 -0.00543400 0.27402601
-0.04886100 -0.00684500 0.27516100
-0.04826200 -0.00670800 0.27462101
-0.04912600 -0.00578000 0.27422401
-0.04785200 -0.00598400 0.27409199
-0.04921600 -0.00523200 0.27351400
-0.05755000 -0.00684900 0.28057599
-0.05607900 -0.00668200 0.27939701
-0.05713200 -0.00693700 0.28017601
-0.05657300 -0.00663400 0.27920499
-0.05732600 -0.00634800 0.27954099
-0.05801800 -0.00681400 0.28105301
-0.05814400 -0.00670100 0.28093499
-0.05767100 -0.00677500 0.28054300
-0.05943300 -0.00581400 0.28133300
-0.05969700 -0.00547400 0.28084400
-0.05865500 -0.00639600 0.28092599
-0.05891700 -0.00624300 0.28079900
-0.05856600 -0.00560400 0.27927101
-0.05846400 -0.00579400 0.27953100
-0.05853100 -0.00625600 0.28042799
-0.05899300 -0.00568700 0.27981800
-0.05881000 -0.00604400 0.28030199
-0.05891800 -0.00586800 0.28003001
-0.05941400 -0.00556300 0.28018999
-0.05934600 -0.00513600 0.27916500
-0.05743100 -0.00425900 0.27674600
-0.05958300 -0.00449000 0.27839601
-0.05809100 -0.00425000 0.27700600
-0.05879000 -0.00383400 0.27654299
-0.05903700 -0.00388600 0.27677801
-0.05925400 -0.00422600 0.27750900
-0.05956500 -0.00377800 0.27710000
-0.05685700 -0.00552900 0.27805600
-0.05652900 -0.00547800 0.27814299
-0.05743200 -0.00564300 0.27849901
-0.05572900 -0.00677700 0.27891400
-0.05579800 -0.00692800 0.27824801
-0.05617800 -0.00599200 0.27846801
-0.05665600 -0.00583500 0.27842200
-0.05636800 -0.00471100 0.27716899
-0.05628400 -0.00530900 0.27682701
-0.05666600 -0.00468800 0.27723300
-0.05696700 -0.00503100 0.27748600
-0.05610400 -0.00654500 0.27689001
-0.05617600 -0.00626600 0.27753600
-0.05779900 -0.00493600 0.27768201
-0.05800600 -0.00499900 0.27792600
-0.05772500 -0.00529200 0.27817300
-0.05851200 -0.00525100 0.27860600
-0.05899000 -0.00466200 0.27787799
-0.05944300 -0.00492600 0.27885601
-0.05886000 -0.00483500 0.27804700
-0.05425500 -0.00182700 0.27553001
-0.05386200 -0.00194100 0.27473900
-0.05511300 -0.00162900 0.27545401
-0.05600300 -0.00149500 0.27451000
-0.05647500 -0.00195700 0.27456200
-0.05925700 -0.00205100 0.27416000
-0.05790900 0.00067400 0.27219301
-0.05876700 0.00045600 0.27212000
-0.05914800 0.00051100 0.27200899
-0.05656200 -0.00140800 0.27388000
-0.05745900 -0.00057300 0.27275601
-0.05878200 -0.00079100 0.27282500
-0.05968000 -0.00039300 0.27257699
-0.05818900 -0.00163400 0.27340400
-0.05824400 -0.00182100 0.27355200
-0.05923500 -0.00150700 0.27354199
-0.05840500 -0.00000900 0.27241799
-0.05860000 0.00002600 0.27239901
-0.05483000 -0.00270400 0.27539000
-0.05448600 -0.00334800 0.27423599
-0.05423900 -0.00264100 0.27445701
-0.05475500 -0.00340600 0.27449200
-0.05067600 -0.00689400 0.27593899
-0.05128200 -0.00534000 0.27441701
-0.05239500 -0.00544700 0.27470699
-0.05218600 -0.00518300 0.27468500
-0.05100700 -0.00598100 0.27496600
-0.05148700 -0.00593100 0.27491099
-0.05186800 -0.00668900 0.27488500
-0.05286600 -0.00536000 0.27453500
-0.05277200 -0.00562800 0.27456400
-0.05421300 -0.00548600 0.27405301
-0.05482700 -0.00531400 0.27401900
-0.05378800 -0.00677900 0.27393001
-0.05326500 -0.00682700 0.27409300
-0.05422800 -0.00590700 0.27402899
-0.05438800 -0.00584000 0.27400300
-0.05192100 -0.00446400 0.27382499
-0.05197400 -0.00397700 0.27321899
-0.05384800 -0.00292200 0.27384600
-0.05344800 -0.00306500 0.27351999
-0.05296200 -0.00404800 0.27368501
-0.05372600 -0.00407200 0.27373701
-0.05275900 -0.00335200 0.27323201
-0.05437500 -0.00670100 0.27385101
-0.05599100 -0.00326200 0.27624899
-0.05513200 -0.00297400 0.27559999
-0.05679400 -0.00311800 0.27592701
-0.05687700 -0.00291600 0.27575901
-0.05610000 -0.00338800 0.27632001
-0.05606300 -0.00422800 0.27639201
-0.05667400 -0.00353100 0.27623600
-0.05681100 -0.00228300 0.27486899
-0.05733400 -0.00239700 0.27455899
-0.05553700 -0.00448400 0.27494699
-0.05765700 -0.00304200 0.27551699
-0.05773000 -0.00333800 0.27595401
-0.05941300 -0.00320700 0.27598000
-0.05935600 -0.00313200 0.27579600
-0.05776700 -0.00348900 0.27611300
-0.05757500 -0.00393600 0.27651599
-0.05918900 -0.00368400 0.27650800
-0.05818800 -0.00301700 0.27499801
-0.05779100 -0.00280000 0.27484500
-0.05840500 -0.00303200 0.27496201
-0.05871300 -0.00299600 0.27500400
-0.05955200 -0.00240500 0.27487901
-0.05598900 -0.00678700 0.27628401
-0.05593900 -0.00538400 0.27538699
-0.05595900 -0.00656700 0.27578700
-0.05599400 -0.00582000 0.27556801
-0.05620800 -0.00519400 0.27642700
-0.05587100 -0.00582300 0.27523401
-0.05540100 -0.00633200 0.27441800
-0.05569100 -0.00605900 0.27485499
-0.05557100 -0.00654500 0.27475500
-0.05508300 -0.00511000 0.27419001
-0.05577200 -0.00510200 0.27509701
-0.05499400 -0.00537900 0.27408901
-0.03383900 -0.01544600 0.28474301
-0.03395200 -0.01566000 0.28450000
-0.03422700 -0.01447000 0.28473699
-0.03567800 -0.01395400 0.28323400
-0.03585800 -0.01228800 0.28319001
-0.03561100 -0.01383300 0.28325900
-0.03513500 -0.01407300 0.28355700
-0.03508600 -0.01310800 0.28362399
-0.03597900 -0.01308700 0.28251800
-0.03603500 -0.01378900 0.28257501
-0.03594700 -0.01335100 0.28232300
-0.03452400 -0.01507800 0.28412899
-0.03503300 -0.01522800 0.28356799
-0.03535500 -0.01471700 0.28328601
-0.03537600 -0.01648500 0.28343999
-0.03415900 -0.01569900 0.28425699
-0.03435600 -0.01565300 0.28405499
-0.03445100 -0.01620600 0.28393999
-0.03497100 -0.01615500 0.28354001
-0.03528000 -0.01647800 0.28350800
-0.03472300 -0.01633800 0.28378600
-0.03597500 -0.01468500 0.28305599
-0.03620700 -0.01473500 0.28216401
-0.03566400 -0.01565200 0.28294501
-0.03606600 -0.01630500 0.28282800
-0.03633400 -0.01557600 0.28275499
-0.03624500 -0.01649400 0.28280699
-0.03666700 -0.01538000 0.28236899
-0.03694500 -0.01634200 0.28259900
-0.03727900 -0.01609400 0.28227499
-0.03082500 -0.02100600 0.28610200
-0.03027300 -0.02241400 0.28633001
-0.03057200 -0.02171700 0.28598201
-0.03037800 -0.02176200 0.28621900
-0.03066600 -0.02174700 0.28585199
-0.03041300 -0.02254600 0.28625500
-0.03049800 -0.02312900 0.28584200
-0.03066500 -0.02257400 0.28601000
-0.03094900 -0.02261100 0.28579900
-0.03084000 -0.02173000 0.28567299
-0.03103000 -0.02214000 0.28544900
-0.03016400 -0.02332800 0.28536701
-0.03099900 -0.02251300 0.28566599
-0.03009600 -0.02344300 0.28455701
-0.02962000 -0.02382200 0.28651699
-0.02919100 -0.02433600 0.28614300
-0.02922900 -0.02435500 0.28646001
-0.02907500 -0.02445100 0.28583801
-0.02897900 -0.02499100 0.28638399
-0.02904600 -0.02526000 0.28688899
-0.02883700 -0.02485600 0.28533199
-0.02888100 -0.02477900 0.28481999
-0.02899300 -0.02454600 0.28496400
-0.02918600 -0.02426900 0.28580400
-0.02892600 -0.02468600 0.28485301
-0.02879800 -0.02493300 0.28516299
-0.02873500 -0.02521000 0.28531200
-0.02866000 -0.02554100 0.28475699
-0.03095200 -0.02304100 0.28441599
-0.03032000 -0.02359000 0.28352499
-0.03080000 -0.02309300 0.28441301
-0.03072200 -0.02337200 0.28353500
-0.02972200 -0.02393500 0.28388000
-0.02920200 -0.02447300 0.28412101
-0.02914700 -0.02457400 0.28409401
-0.02928400 -0.02428500 0.28431800
-0.02908000 -0.02457600 0.28437701
-0.02867800 -0.02574200 0.28417900
-0.03006100 -0.02390000 0.28321400
-0.02940000 -0.02506900 0.28237900
-0.02956500 -0.02483700 0.28238201
-0.02970800 -0.02441100 0.28285801
-0.02912200 -0.02522900 0.28297400
-0.03100000 -0.02393600 0.28196999
-0.03065000 -0.02395400 0.28229401
-0.03025600 -0.02402000 0.28265399
-0.02988200 -0.02451100 0.28233999
-0.03222900 -0.01753800 0.28550100
-0.03255200 -0.01769600 0.28523701
-0.03338700 -0.01651400 0.28483301
-0.03349100 -0.01757400 0.28487599
-0.03189900 -0.01805700 0.28565601
-0.03216000 -0.01838600 0.28533801
-0.03260500 -0.01821100 0.28535199
-0.03279700 -0.01855800 0.28521800
-0.03331100 -0.01779200 0.28457901
-0.03335200 -0.01775300 0.28452599
-0.03380700 -0.01670900 0.28472900
-0.03357600 -0.01659200 0.28472999
-0.03405500 -0.01714600 0.28484699
-0.03120300 -0.02026200 0.28593799
-0.03159900 -0.01888200 0.28564399
-0.03177400 -0.02003100 0.28495100
-0.03260400 -0.01941700 0.28490001
-0.03209900 -0.01980000 0.28498101
-0.03259100 -0.01973700 0.28487900
-0.03258900 -0.01984400 0.28486800
-0.03142900 -0.02035300 0.28534499
-0.03173500 -0.02037400 0.28488100
-0.03147800 -0.02106000 0.28508699
-0.03259400 -0.02040300 0.28462401
-0.03338800 -0.01825700 0.28249300
-0.03310000 -0.01806300 0.28421000
-0.03314200 -0.01828900 0.28304300
-0.03311200 -0.01805500 0.28403300
-0.03289100 -0.01839700 0.28391799
-0.03287600 -0.01847100 0.28366899
-0.03291700 -0.01863900 0.28307301
-0.03436500 -0.01657100 0.28430000
-0.03424600 -0.01709000 0.28440401
-0.03367900 -0.01755500 0.28382701
-0.03393800 -0.01753100 0.28319201
-0.03479100 -0.01653400 0.28392601
-0.03522400 -0.01653300 0.28359300
-0.03424400 -0.01754200 0.28260601
-0.03462500 -0.01761600 0.28197101
-0.03558400 -0.01699500 0.28259501
-0.03575700 -0.01701300 0.28240800
-0.03547200 -0.01730700 0.28185001
-0.03391100 -0.01808900 0.28190199
-0.03250200 -0.01952200 0.28373599
-0.03266300 -0.01917500 0.28319100
-0.03256800 -0.01918000 0.28417200
-0.03255000 -0.02056300 0.28408900
-0.03260800 -0.02088900 0.28398800
-0.03246100 -0.02025300 0.28336999
-0.03269400 -0.02032300 0.28193301
-0.03261800 -0.02120700 0.28282800
-0.03270600 -0.01972500 0.28228900
-0.03270200 -0.02101200 0.28202599
-0.03253500 -0.02022700 0.28273299
-0.03305000 -0.01895500 0.28210101
-0.03644400 -0.01661900 0.28278399
-0.03650900 -0.01692500 0.28242600
-0.03666400 -0.01657900 0.28268701
-0.03181500 -0.02209000 0.28458300
-0.03123400 -0.02204000 0.28519899
-0.03155200 -0.02250400 0.28510699
-0.03135400 -0.02257300 0.28536901
-0.03158100 -0.02246300 0.28503600
-0.03176600 -0.02211100 0.28463700
-0.03170900 -0.02259800 0.28497601
-0.03196600 -0.02264500 0.28467500
-0.03203200 -0.02198800 0.28440800
-0.03282600 -0.02141000 0.28414601
-0.03286200 -0.02214700 0.28415301
-0.03305200 -0.02230300 0.28409100
-0.03268900 -0.02147300 0.28329301
-0.03263600 -0.02133600 0.28328800
-0.03224000 -0.02268800 0.28442299
-0.03148600 -0.02308200 0.28363499
-0.03149700 -0.02314500 0.28340900
-0.03267900 -0.02251300 0.28420299
-0.03310300 -0.02285700 0.28401399
-0.03296400 -0.02247500 0.28223601
-0.03278900 -0.02172200 0.28211200
-0.03290000 -0.02228700 0.28222099
-0.03298000 -0.02248200 0.28236300
-0.03208500 -0.02335600 0.28247800
-0.03206800 -0.02321500 0.28287199
-0.03142500 -0.02338400 0.28278700
-0.03317300 -0.02272200 0.28268099
-0.03289800 -0.02317300 0.28282499
-0.03316200 -0.02294300 0.28209800
-0.03283000 -0.02332600 0.28221399
-0.03236500 -0.02338100 0.28226599
-0.03312300 -0.02343900 0.28189600
-0.03577000 -0.02525700 0.28333899
-0.03516200 -0.02451500 0.28188601
-0.03564400 -0.02464500 0.28205499
-0.03572400 -0.02544900 0.28263801
-0.03532600 -0.02524900 0.28195101
-0.03509200 -0.02491800 0.28185299
-0.03537100 -0.02531000 0.28197801
-0.03574200 -0.02577300 0.28228101
-0.04037700 -0.02294500 0.28451300
-0.04011400 -0.02349400 0.28488001
-0.04033100 -0.02357800 0.28492701
-0.04066000 -0.02357300 0.28500500
-0.03814900 -0.02456600 0.28448001
-0.03821700 -0.02553800 0.28463101
-0.04041700 -0.02456600 0.28595299
-0.04022200 -0.02474100 0.28597200
-0.03919600 -0.02413400 0.28475299
-0.03842300 -0.02438900 0.28452599
-0.03891000 -0.02454600 0.28470001
-0.03944600 -0.02442700 0.28484800
-0.04069800 -0.02395400 0.28539801
-0.03992600 -0.02466300 0.28525600
-0.03968200 -0.02426300 0.28488401
-0.03981000 -0.02369200 0.28485301
-0.04054500 -0.02377000 0.28505200
-0.03841100 -0.02510900 0.28456199
-0.03895400 -0.02591200 0.28559801
-0.03876100 -0.02572600 0.28517300
-0.03912600 -0.02499000 0.28484699
-0.03975600 -0.02493300 0.28546399
-0.03838600 -0.02492300 0.28454500
-0.04022600 -0.02362700 0.28268999
-0.04037100 -0.02325500 0.28369901
-0.04021900 -0.02356100 0.28199199
-0.03617000 -0.02440400 0.28399199
-0.03629100 -0.02463300 0.28401199
-0.03654900 -0.02447300 0.28405100
-0.03710800 -0.02476800 0.28411701
-0.03675900 -0.02446400 0.28361499
-0.03756200 -0.02456100 0.28424501
-0.03755100 -0.02450100 0.28399301
-0.03811600 -0.02445600 0.28441301
-0.03735100 -0.02462600 0.28345099
-0.03631400 -0.02510400 0.28414199
-0.03630100 -0.02496400 0.28408900
-0.03699800 -0.02533600 0.28418699
-0.03619600 -0.02559600 0.28436300
-0.03691400 -0.02564400 0.28427500
-0.03603700 -0.02560900 0.28369001
-0.03729100 -0.02518800 0.28420901
-0.03773400 -0.02510600 0.28432101
-0.03749100 -0.02494700 0.28424099
-0.03700500 -0.02478500 0.28293300
-0.03696100 -0.02491900 0.28249499
-0.03628200 -0.02491100 0.28198999
-0.03670200 -0.02495800 0.28224000
-0.03755500 -0.02496000 0.28251001
-0.03785400 -0.02491100 0.28265199
-0.03843700 -0.02481600 0.28258500
-0.03918800 -0.02452300 0.28260601
-0.03852100 -0.02484600 0.28229001
-0.03909600 -0.02456400 0.28264701
-0.03992000 -0.02389300 0.28188801
-0.03945400 -0.02435700 0.28214201
-0.03967500 -0.02413500 0.28305700
-0.03912600 -0.02458100 0.28213099
-0.03790500 -0.01153100 0.27935001
-0.03822400 -0.01133200 0.27886599
-0.03835500 -0.01135800 0.27860701
-0.03896000 -0.01139700 0.27764100
-0.03935000 -0.01092500 0.27727899
-0.03891400 -0.01115700 0.27779001
-0.03954100 -0.01132200 0.27696499
-0.03980200 -0.01072400 0.27688301
-0.03975700 -0.01167000 0.27685499
-0.03630400 -0.01295500 0.28052601
-0.03603200 -0.01262000 0.28179201
-0.03611500 -0.01274400 0.28126100
-0.03613600 -0.01336200 0.28076401
-0.03606300 -0.01323200 0.28109801
-0.03666100 -0.01203300 0.28063101
-0.03703700 -0.01289000 0.27922300
-0.03742900 -0.01219300 0.27932701
-0.03658100 -0.01242600 0.28039199
-0.03629600 -0.01356000 0.28019699
-0.03650500 -0.01319300 0.27990699
-0.03609600 -0.01473100 0.28143299
-0.03621000 -0.01507800 0.28154901
-0.03620000 -0.01510800 0.28120300
-0.03718500 -0.01644600 0.28142300
-0.03681100 -0.01626500 0.28095201
-0.03684400 -0.01629400 0.28097799
-0.03677100 -0.01611800 0.28114799
-0.03657100 -0.01597800 0.27936000
-0.03631800 -0.01473400 0.27987599
-0.03634700 -0.01555600 0.28045401
-0.03638400 -0.01423300 0.27969199
-0.03712600 -0.01368700 0.27844501
-0.03807100 -0.01174700 0.27892801
-0.03827500 -0.01214000 0.27843401
-0.03801100 -0.01207600 0.27876499
-0.03710900 -0.01355900 0.27856299
-0.03670600 -0.01369200 0.27914700
-0.03787900 -0.01273600 0.27834201
-0.03790600 -0.01411300 0.27772599
-0.03856600 -0.01175200 0.27815500
-0.04063100 -0.01376800 0.27813599
-0.03937100 -0.01211300 0.27728900
-0.04034100 -0.01269200 0.27720499
-0.04060400 -0.01232100 0.27696601
-0.03916200 -0.01400900 0.27761200
-0.03949600 -0.01348000 0.27758500
-0.04056200 -0.01302200 0.27751100
-0.03684700 -0.01522100 0.27835900
-0.03663100 -0.01508300 0.27864799
-0.03726200 -0.01497700 0.27805001
-0.03713900 -0.01438700 0.27809301
-0.03738600 -0.01513300 0.27803200
-0.03703500 -0.01568000 0.27831599
-0.03672800 -0.01627600 0.27915600
-0.03717800 -0.01623000 0.27844000
-0.03726200 -0.01621100 0.27838200
-0.03813200 -0.01636100 0.27829900
-0.03815000 -0.01467700 0.27771401
-0.04016300 -0.01582800 0.27863899
-0.03930300 -0.01447900 0.27777401
-0.03943200 -0.01596500 0.27841100
-0.04029900 -0.01585800 0.27873400
-0.04042500 -0.01577500 0.27878401
-0.04003900 -0.01435600 0.27801701
-0.03964900 -0.01467400 0.27797300
-0.03077300 -0.02481900 0.28070900
-0.03112300 -0.02466700 0.28068799
-0.03048000 -0.02438400 0.28170300
-0.03001300 -0.02488400 0.28148001
-0.02957100 -0.02582700 0.28095800
-0.02987200 -0.02554100 0.28072801
-0.02946900 -0.02599300 0.28100899
-0.02964500 -0.02562800 0.28102899
-0.03115000 -0.02526600 0.28015399
-0.03037300 -0.02555500 0.28019199
-0.03349500 -0.01882900 0.28124100
-0.03528800 -0.01762000 0.28127900
-0.03562000 -0.01729700 0.28175601
-0.03582800 -0.01784200 0.28036800
-0.03556700 -0.01743400 0.28147501
-0.03496100 -0.01829500 0.28026700
-0.03475800 -0.01780900 0.28141400
-0.03373100 -0.01851100 0.28138700
-0.03404300 -0.01890800 0.28022999
-0.03590700 -0.01798500 0.28007099
-0.03548000 -0.01832200 0.27985901
-0.03324800 -0.02035400 0.28028101
-0.03338800 -0.02033800 0.27995899
-0.03287700 -0.02070300 0.28118101
-0.03350400 -0.01917600 0.28070000
-0.03315700 -0.01929100 0.28137499
-0.03298700 -0.01950000 0.28161299
-0.03273200 -0.02034700 0.28178501
-0.03333700 -0.02091500 0.27994600
-0.03289700 -0.02054000 0.28114599
-0.03309400 -0.02115800 0.28049600
-0.03323300 -0.01991500 0.28055301
-0.03365300 -0.01923700 0.28034699
-0.03433800 -0.01895400 0.27985001
-0.03446000 -0.01893200 0.27977601
-0.03382000 -0.01945200 0.27979299
-0.03508000 -0.01930000 0.27923301
-0.03553700 -0.01943800 0.27915800
-0.03532800 -0.01969900 0.27905399
-0.03363900 -0.02037200 0.27952999
-0.03379400 -0.02043500 0.27933899
-0.03367900 -0.02086400 0.27943701
-0.03439600 -0.02056100 0.27892199
-0.03521700 -0.02019400 0.27889600
-0.03476900 -0.02044800 0.27884501
-0.03653200 -0.01718900 0.28140399
-0.03606800 -0.01729200 0.28143701
-0.03700300 -0.01678600 0.28014100
-0.03683100 -0.01731000 0.28090101
-0.03669900 -0.01735300 0.28084499
-0.03727900 -0.01710700 0.28015199
-0.03714900 -0.01742400 0.28046599
-0.03700600 -0.01681100 0.28003901
-0.03736100 -0.01725100 0.27992699
-0.03733100 -0.01768900 0.28003499
-0.03768000 -0.01757000 0.27988401
-0.03787600 -0.01660900 0.27838400
-0.03719500 -0.01664700 0.27868000
-0.03762300 -0.01673700 0.27848601
-0.03815600 -0.01741100 0.27882001
-0.03743700 -0.01670700 0.27854699
-0.03607100 -0.01814100 0.27980500
-0.03603600 -0.01827100 0.27970901
-0.03623300 -0.01839300 0.27960500
-0.03802600 -0.01818300 0.27986601
-0.03826800 -0.01775800 0.27912101
-0.03876700 -0.01861800 0.28014201
-0.03956200 -0.01862400 0.28012899
-0.03977200 -0.01759000 0.27911499
-0.04053100 -0.01761600 0.27934200
-0.03995600 -0.01703700 0.27917701
-0.04064000 -0.01711000 0.27947900
-0.03843800 -0.01801000 0.27943799
-0.03895700 -0.01800700 0.27923200
-0.03947700 -0.01857000 0.27998200
-0.03865300 -0.01789000 0.27916801
-0.03974900 -0.01809800 0.27928501
-0.04052200 -0.01812500 0.27928999
-0.04006400 -0.01853300 0.27948201
-0.04061700 -0.01850900 0.27928200
-0.04024100 -0.01878500 0.27955499
-0.03743800 -0.01941900 0.28019601
-0.03819300 -0.01910700 0.28009701
-0.03809100 -0.02036200 0.28078699
-0.03797000 -0.02113700 0.28076100
-0.03624600 -0.01955300 0.27939099
-0.03694000 -0.01942800 0.27989101
-0.03692000 -0.02104300 0.28001401
-0.03677600 -0.02057400 0.27989200
-0.03882600 -0.01952300 0.28031501
-0.03975000 -0.01896000 0.28054500
-0.04009000 -0.01929700 0.28060901
-0.03968000 -0.01903300 0.28048101
-0.04028100 -0.01938600 0.28070900
-0.04043500 -0.01918400 0.28037301
-0.04049900 -0.01985800 0.28060201
-0.04052900 -0.02002200 0.28052199
-0.03867600 -0.02115800 0.28055200
-0.03861000 -0.02123800 0.28060299
-0.04055800 -0.02010400 0.28050300
-0.04066900 -0.02123100 0.28056401
-0.04067700 -0.01902500 0.27942199
-0.03301600 -0.02167500 0.28086501
-0.03295000 -0.02187600 0.28122699
-0.03290000 -0.02183500 0.28148901
-0.03319600 -0.02228500 0.28046399
-0.03304300 -0.02251100 0.28112701
-0.03280200 -0.02357200 0.28164700
-0.03325300 -0.02322700 0.28139499
-0.03301300 -0.02351200 0.28171101
-0.03333100 -0.02335600 0.28124201
-0.03352100 -0.02358900 0.28113300
-0.03321100 -0.02291500 0.28077400
-0.03341300 -0.02206000 0.28002399
-0.03373900 -0.02299800 0.28009099
-0.03404200 -0.02362900 0.28039601
-0.03401300 -0.02350000 0.28030401
-0.03579800 -0.02293200 0.28068799
-0.03551400 -0.02265600 0.28038901
-0.03428100 -0.02204200 0.27958801
-0.03378800 -0.02226700 0.27979299
-0.03427000 -0.02218100 0.27966499
-0.03511100 -0.02233800 0.27996701
-0.03591400 -0.02205300 0.27977201
-0.03393200 -0.02264300 0.27987000
-0.03401400 -0.02249300 0.27980900
-0.03165200 -0.02431300 0.28087899
-0.03176300 -0.02462400 0.28052700
-0.03168500 -0.02379500 0.28170899
-0.03149500 -0.02443000 0.28079900
-0.03327200 -0.02370700 0.28138500
-0.03350500 -0.02406600 0.28104401
-0.03291200 -0.02409000 0.28088099
-0.03197600 -0.02545000 0.28010300
-0.03280800 -0.02563200 0.28054801
-0.03306200 -0.02501000 0.28062901
-0.03120000 -0.02579800 0.27988699
-0.04836800 -0.01166800 0.28051299
-0.03400300 -0.02397400 0.28093299
-0.03442300 -0.02411500 0.28081501
-0.03357200 -0.02477100 0.28096300
-0.03578700 -0.02480600 0.28159299
-0.03553100 -0.02463900 0.28114799
-0.03533300 -0.02410600 0.28077501
-0.03571500 -0.02443600 0.28090400
-0.03510900 -0.02450900 0.28107700
-0.03580800 -0.02430900 0.28083599
-0.03406500 -0.02582500 0.28180599
-0.03490500 -0.02499700 0.28167599
-0.03703300 -0.02174400 0.28011701
-0.03830400 -0.02180200 0.28060800
-0.03772000 -0.02171800 0.28048599
-0.03597500 -0.02302600 0.28073901
-0.03618400 -0.02165400 0.27955401
-0.03597900 -0.02198300 0.27971601
-0.03814500 -0.02290500 0.27991399
-0.03830000 -0.02285900 0.27997899
-0.03949300 -0.02140600 0.28030100
-0.03908600 -0.02214600 0.28050101
-0.04033600 -0.02239900 0.28097600
-0.03999600 -0.02190800 0.28047499
-0.04018600 -0.02203900 0.28063399
-0.04022000 -0.02132500 0.28024501
-0.03912900 -0.02271800 0.28033900
-0.04047700 -0.02254400 0.28129700
-0.03999400 -0.02341900 0.28121001
-0.04029800 -0.02315200 0.28149700
-0.03984700 -0.02339100 0.28097001
-0.03967700 -0.02360900 0.28093201
-0.04011700 -0.02267600 0.28088799
-0.03594900 -0.02465000 0.28098500
-0.03612600 -0.02463800 0.28090900
-0.03669900 -0.02447300 0.28059900
-0.03639600 -0.02461800 0.28079101
-0.03701900 -0.02474600 0.28059599
-0.03721400 -0.02460900 0.28039500
-0.03819300 -0.02449400 0.28014600
-0.03644400 -0.02497700 0.28118399
-0.03620100 -0.02492300 0.28137699
-0.03696400 -0.02509500 0.28156000
-0.03803500 -0.02490900 0.28061399
-0.03729500 -0.02511600 0.28120300
-0.03778900 -0.02509800 0.28159699
-0.03732100 -0.02507600 0.28095099
-0.03743300 -0.02393700 0.27994901
-0.03871900 -0.02465700 0.28103900
-0.03853100 -0.02485100 0.28135699
-0.03923800 -0.02438700 0.28141400
-0.03908100 -0.02389300 0.28048199
-0.03907000 -0.02420900 0.28074801
-0.03847300 -0.02461800 0.28054699
-0.03837200 -0.02441700 0.28021500
-0.03988600 -0.02383600 0.28160599
-0.03986800 -0.02368500 0.28130701
-0.04995600 -0.01408400 0.28374499
-0.05001900 -0.01347500 0.28318799
-0.04850600 -0.01297800 0.28222099
-0.04867700 -0.01261900 0.28199801
-0.04947300 -0.01258700 0.28202400
-0.04963800 -0.01235700 0.28194699
-0.04857200 -0.01342400 0.28252900
-0.04832000 -0.01391000 0.28283301
-0.04855300 -0.01366300 0.28264299
-0.04858100 -0.01396100 0.28275999
-0.04816100 -0.01410800 0.28200099
-0.04936500 -0.01318600 0.28241500
-0.04795700 -0.01477400 0.28322601
-0.04680200 -0.01574500 0.28379500
-0.04639700 -0.01643500 0.28332600
-0.04701400 -0.01646300 0.28381699
-0.04713000 -0.01550000 0.28334001
-0.04768100 -0.01553000 0.28348801
-0.04778700 -0.01560200 0.28346801
-0.04729400 -0.01605300 0.28369400
-0.04704200 -0.01606900 0.28378299
-0.04761200 -0.01501300 0.28256401
-0.04679400 -0.01606000 0.28297001
-0.04696100 -0.01583200 0.28305301
-0.04739100 -0.01551100 0.28198999
-0.04897700 -0.01457100 0.28314799
-0.04962100 -0.01440300 0.28361800
-0.04941900 -0.01494000 0.28386500
-0.04950400 -0.01430500 0.28338701
-0.04844000 -0.01643600 0.28433999
-0.04839900 -0.01615500 0.28399700
-0.04870200 -0.01615700 0.28431001
-0.04806800 -0.01632800 0.28393501
-0.04927100 -0.01536600 0.28420001
-0.04920200 -0.01431600 0.28312799
-0.05488900 -0.00921800 0.28191099
-0.05236300 -0.01085100 0.28197300
-0.05091300 -0.01157300 0.28192201
-0.05186900 -0.01140100 0.28264099
-0.05245400 -0.01127900 0.28338301
-0.05232400 -0.01079300 0.28183499
-0.05320000 -0.01045600 0.28237599
-0.05334100 -0.01034600 0.28233999
-0.05469500 -0.00938600 0.28224301
-0.05386000 -0.01011100 0.28311700
-0.05355100 -0.01033600 0.28316000
-0.05264300 -0.01095200 0.28284800
-0.05700500 -0.00766100 0.28193700
-0.05716400 -0.00752700 0.28183699
-0.05592400 -0.00848500 0.28257400
-0.05543700 -0.00884700 0.28195801
-0.05533100 -0.00893400 0.28189200
-0.05624100 -0.00822500 0.28244501
-0.05752500 -0.00747900 0.28244701
-0.05800000 -0.00707600 0.28201500
-0.05090300 -0.01246600 0.28312200
-0.05072400 -0.01268400 0.28319299
-0.05095600 -0.01244200 0.28315100
-0.05102000 -0.01186000 0.28248501
-0.05086800 -0.01221200 0.28283799
-0.05171000 -0.01183600 0.28334400
-0.04417500 -0.02016500 0.28519100
-0.04403400 -0.02032100 0.28532699
-0.04428700 -0.01987200 0.28472200
-0.04288600 -0.02105600 0.28503999
-0.04366400 -0.02032600 0.28488001
-0.04496100 -0.01952200 0.28477100
-0.04332900 -0.02053100 0.28488401
-0.04307600 -0.01867300 0.28384000
-0.04195200 -0.01884600 0.28332901
-0.04226400 -0.01883000 0.28346300
-0.04124700 -0.01880600 0.28309599
-0.04542000 -0.01702600 0.28418899
-0.04433000 -0.01763900 0.28444600
-0.04535200 -0.01748300 0.28333601
-0.04348900 -0.01880700 0.28393701
-0.04349700 -0.01872900 0.28395799
-0.04381100 -0.01884400 0.28403899
-0.04337100 -0.01850300 0.28365701
-0.04500700 -0.01811300 0.28419200
-0.04430500 -0.01853700 0.28414601
-0.04436600 -0.01878800 0.28417400
-0.04450600 -0.01859300 0.28415799
-0.04473900 -0.01786800 0.28363499
-0.04442700 -0.01875400 0.28196901
-0.04423100 -0.01854300 0.28289700
-0.04521500 -0.01813800 0.28179801
-0.04460800 -0.01838500 0.28270400
-0.04177700 -0.01906400 0.28324100
-0.04145000 -0.01904100 0.28316000
-0.04172700 -0.02001600 0.28340700
-0.04210100 -0.01917700 0.28336501
-0.04252100 -0.02003400 0.28371701
-0.04246800 -0.01929600 0.28349400
-0.04212600 -0.01896900 0.28337601
-0.04270500 -0.01897000 0.28362599
-0.04118000 -0.02126400 0.28412801
-0.04169000 -0.02124700 0.28413200
-0.04137500 -0.02036800 0.28361201
-0.04112600 -0.02096100 0.28365099
-0.04237600 -0.02040400 0.28391099
-0.04279100 -0.02054500 0.28436700
-0.04133500 -0.01907100 0.28313300
-0.04108200 -0.02009800 0.28226301
-0.04119800 -0.02112300 0.28217399
-0.04119700 -0.02086600 0.28294501
-0.04118900 -0.02068300 0.28294799
-0.04109700 -0.02011300 0.28257000
-0.04369100 -0.01958200 0.28407499
-0.04414900 -0.01907400 0.28413600
-0.04312800 -0.01897000 0.28378499
-0.04448900 -0.01958000 0.28444600
-0.04462900 -0.01937700 0.28436899
-0.04374200 -0.01890400 0.28401399
-0.04354600 -0.01891200 0.28254300
-0.04621000 -0.01854900 0.28468499
-0.04684200 -0.01794400 0.28452799
-0.04770200 -0.01725500 0.28451100
-0.04825000 -0.01674400 0.28452000
-0.04564900 -0.01905800 0.28475201
-0.04564600 -0.01679300 0.28429401
-0.04557600 -0.01705700 0.28385201
-0.04582200 -0.01752400 0.28415599
-0.04643900 -0.01684400 0.28401399
-0.04627800 -0.01742500 0.28410101
-0.04620100 -0.01668900 0.28321499
-0.04612100 -0.01673300 0.28333199
-0.04607700 -0.01797000 0.28424701
-0.04564700 -0.01838100 0.28430200
-0.04594800 -0.01769100 0.28415599
-0.04737100 -0.01657900 0.28387800
-0.04697600 -0.01774600 0.28443101
-0.04645800 -0.01659100 0.28254899
-0.04623600 -0.01673900 0.28292599
-0.04101800 -0.02215000 0.28454199
-0.04099700 -0.02244700 0.28465000
-0.04207000 -0.02203500 0.28493801
-0.04181800 -0.02238500 0.28496301
-0.04226400 -0.02188900 0.28512299
-0.04116200 -0.02349800 0.28554800
-0.04089600 -0.02309900 0.28483999
-0.04141400 -0.02276300 0.28489101
-0.04128000 -0.02257600 0.28472701
-0.04190600 -0.02268300 0.28558999
-0.04229300 -0.02155300 0.28477100
-0.04104400 -0.02150700 0.28393701
-0.04119700 -0.02155700 0.28427699
-0.04104900 -0.02165800 0.28373501
-0.04072400 -0.02284100 0.28325799
-0.04117200 -0.02149800 0.28245500
-0.04089600 -0.02246900 0.28266400
-0.04109900 -0.02177900 0.28233200
-0.04116500 -0.02144800 0.28221300
-0.04483200 -0.00715100 0.27951601
-0.04478000 -0.00744100 0.27917901
-0.04289700 -0.00919500 0.27656299
-0.04281400 -0.00853100 0.27717099
-0.04384000 -0.00774400 0.27801099
-0.04500700 -0.00693600 0.27831301
-0.04361000 -0.00795300 0.27758199
-0.04408200 -0.00800500 0.27748901
-0.04490300 -0.00740700 0.27764401
-0.04497100 -0.00797400 0.27725399
-0.04470300 -0.00742900 0.27705199
-0.04472600 -0.00780900 0.27669299
-0.04345700 -0.00846200 0.27687600
-0.04436000 -0.00817100 0.27727601
-0.04463800 -0.00833200 0.27712801
-0.04500500 -0.00841200 0.27666500
-0.04500500 -0.00843500 0.27658299
-0.04478800 -0.00880800 0.27670899
-0.04491100 -0.00915600 0.27661401
-0.04163400 -0.00996200 0.27676401
-0.04205100 -0.01006700 0.27672100
-0.04303200 -0.01043700 0.27675101
-0.04085600 -0.01069000 0.27654999
-0.04284300 -0.01063200 0.27690199
-0.04297600 -0.01160700 0.27776101
-0.04333100 -0.01040300 0.27672899
-0.04311100 -0.01010500 0.27654499
-0.04431200 -0.00998100 0.27656299
-0.04407700 -0.01098800 0.27717200
-0.04415300 -0.01063900 0.27693301
-0.04511700 -0.01066000 0.27722901
-0.04884100 -0.01041300 0.28055999
-0.04885100 -0.01084900 0.28069299
-0.04915700 -0.01040200 0.28064001
-0.04824000 -0.01130100 0.28060701
-0.04831700 -0.01148900 0.28062999
-0.04912700 -0.01131000 0.28094900
-0.04930200 -0.01048800 0.28073001
-0.04949600 -0.01059300 0.28081101
-0.05002600 -0.01044900 0.28100201
-0.04992700 -0.01075800 0.28103700
-0.04981900 -0.01054800 0.28093499
-0.04925600 -0.01148600 0.28109500
-0.04977300 -0.01160900 0.28141201
-0.04936100 -0.01111400 0.28093401
-0.04832400 -0.01168100 0.27969399
-0.04775000 -0.01125500 0.27830300
-0.04620600 -0.00974400 0.27723801
-0.04554300 -0.00940500 0.27691099
-0.04627600 -0.00946600 0.27670500
-0.04724100 -0.01022000 0.27719900
-0.04664400 -0.00954900 0.27670401
-0.04742100 -0.01016600 0.27706501
-0.04774400 -0.00945200 0.27685100
-0.04618200 -0.01109400 0.27764100
-0.04734700 -0.01053600 0.27752900
-0.04771100 -0.01070200 0.27724001
-0.04768800 -0.01058500 0.27717900
-0.04794100 -0.01160500 0.27839100
-0.04870500 -0.00967400 0.27659199
-0.04859500 -0.00991800 0.27671400
-0.04787800 -0.01110800 0.27781001
-0.04797000 -0.01116800 0.27779499
-0.04824100 -0.01131600 0.27746800
-0.04882200 -0.01119600 0.27685800
-0.04803900 -0.01075100 0.27706099
-0.04885800 -0.01091200 0.27673000
-0.04812700 -0.01062300 0.27696699
-0.04939800 -0.01147500 0.27659699
-0.04938900 -0.01168100 0.27688301
-0.04275200 -0.01428700 0.27931100
-0.04263800 -0.01494900 0.27931300
-0.04349000 -0.01465300 0.27924001
-0.04240700 -0.01267600 0.27798200
-0.04081600 -0.01376600 0.27824599
-0.04252400 -0.01395100 0.27896699
-0.04110100 -0.01304600 0.27773499
-0.04105400 -0.01282100 0.27751899
-0.04087900 -0.01271200 0.27735800
-0.04308900 -0.01177600 0.27795401
-0.04433800 -0.01199700 0.27802801
-0.04534700 -0.01200800 0.27822801
-0.04520500 -0.01273700 0.27786601
-0.04336200 -0.01357300 0.27882400
-0.04392300 -0.01396100 0.27842301
-0.04502800 -0.01380400 0.27757600
-0.04481400 -0.01370000 0.27773601
-0.04110100 -0.01498200 0.27875799
-0.04076100 -0.01451500 0.27843601
-0.04178600 -0.01610800 0.27889699
-0.04292400 -0.01599200 0.27870101
-0.04262400 -0.01602400 0.27872699
-0.04353600 -0.01433600 0.27904201
-0.04435800 -0.01485800 0.27853501
-0.04326600 -0.01563900 0.27887499
-0.04382300 -0.01603300 0.27883300
-0.04492000 -0.01558800 0.27855799
-0.04430300 -0.01596000 0.27887300
-0.04492200 -0.01424100 0.27764601
-0.04913100 -0.01205400 0.28149301
-0.04850800 -0.01246700 0.28089401
-0.04946800 -0.01198900 0.28156200
-0.04832200 -0.01386200 0.28137001
-0.04841700 -0.01367500 0.28058201
-0.04849600 -0.01301500 0.28150699
-0.04850500 -0.01252800 0.28025800
-0.04842000 -0.01372500 0.28025699
-0.04848200 -0.01339900 0.27926499
-0.04840400 -0.01195300 0.27959600
-0.04842000 -0.01190700 0.28015900
-0.04848900 -0.01326100 0.27930301
-0.04777300 -0.01555600 0.27937901
-0.04691000 -0.01648900 0.28089601
-0.04739400 -0.01570800 0.28134900
-0.04754300 -0.01536300 0.28172201
-0.04756700 -0.01584900 0.27982301
-0.04797500 -0.01504800 0.28033701
-0.04810600 -0.01494900 0.27967900
-0.04803200 -0.01461300 0.28123900
-0.04817900 -0.01419700 0.28153601
-0.04600700 -0.01186100 0.27791101
-0.04640300 -0.01255500 0.27765501
-0.04615500 -0.01267600 0.27767000
-0.04767600 -0.01286300 0.27743700
-0.04668900 -0.01222600 0.27766901
-0.04634500 -0.01398100 0.27695701
-0.04587800 -0.01334400 0.27735001
-0.04713900 -0.01365900 0.27708799
-0.04773600 -0.01333600 0.27736899
-0.04828300 -0.01198800 0.27874699
-0.04839800 -0.01229000 0.27889499
-0.04811500 -0.01215800 0.27820799
-0.04819700 -0.01217400 0.27832699
-0.04821700 -0.01239700 0.27822900
-0.04952800 -0.01177400 0.27796701
-0.04837000 -0.01334600 0.27819899
-0.04837500 -0.01387000 0.27838400
-0.04839300 -0.01351100 0.27830800
-0.04845400 -0.01293800 0.27878201
-0.04792700 -0.01282300 0.27764001
-0.04992500 -0.01183500 0.27776700
-0.04997800 -0.01186700 0.27738899
-0.04977000 -0.01178500 0.27686799
-0.04811300 -0.01406500 0.27781701
-0.04586900 -0.01615100 0.27823699
-0.04624600 -0.01637700 0.27843601
-0.04733800 -0.01601700 0.27899101
-0.04776800 -0.01547000 0.27875501
-0.04708900 -0.01579800 0.27806699
-0.04726100 -0.01560600 0.27798000
-0.04695100 -0.01594000 0.27815101
-0.04566900 -0.01516700 0.27775100
-0.04650800 -0.01413100 0.27692899
-0.04720900 -0.01491200 0.27733499
-0.04738800 -0.01473100 0.27734700
-0.04745200 -0.01468100 0.27737001
-0.04702400 -0.01562500 0.27779001
-0.04834200 -0.01428900 0.27911901
-0.04790600 -0.01516700 0.27846000
-0.04822100 -0.01467900 0.27884400
-0.04800700 -0.01414500 0.27769700
-0.04529700 -0.00729900 0.27495000
-0.04535100 -0.00716900 0.27485001
-0.04458200 -0.00750100 0.27638200
-0.04522000 -0.00798100 0.27544299
-0.04533100 -0.00759300 0.27509999
-0.04371900 -0.00883400 0.27650499
-0.04495900 -0.00825200 0.27601299
-0.04545300 -0.00828100 0.27562800
-0.04337300 -0.00973900 0.27637199
-0.04267900 -0.00971100 0.27652001
-0.04655000 -0.00748600 0.27468699
-0.04616000 -0.00728000 0.27457801
-0.04713400 -0.00789900 0.27514800
-0.04726100 -0.00700100 0.27441001
-0.04565100 -0.00828400 0.27559999
-0.04600700 -0.00904600 0.27632600
-0.04608700 -0.00896600 0.27621901
-0.04648100 -0.00924500 0.27643999
-0.04680400 -0.00898600 0.27632001
-0.04723900 -0.00873900 0.27635300
-0.04791900 -0.00750500 0.27501601
-0.04818300 -0.00789600 0.27552301
-0.04786200 -0.00798600 0.27550101
-0.04952200 -0.00750000 0.27593100
-0.04932200 -0.00777300 0.27597299
-0.04869400 -0.00827900 0.27619299
-0.04954400 -0.00819700 0.27605799
-0.04921400 -0.00850000 0.27610901
-0.04990900 -0.00963200 0.27571699
-0.05011800 -0.00988900 0.27563101
-0.04897800 -0.01040000 0.27650601
-0.04964500 -0.01054000 0.27581999
-0.05015200 -0.01137200 0.27599901
-0.05002100 -0.01113800 0.27586901
-0.05397900 -0.00798200 0.28073999
-0.05313500 -0.00850900 0.28110600
-0.05380400 -0.00814600 0.28062201
-0.05373200 -0.00905900 0.28100100
-0.05476800 -0.00914700 0.28135201
-0.05464000 -0.00845200 0.28063399
-0.05494200 -0.00863100 0.28072599
-0.05386700 -0.00890700 0.28094700
-0.05385500 -0.00911500 0.28099701
-0.05413600 -0.00879000 0.28081900
-0.05493300 -0.00875500 0.28084499
-0.05449800 -0.00781700 0.28000200
-0.05484300 -0.00785000 0.27927899
-0.05316300 -0.00925500 0.27994999
-0.05335100 -0.00926600 0.27960899
-0.05430400 -0.00846700 0.27931100
-0.05424900 -0.00839700 0.27954999
-0.05053500 -0.01052100 0.28117999
-0.05113600 -0.01028300 0.28132901
-0.05034600 -0.01042300 0.28110200
-0.05207300 -0.01010300 0.28138301
-0.05227400 -0.01016800 0.28137800
-0.05239700 -0.01012800 0.28138000
-0.05243700 -0.01005000 0.28136700
-0.05181400 -0.01012100 0.28140199
-0.05046500 -0.01098200 0.28132001
-0.05046400 -0.01161100 0.28173301
-0.05067100 -0.01112600 0.28145000
-0.05132800 -0.01115400 0.28167701
-0.05174800 -0.01089100 0.28163299
-0.05183800 -0.01080600 0.28160700
-0.05141000 -0.01056700 0.27982301
-0.05209200 -0.01017900 0.27984801
-0.05249700 -0.01011600 0.27942100
-0.05164000 -0.01061300 0.27951100
-0.05280800 -0.00978400 0.28127301
-0.05261300 -0.00992900 0.28133401
-0.05341400 -0.00953000 0.28117800
-0.05316700 -0.00996300 0.28141499
-0.05266100 -0.01036300 0.28154999
-0.05342800 -0.00938000 0.28112599
-0.05393200 -0.00972300 0.28153801
-0.05425800 -0.00959700 0.28180501
-0.05304700 -0.00944900 0.27980500
-0.05270900 -0.00968000 0.27994299
-0.05395000 -0.00919600 0.27837700
-0.05493400 -0.00823200 0.27824801
-0.05451900 -0.00887500 0.27739200
-0.05426200 -0.00858900 0.27913901
-0.05460700 -0.00845700 0.27860799
-0.05452300 -0.00890900 0.27685401
-0.05084600 -0.01123000 0.27900600
-0.05064500 -0.01134100 0.27891201
-0.05166500 -0.01106300 0.27846700
-0.05165200 -0.01112100 0.27827600
-0.05187200 -0.01066600 0.27913100
-0.05237200 -0.01067200 0.27809900
-0.05247200 -0.01040700 0.27882200
-0.05197400 -0.01094800 0.27812001
-0.05250700 -0.01048800 0.27690399
-0.05137100 -0.01139300 0.27735800
-0.05113300 -0.01152300 0.27722999
-0.05084000 -0.01164100 0.27692899
-0.05219500 -0.01070900 0.27670199
-0.05171100 -0.01116400 0.27706000
-0.05188900 -0.01105700 0.27763301
-0.05225600 -0.01079100 0.27768701
-0.05184600 -0.01096900 0.27664301
-0.05273400 -0.01008100 0.27904901
-0.05314600 -0.00984700 0.27870399
-0.05305100 -0.00977800 0.27908900
-0.05288700 -0.01024500 0.27734399
-0.05262800 -0.01049200 0.27761799
-0.05329600 -0.00977500 0.27682200
-0.05334000 -0.00974500 0.27685899
-0.05272600 -0.01022600 0.27678901
-0.05391600 -0.00937200 0.27744600
-0.05543200 -0.00875900 0.28123501
-0.05577000 -0.00858300 0.28177601
-0.05605000 -0.00809000 0.28057900
-0.05573800 -0.00846600 0.28099599
-0.05597600 -0.00828200 0.28105101
-0.05641300 -0.00792000 0.28124899
-0.05714600 -0.00747200 0.28163800
-0.05639200 -0.00789600 0.28098601
-0.05682600 -0.00747200 0.28083500
-0.05531000 -0.00789000 0.28019100
-0.05543200 -0.00777900 0.28009099
-0.05578100 -0.00733100 0.27982199
-0.05618300 -0.00751600 0.27988201
-0.05588300 -0.00713600 0.27966601
-0.05601200 -0.00732300 0.27975500
-0.05519900 -0.00812400 0.28035501
-0.05673200 -0.00731300 0.28010100
-0.05623700 -0.00760700 0.27999100
-0.05692100 -0.00717600 0.28009301
-0.05663600 -0.00715500 0.27970201
-0.05762100 -0.00707300 0.28126299
-0.05574200 -0.00739100 0.27682501
-0.05507600 -0.00830500 0.27729201
-0.05539500 -0.00788400 0.27752000
-0.05564000 -0.00741400 0.27769399
-0.05541400 -0.00791200 0.27717501
-0.05059600 -0.01175000 0.27699101
-0.05092600 -0.00714100 0.27593401
-0.05058900 -0.00773500 0.27601200
-0.05145000 -0.00703100 0.27527401
-0.05095900 -0.00921500 0.27578500
-0.05049600 -0.00854700 0.27583200
-0.05171200 -0.00898100 0.27609000
-0.05250800 -0.00838700 0.27543899
-0.05186800 -0.00765600 0.27520299
-0.05290900 -0.00892400 0.27551600
-0.05349000 -0.00890200 0.27522999
-0.05390300 -0.00905200 0.27555701
-0.05410200 -0.00917000 0.27648801
-0.05465600 -0.00868500 0.27611801
-0.05352200 -0.00712300 0.27396399
-0.05364900 -0.00700700 0.27393100
-0.05466200 -0.00781900 0.27415401
-0.05458400 -0.00771800 0.27401599
-0.05314000 -0.00864700 0.27516499
-0.05411300 -0.00872900 0.27503201
-0.05452000 -0.00848300 0.27493101
-0.05399300 -0.00826800 0.27446601
-0.05225800 -0.01046500 0.27647799
-0.05197300 -0.01009300 0.27618900
-0.05247400 -0.01023200 0.27647299
-0.05200700 -0.00985400 0.27617601
-0.05027600 -0.00943500 0.27567601
-0.05096900 -0.01108700 0.27602500
-0.05063600 -0.01137800 0.27604699
-0.05032500 -0.01155100 0.27619100
-0.05088200 -0.01140600 0.27625999
-0.05193100 -0.01072500 0.27641001
-0.05165200 -0.01092100 0.27635601
-0.05306900 -0.00969200 0.27641100
-0.05334900 -0.00945300 0.27610201
-0.05401400 -0.00743100 0.27381700
-0.05514100 -0.00784600 0.27493501
-0.05517500 -0.00764100 0.27467999
-0.05501000 -0.00837900 0.27595699
-0.05560100 -0.00765700 0.27638200
-0.05569700 -0.00726900 0.27576199
-0.05571900 -0.00704600 0.27551401
-0.05519400 -0.00781500 0.27499601
-0.04140700 -0.01675400 0.27894801
-0.04185100 -0.01705000 0.27850100
-0.04162200 -0.01749500 0.27864099
-0.04134200 -0.01829300 0.27907801
-0.04116000 -0.01857100 0.27912101
-0.04150600 -0.01857600 0.27898899
-0.04368600 -0.01724600 0.27839100
-0.04373800 -0.01680100 0.27853799
-0.04229500 -0.01676400 0.27841100
-0.04278900 -0.01837800 0.27813101
-0.04307200 -0.01778800 0.27811599
-0.04092600 -0.01997000 0.28145900
-0.04186700 -0.01929300 0.28167701
-0.04079300 -0.01940900 0.28047299
-0.04117600 -0.01960600 0.28061399
-0.04137100 -0.01965900 0.27995199
-0.04153400 -0.01958400 0.28078401
-0.04169000 -0.01970000 0.28051201
-0.04098900 -0.02027700 0.28126100
-0.04097500 -0.02079600 0.28097099
-0.04097400 -0.02053300 0.28103200
-0.04096100 -0.02045200 0.28102699
-0.04285800 -0.01976400 0.27994499
-0.04270200 -0.01963200 0.28101400
-0.04263600 -0.01958200 0.28114101
-0.04303900 -0.01972600 0.27998400
-0.04353000 -0.01936100 0.28136799
-0.04337700 -0.01963400 0.28027400
-0.04168900 -0.01957800 0.27932400
-0.04221600 -0.01954100 0.27907699
-0.04097400 -0.01927300 0.27940899
-0.04107600 -0.01918600 0.27927700
-0.04152300 -0.01891300 0.27900800
-0.04216400 -0.01974000 0.27948999
-0.04198500 -0.01902300 0.27879599
-0.04353200 -0.01948300 0.27953699
-0.04363800 -0.01939600 0.27936199
-0.04294800 -0.01973600 0.27987301
-0.04353300 -0.01953200 0.27978101
-0.04275400 -0.01905700 0.27842301
-0.04298100 -0.01907300 0.27841201
-0.04339000 -0.01933200 0.27886701
-0.04508900 -0.01853600 0.28058600
-0.04589000 -0.01758100 0.28009501
-0.04629200 -0.01709500 0.27995101
-0.04608500 -0.01728500 0.28158200
-0.04513000 -0.01835700 0.28129601
-0.04566300 -0.01778400 0.28147101
-0.04526200 -0.01832600 0.28024200
-0.04676300 -0.01669700 0.27993000
-0.04581800 -0.01776800 0.28041500
-0.04584400 -0.01775000 0.28082901
-0.04517600 -0.01835100 0.27994299
-0.04537700 -0.01724000 0.27889499
-0.04493300 -0.01735000 0.27868301
-0.04425400 -0.01716300 0.27859601
-0.04452900 -0.01887800 0.27970099
-0.04453300 -0.01882500 0.27954599
-0.04525500 -0.01773700 0.27901301
-0.04436900 -0.01785400 0.27848399
-0.04430900 -0.01815600 0.27846599
-0.04466000 -0.01779700 0.27858999
-0.04421000 -0.01832800 0.27845299
-0.04663500 -0.01661800 0.27923900
-0.04567600 -0.01767400 0.27966601
-0.04612600 -0.01701500 0.27945301
-0.04555900 -0.01721600 0.27900901
-0.04547700 -0.01694200 0.27885801
-0.04553600 -0.01778600 0.27954701
-0.04423000 -0.01921800 0.28034499
-0.04433400 -0.01909600 0.27996999
-0.04435800 -0.01894900 0.28141499
-0.04405200 -0.01926100 0.27979299
-0.04384200 -0.01938900 0.27980599
-0.04072100 -0.02253800 0.28179401
-0.04070500 -0.02210600 0.28128999
-0.06468600 0.00143600 0.27682999
-0.06331200 0.00346900 0.27667001
-0.06295300 0.00457100 0.27872601
-0.06310800 0.00382400 0.27691099
-0.06351200 0.00381000 0.27888501
-0.06452800 0.00276500 0.28032899
-0.06372700 0.00374200 0.27966899
-0.06370100 0.00395000 0.28023800
-0.06306400 0.00459800 0.27934200
-0.06334700 0.00347200 0.27684501
-0.06381200 0.00273700 0.27666801
-0.06361800 0.00370700 0.27904499
-0.06330500 0.00393000 0.27824599
-0.06311100 0.00445800 0.27908999
-0.06297600 0.00416400 0.27745801
-0.06345900 0.00371600 0.27829900
-0.06288100 0.00408000 0.27665600
-0.06270700 0.00409500 0.27580801
-0.06273300 0.00376700 0.27478501
-0.06341400 0.00323200 0.27635700
-0.06316500 0.00339600 0.27564400
-0.06269900 0.00401800 0.27550900
-0.06305400 0.00374500 0.27632499
-0.06271400 0.00378000 0.27472901
-0.06245000 0.00412900 0.27461901
-0.06225300 0.00363500 0.27180099
-0.06302600 0.00286500 0.27297899
-0.06274900 0.00322300 0.27281001
-0.06280400 0.00329200 0.27336299
-0.06237900 0.00312400 0.27185801
-0.06267000 0.00316700 0.27225599
-0.06280700 -0.00144900 0.27939901
-0.06129100 -0.00214000 0.27715299
-0.06213500 -0.00204900 0.27853200
-0.06219100 -0.00214900 0.27893600
-0.06251100 -0.00113600 0.27826899
-0.06214900 -0.00101300 0.27711999
-0.06230600 -0.00101700 0.27751401
-0.06275700 -0.00042500 0.27697900
-0.06205700 -0.00165800 0.27763799
-0.06534200 0.00023900 0.28083500
-0.06549500 0.00044700 0.28063199
-0.06516700 0.00172900 0.27986699
-0.06472500 0.00247600 0.28032801
-0.06522100 0.00043500 0.28014401
-0.06535300 0.00131100 0.27943599
-0.06501600 0.00060600 0.27933300
-0.06527600 0.00069500 0.27963701
-0.06557900 0.00120900 0.28021100
-0.06542200 0.00050900 0.28034499
-0.06434500 -0.00037100 0.28056100
-0.06321400 -0.00183300 0.28116399
-0.06325300 -0.00139700 0.28047800
-0.06362800 -0.00080200 0.28012100
-0.06445700 0.00004700 0.27963001
-0.06452400 -0.00014500 0.28032601
-0.06301900 -0.00141900 0.28002900
-0.06462400 0.00193200 0.27790800
-0.06437800 0.00039000 0.27855000
-0.06417700 0.00255000 0.27783799
-0.06439800 0.00194300 0.27672601
-0.06398400 0.00033200 0.27778599
-0.06413500 0.00061300 0.27730200
-0.06384200 0.00056300 0.27683401
-0.06497900 0.00167700 0.27875999
-0.06461700 0.00226000 0.27899799
-0.06519800 0.00133200 0.27882600
-0.06523900 0.00129700 0.27893099
-0.06512500 0.00080300 0.27904299
-0.06500000 0.00108300 0.27804899
-0.06460900 0.00070200 0.27815199
-0.06467400 0.00158000 0.27699700
-0.06483800 0.00142700 0.27738899
-0.06478700 0.00121900 0.27727601
-0.06331700 -0.00035700 0.27814201
-0.06335000 -0.00050800 0.27865699
-0.06391300 0.00009100 0.27836201
-0.06343100 0.00020200 0.27686501
-0.06034200 -0.00438500 0.27997801
-0.06092800 -0.00337300 0.27924001
-0.06061900 -0.00435200 0.28110600
-0.06077800 -0.00411900 0.28081101
-0.06070800 -0.00391200 0.27985701
-0.06107600 -0.00351400 0.28021199
-0.06117200 -0.00352500 0.28080201
-0.06185300 -0.00292100 0.28081599
-0.06158100 -0.00319700 0.28114700
-0.06220100 -0.00268900 0.28139800
-0.06147600 -0.00295800 0.27981400
-0.06147200 -0.00316500 0.28030401
-0.06231300 -0.00226000 0.27975601
-0.06198100 -0.00268100 0.28020701
-0.06181300 -0.00252900 0.27917600
-0.05989300 -0.00541100 0.28153500
-0.06033500 -0.00476700 0.28086701
-0.05997500 -0.00512600 0.28061000
-0.05981100 -0.00503900 0.27982000
-0.05996600 -0.00488000 0.27989000
-0.06049200 -0.00318000 0.27777201
-0.06025300 -0.00335900 0.27764001
-0.05997300 -0.00450300 0.27910700
-0.06130300 -0.00253600 0.27804700
-0.05983100 -0.00368200 0.27730501
-0.06027500 -0.00383900 0.27863699
-0.06087000 -0.00334200 0.27899900
-0.06031300 -0.00271600 0.27664900
-0.06102900 -0.00314600 0.27888900
-0.06077400 -0.00261400 0.27731201
-0.06182300 -0.00223000 0.27847001
-0.06034300 -0.00301100 0.27722600
-0.06042100 -0.00276200 0.27693200
-0.06267900 0.00049400 0.27475601
-0.06238300 0.00041900 0.27444801
-0.06269300 0.00089000 0.27413100
-0.06129900 -0.00183300 0.27651000
-0.06107000 -0.00151500 0.27544901
-0.06087200 -0.00159400 0.27539501
-0.06127700 -0.00056700 0.27449900
-0.06003300 -0.00204900 0.27504700
-0.06011800 -0.00180700 0.27476200
-0.05999100 -0.00157600 0.27428001
-0.06068700 -0.00149400 0.27493101
-0.06089700 -0.00112300 0.27428401
-0.06179700 -0.00064900 0.27545899
-0.06257800 0.00002900 0.27549601
-0.06240100 -0.00021900 0.27566999
-0.06158600 -0.00041500 0.27467901
-0.06218000 0.00008400 0.27473399
-0.06117300 0.00059200 0.27290100
-0.06102400 0.00160100 0.27209401
-0.06017300 0.00057600 0.27219900
-0.06018600 0.00187100 0.27177200
-0.06053200 0.00159700 0.27193400
-0.06194900 0.00109300 0.27306601
-0.06200200 0.00054100 0.27377799
-0.06207200 0.00074200 0.27360699
-0.06154200 0.00053100 0.27329400
-0.06156900 0.00159000 0.27236101
-0.06213200 0.00180600 0.27251601
-0.06049500 -0.00101800 0.27367100
-0.06411100 0.00216400 0.27609700
-0.06439900 0.00166100 0.27600399
-0.06401700 0.00206200 0.27526301
-0.06434200 0.00169000 0.27575901
-0.06419000 0.00105400 0.27624300
-0.06360200 0.00077500 0.27575600
-0.06430700 0.00133500 0.27584201
-0.06356700 0.00250000 0.27449000
-0.06377500 0.00156000 0.27449501
-0.06401100 0.00189400 0.27471599
-0.06401700 0.00147400 0.27503601
-0.06387000 0.00200900 0.27439401
-0.06309900 0.00065400 0.27510700
-0.06400000 0.00138500 0.27516299
-0.06363800 0.00219500 0.27386099
-0.06322800 0.00177600 0.27345401
-0.06318800 0.00257800 0.27288201
-0.06310800 0.00250400 0.27267700
-0.05994400 -0.00243700 0.27550501
-0.06018900 -0.00219900 0.27544001
-0.06085100 -0.00220000 0.27648300
-0.02853100 -0.02610200 0.28714299
-0.02813200 -0.02687200 0.28730601
-0.02819100 -0.02788100 0.28719899
-0.02809400 -0.02831800 0.28730199
-0.02842000 -0.02953800 0.28733599
-0.02804700 -0.02907500 0.28735700
-0.02851100 -0.03046700 0.28780401
-0.02866700 -0.02980600 0.28768101
-0.02861000 -0.03041800 0.28742200
-0.02892700 -0.02972500 0.28719199
-0.02780700 -0.03158600 0.28726599
-0.02794200 -0.03124200 0.28791499
-0.02765700 -0.03185400 0.28810999
-0.02766300 -0.03191800 0.28744799
-0.02770300 -0.03444400 0.28845799
-0.02694000 -0.03530600 0.28858399
-0.02746900 -0.03408800 0.28794101
-0.02744100 -0.03378400 0.28805599
-0.02772300 -0.03469900 0.28809401
-0.02776100 -0.03467500 0.28825501
-0.02761000 -0.03535300 0.28825301
-0.02797200 -0.03513100 0.28804299
-0.02739100 -0.03455000 0.28719199
-0.02800800 -0.03538300 0.28770399
-0.02872900 -0.02646700 0.28704101
-0.02843900 -0.02721900 0.28689599
-0.02852500 -0.02687000 0.28689200
-0.02859900 -0.02702900 0.28680199
-0.02888000 -0.02695500 0.28590700
-0.02914100 -0.02665800 0.28681701
-0.02911100 -0.02669800 0.28670901
-0.02910800 -0.02715600 0.28635699
-0.02844800 -0.02736300 0.28686801
-0.02856000 -0.02811000 0.28662899
-0.02899300 -0.02743200 0.28663099
-0.02895700 -0.02836000 0.28627101
-0.02859000 -0.02628200 0.28479099
-0.02878100 -0.02739200 0.28513601
-0.02877900 -0.02717000 0.28533301
-0.02888900 -0.02764700 0.28528601
-0.02863600 -0.02676900 0.28492901
-0.02849400 -0.02935300 0.28698099
-0.02872900 -0.02944700 0.28682801
-0.02889100 -0.02963500 0.28699401
-0.02916600 -0.02962700 0.28660300
-0.02899100 -0.02919200 0.28629601
-0.02895200 -0.02918800 0.28632501
-0.02965300 -0.02959700 0.28611100
-0.02860800 -0.03060700 0.28606701
-0.02913800 -0.02976100 0.28703201
-0.02933400 -0.02975800 0.28669500
-0.02935500 -0.02867500 0.28489199
-0.02965900 -0.02868800 0.28545600
-0.02920500 -0.03028700 0.28566000
-0.02876900 -0.03064100 0.28498900
-0.02952000 -0.03027400 0.28476599
-0.02852800 -0.03083600 0.28505099
-0.02974300 -0.02911000 0.28583100
-0.02986300 -0.02977500 0.28608999
-0.02990800 -0.02887200 0.28566799
-0.03011100 -0.02939900 0.28574201
-0.03000700 -0.02935500 0.28476101
-0.02856300 -0.02741100 0.28327101
-0.02857300 -0.02700000 0.28328300
-0.02860700 -0.02750800 0.28411400
-0.02887400 -0.02814300 0.28444701
-0.02859200 -0.02792900 0.28272799
-0.02864000 -0.02668300 0.28294700
-0.02868100 -0.02655400 0.28286099
-0.02863600 -0.02779700 0.28238699
-0.02871800 -0.02844200 0.28308100
-0.02890600 -0.02865600 0.28355199
-0.02882800 -0.02862200 0.28323999
-0.02915000 -0.02877200 0.28423899
-0.02898900 -0.02881700 0.28350300
-0.02887700 -0.03078400 0.28416601
-0.02912800 -0.03061800 0.28410000
-0.02912700 -0.03075400 0.28355101
-0.02890900 -0.02888300 0.28280899
-0.02897400 -0.02894800 0.28298599
-0.02924300 -0.02933200 0.28258500
-0.02944800 -0.02946800 0.28232399
-0.02921200 -0.02929100 0.28248999
-0.02947500 -0.03070900 0.28283799
-0.02969400 -0.02930400 0.28436700
-0.02979500 -0.03027900 0.28383401
-0.02982700 -0.02974400 0.28330499
-0.03022000 -0.02997000 0.28331599
-0.02989900 -0.03034400 0.28332701
-0.03004100 -0.02938800 0.28196099
-0.02992400 -0.02924300 0.28184500
-0.03045300 -0.02909400 0.28188601
-0.02987000 -0.02982200 0.28289199
-0.03019000 -0.02991800 0.28248000
-0.03007000 -0.02968100 0.28220001
-0.03039400 -0.02993500 0.28240201
-0.03084000 -0.03010900 0.28251401
-0.03091500 -0.03075600 0.28235200
-0.02787400 -0.03143400 0.28608599
-0.02759700 -0.03201300 0.28640300
-0.02787900 -0.03144400 0.28652301
-0.02776200 -0.03165500 0.28586999
-0.02740000 -0.03270600 0.28641000
-0.02738600 -0.03285400 0.28584099
-0.02768500 -0.03194800 0.28510001
-0.02785900 -0.03151600 0.28559500
-0.02816700 -0.03127700 0.28481299
-0.02777000 -0.03166600 0.28567800
-0.02777100 -0.03167700 0.28560099
-0.02744100 -0.03259700 0.28514501
-0.02722800 -0.03412100 0.28625301
-0.02725000 -0.03436200 0.28647000
-0.02722700 -0.03415400 0.28588799
-0.02731100 -0.03443000 0.28694400
-0.02734200 -0.03476300 0.28661701
-0.02732600 -0.03482000 0.28628099
-0.02721800 -0.03396300 0.28518501
-0.02727500 -0.03340900 0.28458399
-0.02721800 -0.03417800 0.28538501
-0.02731000 -0.03500700 0.28480300
-0.02743800 -0.03529600 0.28555700
-0.02817100 -0.03153500 0.28372699
-0.02900300 -0.03095400 0.28321099
-0.02871500 -0.03095400 0.28400499
-0.02775700 -0.03198400 0.28405800
-0.02870700 -0.03124300 0.28314400
-0.02758900 -0.03227500 0.28420600
-0.02755500 -0.03242000 0.28400901
-0.02753200 -0.03267500 0.28363001
-0.02815300 -0.03183700 0.28298199
-0.02761500 -0.03322600 0.28219101
-0.02863200 -0.03154700 0.28251201
-0.02854800 -0.03155600 0.28269300
-0.02840800 -0.03214900 0.28180799
-0.02799400 -0.03207200 0.28289700
-0.02767700 -0.03274800 0.28262100
-0.02811300 -0.03251300 0.28184199
-0.02924800 -0.03106000 0.28235599
-0.03072800 -0.03134900 0.28192100
-0.03087400 -0.03249700 0.28202599
-0.02764000 -0.03502400 0.28191501
-0.02735100 -0.03451900 0.28300399
-0.02768300 -0.03550600 0.28291100
-0.02730500 -0.03492000 0.28433999
-0.02750800 -0.03324500 0.28279200
-0.02726700 -0.03451400 0.28398699
-0.02749900 -0.03458100 0.28204599
-0.02763700 -0.03523300 0.28232801
-0.02742500 -0.03494100 0.28301400
-0.02739600 -0.03493300 0.28331101
-0.02754600 -0.03486300 0.28210801
-0.03080300 -0.03558300 0.28259799
-0.03117000 -0.03529000 0.28290099
-0.03737900 -0.03056300 0.28731999
-0.03718600 -0.03110400 0.28718600
-0.03712400 -0.03164500 0.28717801
-0.03710900 -0.03178100 0.28718400
-0.03713000 -0.03405200 0.28786299
-0.03686800 -0.03461200 0.28776199
-0.03688500 -0.03354300 0.28720200
-0.03356300 -0.03020900 0.28493500
-0.03344400 -0.03013100 0.28477201
-0.03325500 -0.03082900 0.28503099
-0.03382500 -0.03006300 0.28452399
-0.03408700 -0.03068900 0.28483301
-0.03359000 -0.03073800 0.28494999
-0.03441700 -0.03022700 0.28490600
-0.03470900 -0.03021800 0.28494400
-0.03431400 -0.03030300 0.28487399
-0.03523200 -0.02943800 0.28517401
-0.03531500 -0.02923300 0.28474000
-0.03573700 -0.02899400 0.28526801
-0.03548300 -0.02919100 0.28522500
-0.03546300 -0.02939400 0.28522801
-0.03587500 -0.02931800 0.28532600
-0.03559200 -0.03070100 0.28538600
-0.03526700 -0.03026500 0.28516299
-0.03566500 -0.02993000 0.28533000
-0.03487300 -0.03080900 0.28497699
-0.03456200 -0.02620700 0.28189099
-0.03489200 -0.02675000 0.28191000
-0.03591800 -0.02716000 0.28216401
-0.03576500 -0.02641700 0.28211400
-0.03402000 -0.02743900 0.28185901
-0.03578200 -0.02734900 0.28201500
-0.03559000 -0.02837000 0.28222799
-0.03576700 -0.02809600 0.28223401
-0.03222000 -0.03035500 0.28321800
-0.03208200 -0.03077500 0.28324500
-0.03267900 -0.03027900 0.28429899
-0.03272500 -0.03030700 0.28404301
-0.03321200 -0.03025700 0.28404501
-0.03286400 -0.03032700 0.28336799
-0.03352600 -0.03024500 0.28352699
-0.03138600 -0.02950100 0.28219900
-0.03180900 -0.02889500 0.28199700
-0.03163600 -0.03059500 0.28298900
-0.03201800 -0.03035000 0.28307599
-0.03180300 -0.03027600 0.28269199
-0.03177800 -0.02974700 0.28221399
-0.03200800 -0.03016900 0.28243700
-0.03345500 -0.03017300 0.28277600
-0.03255700 -0.03034100 0.28308901
-0.03272200 -0.03010500 0.28229299
-0.03274200 -0.03015300 0.28238401
-0.03259200 -0.02980400 0.28197899
-0.03506000 -0.02946300 0.28347999
-0.03365900 -0.03014900 0.28418899
-0.03369900 -0.03019200 0.28359300
-0.03484200 -0.02962800 0.28410101
-0.03511600 -0.02940300 0.28341800
-0.03499900 -0.02953300 0.28361800
-0.03494200 -0.02897800 0.28211701
-0.03429800 -0.02938300 0.28199601
-0.03512500 -0.02924000 0.28278100
-0.03370600 -0.02982700 0.28219801
-0.03433100 -0.02961900 0.28241199
-0.03474300 -0.02915100 0.28211501
-0.03545600 -0.02849500 0.28218600
-0.03523100 -0.02895100 0.28242499
-0.03513500 -0.02894600 0.28228801
-0.03832000 -0.02752900 0.28595901
-0.03803700 -0.02807400 0.28594401
-0.03823100 -0.02813600 0.28638399
-0.03644800 -0.02658100 0.28471100
-0.03670300 -0.02704700 0.28495300
-0.03686900 -0.02709200 0.28495401
-0.03789700 -0.02652800 0.28502101
-0.03807700 -0.02641100 0.28505701
-0.03624400 -0.02815500 0.28525200
-0.03601900 -0.02840300 0.28521600
-0.03673700 -0.02832800 0.28534800
-0.03637000 -0.02764900 0.28505501
-0.03798100 -0.02773900 0.28566599
-0.03788000 -0.02803900 0.28575301
-0.03884200 -0.02697000 0.28646299
-0.03853400 -0.02740700 0.28623301
-0.03855900 -0.02648000 0.28560200
-0.03871800 -0.02712300 0.28637299
-0.03835300 -0.02671900 0.28551099
-0.03714800 -0.03033000 0.28667000
-0.03740000 -0.02910700 0.28594601
-0.03704000 -0.03040800 0.28654701
-0.03695600 -0.03022100 0.28623900
-0.03692300 -0.03021800 0.28618699
-0.03742300 -0.02913300 0.28599301
-0.03778400 -0.02863500 0.28606001
-0.03754100 -0.02961500 0.28670701
-0.03772200 -0.02904300 0.28637400
-0.03676100 -0.02972900 0.28576699
-0.03629700 -0.02949500 0.28544801
-0.03640000 -0.02913000 0.28541100
-0.03712700 -0.02918000 0.28575799
-0.03722500 -0.02906000 0.28577200
-0.03600500 -0.02985400 0.28544399
-0.03629400 -0.02685900 0.28327700
-0.03615700 -0.02828500 0.28393099
-0.03622200 -0.02794300 0.28328100
-0.03595600 -0.02656400 0.28233099
-0.03604700 -0.02815100 0.28289601
-0.03624100 -0.02761700 0.28298301
-0.03596100 -0.02690700 0.28226399
-0.03315900 -0.03108300 0.28470901
-0.03318400 -0.03316700 0.28453299
-0.03433100 -0.03200800 0.28608200
-0.03451400 -0.03224300 0.28624901
-0.03433700 -0.03208500 0.28605801
-0.03511000 -0.03283100 0.28683001
-0.03491800 -0.03275400 0.28672600
-0.03582700 -0.03248300 0.28583401
-0.03550000 -0.03289900 0.28613800
-0.03585200 -0.03308000 0.28613600
-0.03557200 -0.03264400 0.28588101
-0.03569000 -0.03278200 0.28599799
-0.03581700 -0.03302200 0.28610900
-0.03419800 -0.03138800 0.28518400
-0.03449700 -0.03176800 0.28570300
-0.03458800 -0.03174300 0.28531399
-0.03418600 -0.03113500 0.28498501
-0.03441300 -0.03137700 0.28508601
-0.03574400 -0.03119900 0.28554901
-0.03499700 -0.03200300 0.28544101
-0.03529700 -0.03204500 0.28541699
-0.03500600 -0.03098100 0.28504801
-0.03390500 -0.03233900 0.28529999
-0.03521400 -0.03222300 0.28558600
-0.03545200 -0.03225500 0.28559801
-0.03563200 -0.03246600 0.28575099
-0.03288700 -0.03497200 0.28481099
-0.03284600 -0.03508800 0.28482899
-0.03317300 -0.03527500 0.28528199
-0.03272500 -0.03560200 0.28498700
-0.03438800 -0.03388700 0.28604999
-0.03428400 -0.03358000 0.28581801
-0.03513400 -0.03370800 0.28703400
-0.03576600 -0.03371900 0.28647500
-0.03511100 -0.03430600 0.28680000
-0.03581400 -0.03397800 0.28654099
-0.03587100 -0.03354200 0.28638899
-0.03585300 -0.03359200 0.28640899
-0.03423000 -0.03474100 0.28624699
-0.03365700 -0.03519400 0.28582001
-0.03516700 -0.03514200 0.28650901
-0.03360600 -0.03489400 0.28553101
-0.03356500 -0.03503600 0.28557101
-0.03281200 -0.03092900 0.28415301
-0.03299200 -0.03183500 0.28404200
-0.03294800 -0.03098200 0.28436100
-0.03272800 -0.03261200 0.28404599
-0.03241900 -0.03257900 0.28380501
-0.03135500 -0.03190100 0.28268301
-0.03152300 -0.03219100 0.28297400
-0.03146100 -0.03450600 0.28269500
-0.03224900 -0.03521300 0.28422400
-0.03164400 -0.03536400 0.28358600
-0.03173100 -0.03485700 0.28332999
-0.03208800 -0.03343700 0.28342700
-0.03229100 -0.03334200 0.28367800
-0.03615200 -0.03138300 0.28591299
-0.03650300 -0.03128100 0.28621101
-0.03604100 -0.03310400 0.28621101
-0.03666500 -0.03230700 0.28659201
-0.03666900 -0.03096700 0.28631300
-0.03703300 -0.03180700 0.28706101
-0.03597000 -0.03168800 0.28578299
-0.03659800 -0.03372200 0.28691000
-0.03597500 -0.03388400 0.28654999
-0.02689600 -0.03595400 0.28867200
-0.02756100 -0.03788300 0.28906900
-0.02822700 -0.03781700 0.28843400
-0.02718600 -0.03630700 0.28810200
-0.02714400 -0.03657900 0.28827801
-0.02733000 -0.03607500 0.28792799
-0.02701700 -0.03594800 0.28837901
-0.02711700 -0.03620400 0.28818601
-0.02751900 -0.03661000 0.28770500
-0.02809100 -0.03583500 0.28767401
-0.02778900 -0.03664400 0.28746200
-0.02754000 -0.03719400 0.28800201
-0.02814400 -0.03771900 0.28818101
-0.02830800 -0.03762900 0.28778699
-0.02851800 -0.03767800 0.28786701
-0.02827500 -0.03724900 0.28722900
-0.02829600 -0.03741600 0.28737101
-0.02800000 -0.03744400 0.28760800
-0.02865500 -0.03748300 0.28726301
-0.02864900 -0.03879700 0.28843999
-0.02878400 -0.03830200 0.28851601
-0.02858400 -0.03956300 0.28858399
-0.02873000 -0.03819400 0.28774199
-0.02873400 -0.03837400 0.28828600
-0.02883500 -0.03802800 0.28810900
-0.02842700 -0.03973300 0.28765801
-0.02852100 -0.04026600 0.28821900
-0.03041200 -0.04348300 0.28982899
-0.03052100 -0.04389000 0.28990000
-0.02875400 -0.04090900 0.28859600
-0.02895100 -0.04061100 0.28929999
-0.02922500 -0.04133800 0.28884801
-0.02922600 -0.04176000 0.28949001
-0.02935800 -0.04206200 0.28922400
-0.02955300 -0.04279400 0.28931600
-0.02957600 -0.04171900 0.28857100
-0.02857800 -0.04145700 0.28731099
-0.02843500 -0.04088300 0.28733599
-0.02897700 -0.04144100 0.28841799
-0.02941700 -0.04206200 0.28785500
-0.02915900 -0.04178900 0.28812599
-0.03010000 -0.04277000 0.28849500
-0.03025500 -0.04264400 0.28822300
-0.02971800 -0.04307100 0.28945899
-0.02974500 -0.04419600 0.28778201
-0.02971400 -0.04442700 0.28776801
-0.02958100 -0.04500500 0.28711101
-0.03007100 -0.04312400 0.28910300
-0.03010800 -0.04318100 0.28923500
-0.03013700 -0.04325100 0.28941101
-0.03000300 -0.04303100 0.28895000
-0.03014000 -0.04301300 0.28877801
-0.03032800 -0.04299800 0.28854901
-0.03018200 -0.04455800 0.28892201
-0.03023200 -0.04493900 0.28877300
-0.03043100 -0.04430600 0.28963700
-0.03006200 -0.04451900 0.28864801
-0.03002500 -0.04363800 0.28810799
-0.03001500 -0.04475300 0.28842101
-0.02985000 -0.04462300 0.28809601
-0.02819100 -0.03612200 0.28664300
-0.02840100 -0.03640400 0.28634900
-0.02843400 -0.03659700 0.28588599
-0.02895500 -0.03663600 0.28670800
-0.02876300 -0.03664400 0.28621599
-0.02859500 -0.03714800 0.28696400
-0.02886300 -0.03738500 0.28699800
-0.02895700 -0.03706500 0.28677201
-0.02879100 -0.03791700 0.28675899
-0.02896800 -0.03771700 0.28625700
-0.02858000 -0.03672400 0.28577900
-0.02836900 -0.03680900 0.28503299
-0.02851700 -0.03669500 0.28575400
-0.02855200 -0.03686400 0.28527099
-0.02879600 -0.03781900 0.28516501
-0.02866900 -0.03716000 0.28452200
-0.02882200 -0.03705800 0.28504801
-0.02808700 -0.03928400 0.28468800
-0.02820500 -0.03889800 0.28508499
-0.02823200 -0.03884500 0.28523600
-0.02832500 -0.04017800 0.28699699
-0.02839300 -0.03830600 0.28464100
-0.02839000 -0.03865100 0.28623700
-0.02848900 -0.03844400 0.28647000
-0.02832900 -0.03938600 0.28689501
-0.02829500 -0.03992100 0.28682199
-0.02823200 -0.04035600 0.28640401
-0.02811800 -0.04017400 0.28566900
-0.02816200 -0.03910400 0.28516701
-0.02832600 -0.03851800 0.28506601
-0.02771600 -0.03567300 0.28331199
-0.02789700 -0.03610400 0.28351200
-0.02833500 -0.03703500 0.28404799
-0.02840400 -0.03720400 0.28332901
-0.02877200 -0.03723100 0.28442001
-0.02876100 -0.03786300 0.28433001
-0.02857600 -0.03736400 0.28334701
-0.02872900 -0.03797900 0.28355801
-0.02897600 -0.03749900 0.28372300
-0.02790100 -0.03596200 0.28297201
-0.02789300 -0.03591700 0.28287399
-0.02825800 -0.03667400 0.28243700
-0.02867100 -0.03736900 0.28264999
-0.02882800 -0.03747400 0.28281701
-0.02897800 -0.03751900 0.28276399
-0.02918400 -0.03756100 0.28273001
-0.02905600 -0.03736300 0.28226799
-0.02925000 -0.03751300 0.28240001
-0.03092400 -0.03735200 0.28416100
-0.03110200 -0.03748100 0.28433800
-0.03112200 -0.03773000 0.28391200
-0.03091500 -0.03725200 0.28358600
-0.03115600 -0.03685800 0.28343201
-0.03059800 -0.03745100 0.28338900
-0.03057800 -0.03787100 0.28319499
-0.03094300 -0.03775400 0.28370699
-0.03100200 -0.03639800 0.28305799
-0.03055600 -0.03678100 0.28255701
-0.03038000 -0.03567100 0.28209499
-0.02940200 -0.03758800 0.28259701
-0.03009100 -0.03782200 0.28285599
-0.02999600 -0.03759400 0.28271699
-0.03011800 -0.03794000 0.28274801
-0.03022000 -0.03733100 0.28248799
-0.02985700 -0.03731800 0.28216800
-0.02972400 -0.03754900 0.28238899
-0.03078900 -0.03682700 0.28288400
-0.03061700 -0.03733900 0.28309101
-0.03040500 -0.03748000 0.28302500
-0.03029400 -0.03780900 0.28301400
-0.02845100 -0.03830100 0.28337601
-0.02827700 -0.03852300 0.28362799
-0.02821600 -0.03864200 0.28387401
-0.02809900 -0.03914300 0.28443101
-0.02834100 -0.03847400 0.28330901
-0.02805200 -0.03936500 0.28338799
-0.02800300 -0.03960100 0.28409401
-0.02811200 -0.03913200 0.28305200
-0.02817300 -0.03898000 0.28285399
-0.02839200 -0.03888100 0.28218299
-0.02891300 -0.03809200 0.28275499
-0.02900500 -0.03854500 0.28204301
-0.02890400 -0.03869500 0.28195101
-0.02847900 -0.03892800 0.28201300
-0.02807500 -0.03931100 0.28300101
-0.02828900 -0.04022300 0.28183901
-0.02810200 -0.04012100 0.28210500
-0.02828700 -0.04003200 0.28183299
-0.03093400 -0.03986100 0.28394300
-0.03048700 -0.03958500 0.28327799
-0.03089600 -0.03888400 0.28338099
-0.02957100 -0.03853400 0.28201899
-0.02983000 -0.03888800 0.28210300
-0.03082000 -0.03836800 0.28312799
-0.03077700 -0.03818800 0.28313601
-0.03019400 -0.04001500 0.28303099
-0.03019100 -0.03988500 0.28298199
-0.03011700 -0.03949600 0.28267199
-0.02836100 -0.04128800 0.28658199
-0.02831500 -0.04095900 0.28657600
-0.02846800 -0.04220100 0.28602701
-0.02864500 -0.04244200 0.28624001
-0.02916700 -0.04273400 0.28653699
-0.02804100 -0.04084000 0.28469399
-0.02830200 -0.04204700 0.28551400
-0.02813800 -0.04175600 0.28470600
-0.03112600 -0.04280200 0.28512800
-0.02948000 -0.04383900 0.28669101
-0.02910700 -0.04285000 0.28625700
-0.02936800 -0.04478500 0.28657901
-0.02950800 -0.04403800 0.28698701
-0.02931500 -0.04419500 0.28650901
-0.02930400 -0.04473900 0.28638300
-0.02949800 -0.04518500 0.28658101
-0.02845100 -0.04305200 0.28487399
-0.02858900 -0.04285800 0.28549999
-0.02877100 -0.04301600 0.28556699
-0.02875200 -0.04329300 0.28500301
-0.02877900 -0.04350200 0.28457499
-0.02892000 -0.04480100 0.28468701
-0.02891000 -0.04423100 0.28449601
-0.02909000 -0.04413200 0.28551099
-0.02889800 -0.04454000 0.28472999
-0.02895200 -0.04411800 0.28462100
-0.02960300 -0.04517300 0.28697500
-0.03086400 -0.04283800 0.28448400
-0.03095900 -0.04331900 0.28454599
-0.02794600 -0.04087600 0.28366700
-0.02810600 -0.04237700 0.28338599
-0.02814000 -0.04225700 0.28423199
-0.02799900 -0.04137500 0.28267300
-0.02798500 -0.04145600 0.28296700
-0.02830200 -0.04054200 0.28185901
-0.02804100 -0.04118500 0.28243300
-0.02846900 -0.04129000 0.28188401
-0.02901200 -0.04122800 0.28181699
-0.02811800 -0.04234600 0.28297299
-0.02859800 -0.04213100 0.28208801
-0.02843700 -0.04274600 0.28246301
-0.02898500 -0.04263300 0.28212899
-0.02876000 -0.04248900 0.28212601
-0.03026100 -0.04132000 0.28335199
-0.03089100 -0.04274500 0.28433201
-0.03031400 -0.04180600 0.28346699
-0.03039800 -0.04274500 0.28345299
-0.03024800 -0.04228300 0.28331801
-0.03094200 -0.04258400 0.28426000
-0.02965400 -0.04052800 0.28231999
-0.03004400 -0.04126100 0.28303999
-0.03097200 -0.04079800 0.28414500
-0.02994400 -0.04105300 0.28285199
-0.03001100 -0.04235800 0.28297499
-0.02831800 -0.04319500 0.28415301
-0.02838900 -0.04340000 0.28396100
-0.02820600 -0.04305000 0.28317401
-0.02881900 -0.04370700 0.28394899
-0.02902000 -0.04382800 0.28334999
-0.02893500 -0.04514500 0.28418899
-0.02880800 -0.04460800 0.28390101
-0.02887600 -0.04430700 0.28352100
-0.02886100 -0.04440700 0.28343600
-0.02887900 -0.04510800 0.28364000
-0.02881900 -0.04483500 0.28370899
-0.02823500 -0.04305600 0.28302300
-0.02867300 -0.04304200 0.28238100
-0.02896000 -0.04375900 0.28304601
-0.02915200 -0.04350600 0.28251800
-0.02894200 -0.04300300 0.28223801
-0.02910100 -0.04329400 0.28232899
-0.02914000 -0.04441500 0.28308100
-0.02931100 -0.04463700 0.28295201
-0.02926500 -0.04496500 0.28301200
-0.02940600 -0.04409800 0.28303701
-0.03011400 -0.04331700 0.28346899
-0.03031300 -0.04311200 0.28355399
-0.02981900 -0.04360200 0.28340799
-0.02991700 -0.04388500 0.28317100
-0.03021800 -0.04367100 0.28365999
-0.03017100 -0.04384500 0.28339899
-0.03061100 -0.04306300 0.28426301
-0.03061300 -0.04293300 0.28398499
-0.03114600 -0.04377200 0.28436700
-0.03114100 -0.04400600 0.28428999
-0.03040700 -0.04286800 0.28351301
-0.03035300 -0.04439300 0.28319699
-0.03065400 -0.04442100 0.28355601
-0.03114300 -0.04450900 0.28419399
-0.02977800 -0.04301700 0.28261200
-0.02971500 -0.04306700 0.28255299
-0.02958300 -0.04399500 0.28301600
-0.02986200 -0.04390700 0.28313199
-0.02992500 -0.04406300 0.28303599
-0.03031900 -0.04449600 0.28313699
-0.02961300 -0.04465800 0.28285700
-0.02954600 -0.04481500 0.28289500
-0.03574300 -0.03793300 0.28735700
-0.03576600 -0.03848000 0.28734300
-0.03631800 -0.03642200 0.28789601
-0.03674500 -0.03717000 0.28841001
-0.03660400 -0.03767100 0.28825000
-0.03648100 -0.03569700 0.28782201
-0.03719300 -0.03993800 0.28837600
-0.03702500 -0.03872400 0.28869599
-0.03668600 -0.04029900 0.28775299
-0.03621500 -0.03936300 0.28776100
-0.03594800 -0.03942200 0.28748199
-0.03652900 -0.03908500 0.28818199
-0.03654100 -0.03813500 0.28819099
-0.03733900 -0.04038300 0.28824899
-0.03458800 -0.04142600 0.28771701
-0.03496400 -0.04152300 0.28718901
-0.03441700 -0.04216000 0.28719899
-0.03496100 -0.04198800 0.28748599
-0.03557000 -0.04197200 0.28763601
-0.03536600 -0.04280500 0.28751001
-0.03553200 -0.04274600 0.28762099
-0.03531900 -0.04310200 0.28744999
-0.03510600 -0.04360700 0.28730199
-0.03509700 -0.04396700 0.28729999
-0.03539500 -0.04290700 0.28752801
-0.03591900 -0.04322400 0.28716001
-0.03496500 -0.04433600 0.28715801
-0.03539700 -0.04409500 0.28742999
-0.03685100 -0.04156100 0.28735000
-0.03689000 -0.04100400 0.28757101
-0.03717600 -0.04075700 0.28791401
-0.03642000 -0.04170200 0.28710899
-0.03725500 -0.04262800 0.28725299
-0.03816600 -0.04241100 0.28811601
-0.03909000 -0.04228500 0.28874499
-0.03948300 -0.04206100 0.28911799
-0.03903500 -0.04204200 0.28885701
-0.03890300 -0.04198900 0.28879499
-0.03780600 -0.04468800 0.28855401
-0.03771100 -0.04383200 0.28715900
-0.03830000 -0.04282600 0.28801501
-0.03685700 -0.04513600 0.28773099
-0.03747000 -0.04481000 0.28824699
-0.03777800 -0.04475800 0.28783500
-0.03793900 -0.04432500 0.28714901
-0.03832500 -0.04457800 0.28740001
-0.03772700 -0.04474000 0.28742599
-0.03996300 -0.04333800 0.28859901
-0.04043800 -0.04319900 0.28902099
-0.04060800 -0.04468000 0.28844199
-0.03912000 -0.04381100 0.28789300
-0.03929600 -0.04341100 0.28817999
-0.03866300 -0.04504400 0.28790101
-0.03863400 -0.04454000 0.28747001
-0.03847700 -0.04471500 0.28752199
-0.03867900 -0.04471500 0.28755099
-0.03904800 -0.04509100 0.28764400
-0.04005300 -0.04408600 0.28832600
-0.03169000 -0.03673400 0.28581101
-0.03214300 -0.03679800 0.28591499
-0.03300100 -0.03617700 0.28605801
-0.03261300 -0.03673700 0.28589401
-0.03296600 -0.03653800 0.28593501
-0.03207800 -0.03690900 0.28591499
-0.03201700 -0.03694200 0.28590700
-0.03268300 -0.03707200 0.28592101
-0.03298800 -0.03703600 0.28590199
-0.03201600 -0.03637000 0.28455201
-0.03175600 -0.03672000 0.28556901
-0.03216600 -0.03644400 0.28500101
-0.03190400 -0.03669300 0.28514299
-0.03174000 -0.03680800 0.28493899
-0.03211100 -0.03624100 0.28459400
-0.03233200 -0.03625500 0.28501701
-0.03287000 -0.03591100 0.28554499
-0.03169200 -0.03741000 0.28524199
-0.03136000 -0.03704200 0.28478500
-0.03143100 -0.03747000 0.28477901
-0.03250800 -0.03762200 0.28569800
-0.03356900 -0.03602300 0.28616700
-0.03358600 -0.03653100 0.28590801
-0.03559000 -0.03566300 0.28687799
-0.03481300 -0.03621800 0.28639701
-0.03431600 -0.03691500 0.28617600
-0.03531200 -0.03780000 0.28694299
-0.03226200 -0.03851400 0.28502899
-0.03219400 -0.03988800 0.28528199
-0.03222800 -0.04023800 0.28539100
-0.03294400 -0.04004900 0.28599301
-0.03290000 -0.03839600 0.28568900
-0.03206600 -0.03922800 0.28499201
-0.03363600 -0.03865200 0.28632501
-0.03520400 -0.03819800 0.28685200
-0.03529200 -0.03888600 0.28689700
-0.03371300 -0.04008000 0.28671700
-0.03460200 -0.04019000 0.28651699
-0.03478500 -0.03928100 0.28663400
-0.03510400 -0.04040800 0.28675100
-0.03148300 -0.03656800 0.28374401
-0.03132600 -0.03663700 0.28354600
-0.03167400 -0.03606500 0.28386199
-0.03158400 -0.03659900 0.28394100
-0.03152500 -0.03690100 0.28428999
-0.03130300 -0.03707600 0.28437299
-0.03146800 -0.03894300 0.28417701
-0.03137100 -0.03986300 0.28442800
-0.03336300 -0.04043100 0.28654999
-0.03336200 -0.04089400 0.28650799
-0.03324900 -0.04105300 0.28648800
-0.03269700 -0.04055900 0.28590000
-0.03263600 -0.04111900 0.28608599
-0.03303400 -0.04150000 0.28642699
-0.03228300 -0.04179100 0.28654900
-0.03186500 -0.04210000 0.28627700
-0.03182800 -0.04214300 0.28606200
-0.03209500 -0.04189900 0.28618699
-0.03170300 -0.04226500 0.28610799
-0.03251600 -0.04195000 0.28659600
-0.03282600 -0.04198400 0.28657699
-0.03340600 -0.04177300 0.28650501
-0.03325800 -0.04222600 0.28667399
-0.03292400 -0.04249100 0.28631499
-0.03160700 -0.04145900 0.28490001
-0.03142600 -0.04067700 0.28462601
-0.03219100 -0.04074700 0.28544301
-0.03230500 -0.04101700 0.28561601
-0.03180600 -0.04208700 0.28554001
-0.03205200 -0.04183900 0.28567499
-0.03151300 -0.04273900 0.28553101
-0.03175800 -0.04265000 0.28569999
-0.03139300 -0.04198100 0.28468201
-0.03131500 -0.04250200 0.28501600
-0.03382800 -0.04092600 0.28634000
-0.03449200 -0.04047000 0.28642899
-0.03360200 -0.04122400 0.28633499
-0.03413300 -0.04151800 0.28645200
-0.03435100 -0.04124700 0.28637001
-0.03417900 -0.04158700 0.28650600
-0.03455300 -0.04135200 0.28645599
-0.03538100 -0.04047800 0.28689399
-0.03524700 -0.04144200 0.28680301
-0.03480300 -0.04132000 0.28655699
-0.03504800 -0.04141400 0.28668100
-0.03545600 -0.04133200 0.28684399
-0.03583900 -0.04153800 0.28699201
-0.03412300 -0.04168000 0.28690600
-0.03379500 -0.04208700 0.28700101
-0.03408000 -0.04213100 0.28708699
-0.03386700 -0.04224100 0.28691599
-0.03264000 -0.04322900 0.28584701
-0.03258900 -0.04499700 0.28535399
-0.03299200 -0.04470800 0.28569800
-0.03249500 -0.04394000 0.28557700
-0.03239700 -0.04517300 0.28515500
-0.03264600 -0.04438500 0.28556401
-0.03336400 -0.04416300 0.28604099
-0.03198700 -0.04446700 0.28505999
-0.03185000 -0.04391400 0.28506401
-0.03123100 -0.04327400 0.28477001
-0.03128500 -0.04293000 0.28518301
-0.03233200 -0.04371800 0.28551400
-0.03119800 -0.04322900 0.28479999
-0.03392100 -0.04360100 0.28647801
-0.03385300 -0.04300600 0.28658801
-0.03567700 -0.04386900 0.28687200
-0.03570100 -0.04398800 0.28674200
-0.03430300 -0.04507800 0.28647900
-0.03407400 -0.04458000 0.28636900
-0.03470600 -0.04467100 0.28692201
-0.03559800 -0.04403700 0.28679600
-0.03520300 -0.04505500 0.28675401
-0.03554600 -0.04479900 0.28657800
-0.03563000 -0.04463900 0.28654900
-0.03130600 -0.04512700 0.28420001
-0.03614000 -0.04169800 0.28704599
-0.03601500 -0.04190200 0.28705400
-0.03626400 -0.04190700 0.28704000
-0.03614900 -0.04217400 0.28701201
-0.03630300 -0.04199200 0.28703400
-0.03642100 -0.04238000 0.28698999
-0.03617100 -0.04260000 0.28692999
-0.03625900 -0.04270800 0.28686601
-0.03623400 -0.04304400 0.28679401
-0.03617000 -0.04317600 0.28677800
-0.03642200 -0.04318200 0.28676301
-0.03660600 -0.04284500 0.28690100
-0.03625100 -0.04389900 0.28657100
-0.03641600 -0.04375100 0.28661600
-0.03707900 -0.04329000 0.28701600
-0.03603600 -0.04413500 0.28651699
-0.03674700 -0.04457400 0.28661799
-0.03631300 -0.04494800 0.28650701
-0.03605300 -0.04501700 0.28649500
-0.03662600 -0.04509400 0.28684399
-0.03713900 -0.04451800 0.28680801
-0.03732500 -0.04423800 0.28685001
-0.03778800 -0.04441200 0.28708100
-0.03713800 -0.04441700 0.28678101
-0.02963300 -0.02636700 0.28046101
-0.02977700 -0.02644200 0.28024799
-0.02976500 -0.02705400 0.28034601
-0.02966500 -0.02714100 0.28045499
-0.02925400 -0.02727300 0.28091699
-0.02988400 -0.02656700 0.28014100
-0.02924700 -0.02825400 0.28129801
-0.02920700 -0.02726700 0.28098199
-0.02992000 -0.02821000 0.28103501
-0.02941900 -0.02839600 0.28128600
-0.02978700 -0.02736200 0.28047499
-0.03096500 -0.02653700 0.27974701
-0.03114400 -0.02725600 0.28008601
-0.03112600 -0.02674300 0.27978799
-0.03072300 -0.02780900 0.28069901
-0.03053300 -0.02736500 0.28024501
-0.02909500 -0.02874700 0.28174299
-0.02976900 -0.02901900 0.28165999
-0.03040100 -0.02901100 0.28180900
-0.02906100 -0.03200100 0.28121701
-0.02870900 -0.03190200 0.28168300
-0.02782300 -0.03309900 0.28178701
-0.02908200 -0.03258300 0.28092501
-0.02897300 -0.03308500 0.28079799
-0.02855600 -0.03315800 0.28104901
-0.02926400 -0.03302600 0.28072599
-0.02983900 -0.03172300 0.28127399
-0.02967100 -0.03121200 0.28173500
-0.03053500 -0.03196600 0.28156400
-0.03017700 -0.03246900 0.28107199
-0.03054400 -0.03262200 0.28149199
-0.02890300 -0.03376600 0.28064099
-0.02876000 -0.03337800 0.28082600
-0.02843500 -0.03405800 0.28086099
-0.02769200 -0.03424800 0.28150600
-0.02933000 -0.03436700 0.28048900
-0.02766000 -0.03471300 0.28161699
-0.02788900 -0.03495600 0.28129101
-0.02782300 -0.03534400 0.28173399
-0.02877500 -0.03563500 0.28089601
-0.02875000 -0.03470600 0.28066701
-0.03065500 -0.03442200 0.28155500
-0.03033000 -0.03345600 0.28105101
-0.02984500 -0.03340800 0.28061399
-0.03006900 -0.03490000 0.28105301
-0.02959700 -0.03492500 0.28060099
-0.03135800 -0.02662200 0.27978101
-0.03157900 -0.02710400 0.28005701
-0.03214400 -0.02690900 0.28028300
-0.03281000 -0.02782000 0.28114700
-0.03311900 -0.02640100 0.28102401
-0.03130900 -0.02794500 0.28089300
-0.03297800 -0.02790600 0.28121299
-0.03289900 -0.02820200 0.28117800
-0.03276100 -0.02961000 0.28177899
-0.03331800 -0.02756500 0.28142399
-0.03504300 -0.02622600 0.28179401
-0.03483300 -0.02837900 0.28170699
-0.03372200 -0.02938000 0.28161299
-0.03412700 -0.02930600 0.28178400
-0.03518000 -0.02811500 0.28179300
-0.03372700 -0.02843400 0.28132400
-0.02841400 -0.03608100 0.28146401
-0.02870100 -0.03652500 0.28169701
-0.02978300 -0.03604400 0.28150800
-0.02946100 -0.03629200 0.28136501
-0.02901500 -0.03914700 0.28167000
-0.02850500 -0.03930600 0.28176999
-0.02860600 -0.03968200 0.28165999
-0.02856300 -0.03970000 0.28166899
-0.02871800 -0.03986400 0.28163001
-0.02867300 -0.04013900 0.28164399
-0.02864300 -0.04009100 0.28165001
-0.02914200 -0.03977200 0.28169399
-0.02847900 -0.04057000 0.28173900
-0.02847100 -0.04090500 0.28179899
-0.02847800 -0.04084100 0.28178501
-0.02838300 -0.04048100 0.28178400
-0.04104000 -0.04506100 0.28855401
-0.04085600 -0.04496200 0.28849301
-0.03078700 -0.04667400 0.28802699
-0.03080400 -0.04552100 0.28948200
-0.03113300 -0.04685600 0.28829199
-0.03065800 -0.04628600 0.28829300
-0.03095900 -0.04615600 0.28901100
-0.02971800 -0.04620900 0.28559300
-0.02982700 -0.04525500 0.28754100
-0.02938300 -0.04529800 0.28597301
-0.02991600 -0.04615900 0.28646201
-0.03004000 -0.04625900 0.28672501
-0.03021500 -0.04646900 0.28693399
-0.03059400 -0.04772700 0.28580001
-0.03007000 -0.04707800 0.28527099
-0.03053700 -0.04703500 0.28690800
-0.03118000 -0.04731800 0.28758001
-0.03075700 -0.04811200 0.28537801
-0.02905500 -0.04548200 0.28415400
-0.02923200 -0.04552100 0.28498501
-0.02905100 -0.04551900 0.28346801
-0.02923700 -0.04594800 0.28359801
-0.02903200 -0.04534100 0.28331000
-0.02977500 -0.04523900 0.28289899
-0.02942100 -0.04625700 0.28350300
-0.02969700 -0.04680600 0.28369299
-0.02979200 -0.04684500 0.28349701
-0.03049800 -0.04587900 0.28305599
-0.03100600 -0.04522400 0.28380701
-0.03012000 -0.04654400 0.28307900
-0.03040000 -0.04675800 0.28306901
-0.03109500 -0.04675700 0.28319401
-0.02989400 -0.04698500 0.28473699
-0.03043100 -0.04809500 0.28425699
-0.03025700 -0.04777800 0.28445500
-0.03091400 -0.04834300 0.28507999
-0.03099900 -0.04849700 0.28468901
-0.02979700 -0.04688400 0.28354701
-0.03037500 -0.04699200 0.28314900
-0.03038700 -0.04720400 0.28324199
-0.03070900 -0.04796300 0.28349099
-0.03044500 -0.04808600 0.28401801
-0.03131400 -0.04573100 0.29009700
-0.03155200 -0.04595700 0.29012501
-0.03151700 -0.04687500 0.29034999
-0.03158900 -0.04619700 0.28982499
-0.03167400 -0.04617100 0.28995600
-0.03161500 -0.04672100 0.28896901
-0.03174100 -0.04729500 0.28978699
-0.03180400 -0.04707300 0.28962901
-0.03259100 -0.04754400 0.28889999
-0.03219700 -0.04730900 0.28908899
-0.03140200 -0.04674100 0.28874800
-0.03190000 -0.04705700 0.28841200
-0.03251000 -0.04725400 0.28875300
-0.03272100 -0.04814300 0.29007199
-0.03283400 -0.04822300 0.29036701
-0.03302000 -0.04834200 0.29019099
-0.03343400 -0.04937900 0.29011101
-0.03232500 -0.04777000 0.28935400
-0.03210800 -0.04790900 0.28985700
-0.03231400 -0.04826400 0.28782201
-0.03265600 -0.04811200 0.28999299
-0.03277700 -0.04809000 0.28944501
-0.03260600 -0.04781800 0.28923899
-0.03271200 -0.04795300 0.28935701
-0.03300400 -0.04875300 0.28991100
-0.03251800 -0.04825700 0.28854001
-0.03243500 -0.04946900 0.28775299
-0.03289900 -0.04887900 0.28956601
-0.03269200 -0.04905000 0.28885001
-0.03291500 -0.04904300 0.28944999
-0.03222600 -0.04900000 0.28766999
-0.03326000 -0.04958100 0.28944901
-0.03330600 -0.04976200 0.28921801
-0.03233800 -0.04906700 0.28793699
-0.03366200 -0.04940800 0.29049101
-0.03359400 -0.04931800 0.29050699
-0.03308400 -0.04576700 0.28537500
-0.03344100 -0.04618400 0.28550801
-0.03122800 -0.04751800 0.28727099
-0.03340300 -0.04690200 0.28570500
-0.03350100 -0.04650000 0.28555000
-0.03320200 -0.04713700 0.28538901
-0.03344800 -0.04744000 0.28546101
-0.03164500 -0.04604900 0.28411201
-0.03180300 -0.04625200 0.28413600
-0.03224000 -0.04611000 0.28457901
-0.03266900 -0.04551800 0.28520000
-0.03128000 -0.04564800 0.28393799
-0.03213300 -0.04677200 0.28403199
-0.03236000 -0.04740000 0.28391299
-0.03212400 -0.04719700 0.28373900
-0.03222600 -0.04710800 0.28388101
-0.03134900 -0.04707800 0.28323999
-0.03197100 -0.04661200 0.28401899
-0.03275500 -0.04682000 0.28458101
-0.03308000 -0.04679600 0.28495601
-0.03293200 -0.04750100 0.28504899
-0.03291500 -0.04746600 0.28499901
-0.03313300 -0.04714100 0.28517899
-0.03242700 -0.04741500 0.28399199
-0.03410200 -0.04608600 0.28675401
-0.03406700 -0.04618200 0.28691900
-0.03429300 -0.04606100 0.28720501
-0.03466700 -0.04633700 0.28714001
-0.03379800 -0.04630400 0.28604600
-0.03358700 -0.04619500 0.28567401
-0.03387100 -0.04620400 0.28613099
-0.03412800 -0.04526000 0.28629801
-0.03377400 -0.04589500 0.28589600
-0.03523900 -0.04521000 0.28672999
-0.03594300 -0.04533700 0.28659201
-0.03542100 -0.04567000 0.28683299
-0.03498300 -0.04589400 0.28703099
-0.03585500 -0.04603800 0.28739399
-0.03556300 -0.04613900 0.28726301
-0.03402100 -0.04674100 0.28661501
-0.03425600 -0.04656200 0.28688201
-0.03459600 -0.04670300 0.28663599
-0.03380400 -0.04651400 0.28649700
-0.03397400 -0.04689400 0.28632599
-0.03454900 -0.04685000 0.28647700
-0.03357400 -0.04747700 0.28544101
-0.03386200 -0.04709600 0.28596899
-0.03476100 -0.04720900 0.28636399
-0.03443500 -0.04706900 0.28624400
-0.03526400 -0.04723100 0.28669599
-0.03583200 -0.04666800 0.28712499
-0.03170500 -0.04759600 0.28734699
-0.03122600 -0.04782400 0.28669700
-0.03204700 -0.04868500 0.28722399
-0.03202700 -0.04851400 0.28706199
-0.03130900 -0.04818600 0.28590700
-0.03188300 -0.04992600 0.28547400
-0.03216800 -0.04892000 0.28756401
-0.03176700 -0.04935300 0.28606099
-0.03156800 -0.04888700 0.28571901
-0.03195200 -0.04908200 0.28680500
-0.03191200 -0.04944000 0.28633001
-0.03226900 -0.04966500 0.28700000
-0.03202800 -0.04940300 0.28669500
-0.03199500 -0.04967400 0.28622600
-0.03165000 -0.04932200 0.28580299
-0.03139400 -0.04855500 0.28483900
-0.03149400 -0.04789200 0.28323999
-0.03229600 -0.04777600 0.28386900
-0.03130000 -0.04839100 0.28365800
-0.03144800 -0.04849100 0.28390199
-0.03213000 -0.04855800 0.28400901
-0.03247800 -0.04764100 0.28409699
-0.03250900 -0.04815500 0.28442001
-0.03278200 -0.04796400 0.28463101
-0.03314000 -0.04814200 0.28460199
-0.03318000 -0.04791000 0.28482401
-0.03337600 -0.04844500 0.28457400
-0.03342600 -0.04819300 0.28474599
-0.03286600 -0.04871100 0.28407100
-0.03140500 -0.04924800 0.28490701
-0.03164700 -0.04934100 0.28419599
-0.03167500 -0.04903700 0.28417599
-0.03169100 -0.04891500 0.28416499
-0.03153000 -0.04959100 0.28487599
-0.03169400 -0.04982400 0.28495100
-0.03148400 -0.04944700 0.28455499
-0.03186900 -0.04977600 0.28425601
-0.03195900 -0.04897200 0.28394201
-0.03179400 -0.04918300 0.28406301
-0.03198600 -0.04939400 0.28396699
-0.03344900 -0.04881100 0.28445500
-0.03295000 -0.04930800 0.28387800
-0.03248400 -0.04970000 0.28384599
-0.03444600 -0.04895800 0.28519201
-0.03520600 -0.04867600 0.28595501
-0.03574600 -0.04925100 0.28592300
-0.03475900 -0.04863600 0.28564000
-0.03486500 -0.04810700 0.28602001
-0.03575100 -0.04908600 0.28603601
-0.03560300 -0.04866800 0.28622600
-0.03466800 -0.04994800 0.28476501
-0.03433700 -0.04956900 0.28474599
-0.03404000 -0.04926600 0.28467700
-0.03361700 -0.04880800 0.28458899
-0.03469500 -0.04788600 0.28598800
-0.03406800 -0.04858900 0.28506401
-0.03358900 -0.04813800 0.28489599
-0.03695100 -0.04530000 0.28797901
-0.03703200 -0.04551900 0.28782699
-0.03676000 -0.04557000 0.28777599
-0.03766100 -0.04544500 0.28803000
-0.03820400 -0.04622400 0.28806299
-0.03796500 -0.04527200 0.28829700
-0.03716400 -0.04538600 0.28795001
-0.03820700 -0.04691600 0.28796700
-0.03794800 -0.04713000 0.28773201
-0.03826000 -0.04731100 0.28794301
-0.03835100 -0.04539800 0.28847900
-0.03884500 -0.04521500 0.28772601
-0.03904500 -0.04570400 0.28765300
-0.03888100 -0.04589400 0.28781900
-0.04051500 -0.04604500 0.28788999
-0.03867100 -0.04649100 0.28796101
-0.03866900 -0.04675000 0.28777900
-0.03854600 -0.04717400 0.28766599
-0.03784500 -0.04935500 0.28766301
-0.03601500 -0.04532500 0.28660500
-0.03625600 -0.04606400 0.28743601
-0.03617800 -0.04592100 0.28751501
-0.03635400 -0.04581700 0.28759000
-0.03632900 -0.04675500 0.28726301
-0.03706500 -0.04751500 0.28728601
-0.03741700 -0.04650800 0.28757000
-0.03924800 -0.04567600 0.28760999
-0.03913700 -0.04572000 0.28762001
-0.03974900 -0.04560400 0.28765100
-0.03936400 -0.04641700 0.28738099
-0.03886900 -0.04716400 0.28725800
-0.03909100 -0.04753200 0.28709000
-0.03905800 -0.04745000 0.28709799
-0.04041700 -0.04733800 0.28747299
-0.04061100 -0.04667800 0.28764001
-0.03661600 -0.04871300 0.28666201
-0.03702800 -0.04785300 0.28717500
-0.03768100 -0.04801000 0.28746200
-0.03727500 -0.04840100 0.28707400
-0.03811800 -0.04857500 0.28745201
-0.03700700 -0.04980300 0.28650901
-0.03695300 -0.04963500 0.28645501
-0.03632800 -0.04954600 0.28604800
-0.03659500 -0.04976100 0.28610700
-0.03673100 -0.04932900 0.28639600
-0.03656300 -0.04912500 0.28640899
-0.03746500 -0.04937600 0.28727800
-0.03733700 -0.04886900 0.28699300
-0.03734100 -0.04926200 0.28698701
-0.03784100 -0.04919600 0.28761801
-0.03819400 -0.04923100 0.28754601
-0.03719300 -0.04952200 0.28679699
-0.03886700 -0.04777300 0.28712299
-0.03931400 -0.04793800 0.28707999
-0.03860000 -0.04844800 0.28725001
-0.03977200 -0.04769500 0.28714699
-0.03850500 -0.04915100 0.28747699
-0.03339500 -0.05016600 0.28864300
-0.03452300 -0.05021300 0.29044700
-0.03448900 -0.05097000 0.28889999
-0.03388400 -0.05074700 0.28843501
-0.03426600 -0.05030600 0.28991401
-0.03420000 -0.05076800 0.28891000
-0.03521400 -0.05080000 0.28983000
-0.03494400 -0.05091900 0.28945699
-0.03326900 -0.05109600 0.28646001
-0.03332300 -0.05070900 0.28741199
-0.03314500 -0.05145300 0.28535700
-0.03303800 -0.05044500 0.28735900
-0.03348900 -0.05125800 0.28656301
-0.03201200 -0.05016300 0.28458700
-0.03211100 -0.05036400 0.28477401
-0.03265700 -0.05096900 0.28443199
-0.03240200 -0.05075600 0.28470001
-0.03296800 -0.05073400 0.28397599
-0.03279800 -0.05011400 0.28385001
-0.03334000 -0.05140400 0.28415701
-0.03302800 -0.05145500 0.28473100
-0.03334500 -0.05172500 0.28502101
-0.03587500 -0.05008200 0.28541899
-0.03416000 -0.05170400 0.28683701
-0.03431800 -0.05190200 0.28660500
-0.03411600 -0.05189000 0.28633901
-0.03435800 -0.05065300 0.28410599
-0.03382900 -0.05066700 0.28385901
-0.03517200 -0.05048000 0.28470701
-0.03531600 -0.05068400 0.28464001
-0.03510600 -0.05057000 0.28461000
-0.03477000 -0.05027100 0.28462499
-0.03383500 -0.05167500 0.28410000
-0.03379600 -0.05202400 0.28449401
-0.03439400 -0.05210400 0.28424501
-0.03372900 -0.05140600 0.28397599
-0.03364000 -0.05120100 0.28391400
-0.03546700 -0.05134400 0.28433499
-0.03481400 -0.05162300 0.28397799
-0.03630600 -0.05050600 0.28555501
-0.03651600 -0.05008800 0.28592601
-0.03667500 -0.05023700 0.28606799
-0.03744300 -0.04990100 0.28728801
-0.04241600 -0.04601900 0.28903499
-0.04227100 -0.04538800 0.28923199
-0.04137500 -0.04535300 0.28863099
-0.04167800 -0.04659100 0.28825200
-0.04074500 -0.04764800 0.28767601
-0.05569100 -0.00684800 0.27969801
-0.05402600 -0.00139600 0.27582201
-0.05504100 -0.00274000 0.27571800
-0.03494800 -0.01651400 0.28377900
-0.03329100 -0.01690600 0.28498399
-0.03260100 -0.01905300 0.28528801
-0.03593100 -0.01675400 0.28305101
-0.03318400 -0.02244600 0.28403199
-0.03539700 -0.02519300 0.28214100
-0.03912200 -0.02404800 0.28461999
-0.03756200 -0.01740500 0.28019801
-0.03859600 -0.01828000 0.28009301
-0.03355000 -0.02359100 0.28092900
-0.03689400 -0.02194300 0.28007001
-0.04846500 -0.01297200 0.28202701
-0.04664500 -0.01590700 0.28381601
-0.05468300 -0.00933200 0.28186199
-0.05712200 -0.00780100 0.28257900
-0.04177100 -0.01874100 0.28326899
-0.04669800 -0.01678200 0.28393900
-0.04921100 -0.01041100 0.28066501
-0.04741300 -0.01084400 0.27808499
-0.04275700 -0.01442000 0.27940401
-0.04280400 -0.01312400 0.27846199
-0.05409800 -0.00793600 0.28048900
-0.05445300 -0.00892400 0.27653599
-0.05362500 -0.00935200 0.27612901
-0.06268000 -0.00214300 0.28075099
-0.06173800 -0.00125000 0.27656600
-0.06168200 -0.00314700 0.28133899
-0.06139100 0.00130200 0.27246800
-0.02908400 -0.02669000 0.28691301
-0.02980300 -0.02966800 0.28604400
-0.03109500 -0.03029500 0.28280100
-0.03414800 -0.02994800 0.28474101
-0.03643500 -0.02732200 0.28489101
-0.03409700 -0.03145400 0.28536701
-0.02884400 -0.03785700 0.28818399
-0.03036900 -0.04337500 0.28958201
-0.02898300 -0.03772100 0.28347099
-0.02984300 -0.03800500 0.28256100
-0.03102000 -0.04312400 0.28478801
-0.03594500 -0.03685300 0.28761601
-0.03237900 -0.03741100 0.28590301
-0.03435100 -0.03899000 0.28694299
-0.03277100 -0.04130400 0.28647500
-0.03449300 -0.04160900 0.28674200
-0.03643000 -0.04362400 0.28665599
-0.03239000 -0.04695700 0.28871500
-0.03458100 -0.04570600 0.28706700
-0.03682400 -0.04548900 0.28784001
-0.03837000 -0.04741400 0.28821999
-0.03890600 -0.04759400 0.28712401
-0.03237600 -0.05024500 0.28413099
-0.03805900 -0.04893800 0.28749901
-0.03128000 -0.04259500 0.28526601
-0.03222500 -0.04189200 0.28656301
-0.05436500 -0.00851800 0.28073099
-0.05601900 -0.00637100 0.27913800
-0.05016500 -0.01032800 0.28079900
-0.04857300 -0.01129600 0.27888399
-0.05412400 -0.00797700 0.28076601
-0.03560000 -0.04352300 0.28731599
-0.03558100 -0.04333600 0.28746301
-0.03541000 -0.04165700 0.28724101
-0.03511500 -0.04159100 0.28705400
-0.03647400 -0.04563300 0.28770301
-0.03368400 -0.04040500 0.28657401
-0.03484300 -0.04118000 0.28655699
-0.03737300 -0.04509600 0.28820500
-0.04486300 -0.00772200 0.27806300
-0.04530700 -0.00897500 0.27677900
-0.05978200 0.00020000 0.27210999
-0.03410100 -0.03153200 0.28544700
-0.03012600 -0.02613900 0.28001699
-0.04816800 -0.01347300 0.27779701
-0.03301200 -0.03059000 0.28501400
-0.03827600 -0.02606200 0.28498000
-0.05619500 -0.00598300 0.27868399
-0.04112200 -0.02040300 0.28363100
-0.03635000 -0.02764300 0.28496900
-0.05405700 -0.00943000 0.28122699
-0.04849300 -0.01269500 0.28162801
-0.06198000 -0.00143600 0.27737299
-0.04843700 -0.01163700 0.28113100
-0.03533400 -0.03242500 0.28575301
-0.03033900 -0.04348500 0.28394800
-0.03834200 -0.01181600 0.27849099
-0.02908700 -0.03753000 0.28683999
-0.03485400 -0.01677000 0.28406101
-0.03258800 -0.01973800 0.28507701
-0.02883200 -0.03776800 0.28761801
-0.03048700 -0.02305600 0.28652701
-0.02995900 -0.04385500 0.28322500
-0.04380800 -0.01891300 0.27859300
-0.02909500 -0.04381100 0.28462100
-0.02984700 -0.04291800 0.28687099
-0.02976300 -0.04274700 0.28687200
-0.02945200 -0.04367400 0.28292000
-0.03005200 -0.04328600 0.28742701
-0.02934100 -0.04354000 0.28546000
-0.03047300 -0.04240300 0.28784499
-0.03016200 -0.04236300 0.28756401
-0.02971000 -0.04330500 0.28653300
-0.02995400 -0.04299900 0.28703699
-0.03036100 -0.04300800 0.28778899
-0.03034100 -0.03759700 0.28314799
-0.03095400 -0.03734900 0.28423399
-0.03029600 -0.03761900 0.28311899
-0.03081700 -0.03756600 0.28383201
-0.03145900 -0.03691300 0.28537399
-0.03179500 -0.03723300 0.28584400
-0.03159300 -0.03711900 0.28573900
-0.03051900 -0.03012000 0.28279999
-0.03051500 -0.03014200 0.28330401
-0.03056100 -0.02964200 0.28563601
-0.03141700 -0.03035200 0.28301099
-0.03144500 -0.03010300 0.28459001
-0.03035900 -0.02976100 0.28578699
-0.03234700 -0.03041700 0.28408101
-0.03064400 -0.02951000 0.28529900
-0.02995800 -0.03016000 0.28448901
-0.02967500 -0.03014200 0.28547400
-0.03089900 -0.03032200 0.28336000
-0.03157400 -0.03041400 0.28329200
-0.02981700 -0.03006600 0.28583401
-0.03179300 -0.03037600 0.28355399
-0.03042600 -0.03016200 0.28336301
-0.03088200 -0.03011100 0.28410700
-0.03147800 -0.03035100 0.28370601
-0.03122500 -0.03032900 0.28316000
-0.03023800 -0.03015300 0.28445101
-0.03031100 -0.03006700 0.28535300
-0.03082500 -0.02979400 0.28494301
-0.03083200 -0.03029100 0.28337300
-0.03017800 -0.03006800 0.28551701
-0.03116800 -0.03031500 0.28316101
-0.03051200 -0.03014800 0.28484800
-0.03191800 -0.03031700 0.28395399
-0.03167300 -0.03020800 0.28447899
-0.02995500 -0.03011300 0.28530401
-0.03149400 -0.03020300 0.28415000
-0.03078800 -0.03020900 0.28386000
-0.03056800 -0.02964300 0.28492400
-0.03228700 -0.03064100 0.28365001
-0.03057500 -0.02993100 0.28556201
-0.03261500 -0.04783500 0.28462601
-0.03155200 -0.04862500 0.28543901
-0.03158000 -0.04876200 0.28439400
-0.03151300 -0.04844700 0.28526199
-0.03176200 -0.04812100 0.28621700
-0.03167200 -0.04841200 0.28585699
-0.03252900 -0.04707800 0.28820601
-0.03155800 -0.04845300 0.28548399
-0.03247500 -0.04773700 0.28781700
-0.03198700 -0.04796200 0.28674299
-0.04672200 -0.01620000 0.28395101
-0.03868100 -0.01825000 0.27997300
-0.04579300 -0.01663400 0.28427601
-0.04285700 -0.01866800 0.28354999
-0.03713000 -0.01731600 0.28080100
-0.04805800 -0.01417900 0.28256899
-0.04014200 -0.01897800 0.28082001
-0.04403200 -0.01788700 0.28450501
-0.03806200 -0.01790600 0.27980801
-0.03743600 -0.01691000 0.28110000
-0.04569100 -0.01719000 0.28428701
-0.04695200 -0.01573000 0.28383601
-0.04090700 -0.01903200 0.28132999
-0.04065200 -0.01944700 0.28145799
-0.04798100 -0.01428700 0.28270599
-0.04051100 -0.01915900 0.28068599
-0.03700100 -0.01696400 0.28231701
-0.04546700 -0.01699600 0.28443599
-0.03740800 -0.01697900 0.28082299
-0.04018600 -0.01894100 0.28098601
-0.04138200 -0.01854500 0.28300899
-0.04181200 -0.01861300 0.28292000
-0.04092900 -0.01866200 0.28300199
-0.04071500 -0.01948100 0.28167900
-0.04242500 -0.01866300 0.28322101
-0.04447000 -0.01781600 0.28444201
-0.03718200 -0.01690000 0.28246999
-0.03699600 -0.01709900 0.28157800
-0.03742700 -0.01707900 0.28080800
-0.04060500 -0.01923200 0.28204301
-0.03742700 -0.01683100 0.28219399
-0.04062100 -0.01925400 0.28235200
-0.04122200 -0.01898900 0.28174299
-0.04476400 -0.01779700 0.28433800
-0.04148100 -0.01927700 0.28134701
-0.04050900 -0.01912100 0.28181401
-0.04172400 -0.01883000 0.28238201
-0.04081600 -0.01872300 0.28238001
-0.04126000 -0.01870900 0.28239599
-0.04054800 -0.01902100 0.28267100
-0.04058600 -0.01878100 0.28213099
-0.04600600 -0.01653100 0.28402901
-0.04807100 -0.01412300 0.28281701
-0.04074300 -0.01919300 0.28091699
-0.03778100 -0.01798000 0.27985600
-0.03810600 -0.04791100 0.28778800
-0.03777400 -0.04829400 0.28759500
-0.03832400 -0.04744500 0.28783801
-0.03604900 -0.02481000 0.28203201
-0.03433900 -0.02415500 0.28094199
-0.03630200 -0.02469200 0.28275299
-0.03578000 -0.02427300 0.28388801
-0.03278300 -0.02302200 0.28365999
-0.03565700 -0.02427200 0.28352401
-0.03457300 -0.02447100 0.28153899
-0.03303500 -0.02306400 0.28323701
-0.03287000 -0.02300500 0.28380099
-0.03556400 -0.02459800 0.28378001
-0.03631600 -0.02435500 0.28342900
-0.03545100 -0.02491300 0.28283599
-0.03554300 -0.02498300 0.28303000
-0.03570500 -0.02442300 0.28308699
-0.03337300 -0.02258800 0.28347600
