-0.02809900 -0.02407800 0.28852099
-0.02783100 -0.02569600 0.28873801
-0.02797400 -0.02464800 0.28847700
-0.02819900 -0.02442200 0.28785801
-0.02884000 -0.02386900 0.28740501
-0.02934300 -0.02371800 0.28725600
-0.02913300 -0.02428100 0.28741300
-0.02797700 -0.02522300 0.28791100
-0.02785200 -0.02550600 0.28834799
-0.02843900 -0.02491700 0.28746799
-0.02848200 -0.02561100 0.28727201
-0.02827600 -0.02598800 0.28731701
-0.02822500 -0.02604300 0.28735501
-0.02915300 -0.02516100 0.28740799
-0.02867800 -0.02576300 0.28726199
-0.02914000 -0.02573100 0.28728199
-0.02962000 -0.02382200 0.28651699
-0.02919100 -0.02433600 0.28614300
-0.02922900 -0.02435500 0.28646001
-0.02907500 -0.02445100 0.28583801
-0.02897900 -0.02499100 0.28638399
-0.02904600 -0.02526000 0.28688899
-0.02883700 -0.02485600 0.28533199
-0.02888100 -0.02477900 0.28481999
-0.02899300 -0.02454600 0.28496400
-0.02918600 -0.02426900 0.28580400
-0.02892600 -0.02468600 0.28485301
-0.02879800 -0.02493300 0.28516299
-0.02873500 -0.02521000 0.28531200
-0.02866000 -0.02554100 0.28475699
-0.02972200 -0.02393500 0.28388000
-0.02920200 -0.02447300 0.28412101
-0.02914700 -0.02457400 0.28409401
-0.02928400 -0.02428500 0.28431800
-0.02908000 -0.02457600 0.28437701
-0.02867800 -0.02574200 0.28417900
-0.03006100 -0.02390000 0.28321400
-0.02940000 -0.02506900 0.28237900
-0.02956500 -0.02483700 0.28238201
-0.02970800 -0.02441100 0.28285801
-0.02912200 -0.02522900 0.28297400
-0.03100000 -0.02393600 0.28196999
-0.03065000 -0.02395400 0.28229401
-0.03025600 -0.02402000 0.28265399
-0.02988200 -0.02451100 0.28233999
-0.03310300 -0.02285700 0.28401399
-0.03208500 -0.02335600 0.28247800
-0.03206800 -0.02321500 0.28287199
-0.03289800 -0.02317300 0.28282499
-0.03283000 -0.02332600 0.28221399
-0.03236500 -0.02338100 0.28226599
-0.03312300 -0.02343900 0.28189600
-0.03577000 -0.02525700 0.28333899
-0.03516200 -0.02451500 0.28188601
-0.03564400 -0.02464500 0.28205499
-0.03572400 -0.02544900 0.28263801
-0.03532600 -0.02524900 0.28195101
-0.03509200 -0.02491800 0.28185299
-0.03537100 -0.02531000 0.28197801
-0.03574200 -0.02577300 0.28228101
-0.04037700 -0.02294500 0.28451300
-0.04011400 -0.02349400 0.28488001
-0.04033100 -0.02357800 0.28492701
-0.04066000 -0.02357300 0.28500500
-0.03814900 -0.02456600 0.28448001
-0.03821700 -0.02553800 0.28463101
-0.04041700 -0.02456600 0.28595299
-0.04006400 -0.02507300 0.28640401
-0.04022200 -0.02474100 0.28597200
-0.03919600 -0.02413400 0.28475299
-0.03842300 -0.02438900 0.28452599
-0.03891000 -0.02454600 0.28470001
-0.03944600 -0.02442700 0.28484800
-0.04069800 -0.02395400 0.28539801
-0.03992600 -0.02466300 0.28525600
-0.03968200 -0.02426300 0.28488401
-0.03981000 -0.02369200 0.28485301
-0.04054500 -0.02377000 0.28505200
-0.03841100 -0.02510900 0.28456199
-0.03895400 -0.02591200 0.28559801
-0.03876100 -0.02572600 0.28517300
-0.03912600 -0.02499000 0.28484699
-0.03975600 -0.02493300 0.28546399
-0.03838600 -0.02492300 0.28454500
-0.04022600 -0.02362700 0.28268999
-0.04037100 -0.02325500 0.28369901
-0.04021900 -0.02356100 0.28199199
-0.03617000 -0.02440400 0.28399199
-0.03629100 -0.02463300 0.28401199
-0.03654900 -0.02447300 0.28405100
-0.03710800 -0.02476800 0.28411701
-0.03675900 -0.02446400 0.28361499
-0.03756200 -0.02456100 0.28424501
-0.03755100 -0.02450100 0.28399301
-0.03811600 -0.02445600 0.28441301
-0.03735100 -0.02462600 0.28345099
-0.03631400 -0.02510400 0.28414199
-0.03630100 -0.02496400 0.28408900
-0.03699800 -0.02533600 0.28418699
-0.03619600 -0.02559600 0.28436300
-0.03691400 -0.02564400 0.28427500
-0.03603700 -0.02560900 0.28369001
-0.03729100 -0.02518800 0.28420901
-0.03773400 -0.02510600 0.28432101
-0.03749100 -0.02494700 0.28424099
-0.03700500 -0.02478500 0.28293300
-0.03696100 -0.02491900 0.28249499
-0.03628200 -0.02491100 0.28198999
-0.03670200 -0.02495800 0.28224000
-0.03755500 -0.02496000 0.28251001
-0.03785400 -0.02491100 0.28265199
-0.03843700 -0.02481600 0.28258500
-0.03918800 -0.02452300 0.28260601
-0.03852100 -0.02484600 0.28229001
-0.03909600 -0.02456400 0.28264701
-0.03992000 -0.02389300 0.28188801
-0.03945400 -0.02435700 0.28214201
-0.03967500 -0.02413500 0.28305700
-0.03912600 -0.02458100 0.28213099
-0.03077300 -0.02481900 0.28070900
-0.03112300 -0.02466700 0.28068799
-0.03048000 -0.02438400 0.28170300
-0.03001300 -0.02488400 0.28148001
-0.02957100 -0.02582700 0.28095800
-0.02987200 -0.02554100 0.28072801
-0.02946900 -0.02599300 0.28100899
-0.02964500 -0.02562800 0.28102899
-0.03115000 -0.02526600 0.28015399
-0.03037300 -0.02555500 0.28019199
-0.04066900 -0.02123100 0.28056401
-0.03280200 -0.02357200 0.28164700
-0.03325300 -0.02322700 0.28139499
-0.03301300 -0.02351200 0.28171101
-0.03333100 -0.02335600 0.28124201
-0.03352100 -0.02358900 0.28113300
-0.03373900 -0.02299800 0.28009099
-0.03404200 -0.02362900 0.28039601
-0.03401300 -0.02350000 0.28030401
-0.03579800 -0.02293200 0.28068799
-0.03551400 -0.02265600 0.28038901
-0.03165200 -0.02431300 0.28087899
-0.03176300 -0.02462400 0.28052700
-0.03168500 -0.02379500 0.28170899
-0.03149500 -0.02443000 0.28079900
-0.03327200 -0.02370700 0.28138500
-0.03350500 -0.02406600 0.28104401
-0.03291200 -0.02409000 0.28088099
-0.03197600 -0.02545000 0.28010300
-0.03280800 -0.02563200 0.28054801
-0.03306200 -0.02501000 0.28062901
-0.03120000 -0.02579800 0.27988699
-0.03400300 -0.02397400 0.28093299
-0.03442300 -0.02411500 0.28081501
-0.03357200 -0.02477100 0.28096300
-0.03578700 -0.02480600 0.28159299
-0.03553100 -0.02463900 0.28114799
-0.03533300 -0.02410600 0.28077501
-0.03571500 -0.02443600 0.28090400
-0.03510900 -0.02450900 0.28107700
-0.03580800 -0.02430900 0.28083599
-0.03406500 -0.02582500 0.28180599
-0.03490500 -0.02499700 0.28167599
-0.03830400 -0.02180200 0.28060800
-0.03597500 -0.02302600 0.28073901
-0.03814500 -0.02290500 0.27991399
-0.03830000 -0.02285900 0.27997899
-0.03949300 -0.02140600 0.28030100
-0.03908600 -0.02214600 0.28050101
-0.04033600 -0.02239900 0.28097600
-0.03999600 -0.02190800 0.28047499
-0.04018600 -0.02203900 0.28063399
-0.04022000 -0.02132500 0.28024501
-0.03912900 -0.02271800 0.28033900
-0.04047700 -0.02254400 0.28129700
-0.03999400 -0.02341900 0.28121001
-0.04029800 -0.02315200 0.28149700
-0.03984700 -0.02339100 0.28097001
-0.03967700 -0.02360900 0.28093201
-0.04011700 -0.02267600 0.28088799
-0.03594900 -0.02465000 0.28098500
-0.03612600 -0.02463800 0.28090900
-0.03669900 -0.02447300 0.28059900
-0.03639600 -0.02461800 0.28079101
-0.03701900 -0.02474600 0.28059599
-0.03721400 -0.02460900 0.28039500
-0.03819300 -0.02449400 0.28014600
-0.03644400 -0.02497700 0.28118399
-0.03620100 -0.02492300 0.28137699
-0.03696400 -0.02509500 0.28156000
-0.03803500 -0.02490900 0.28061399
-0.03729500 -0.02511600 0.28120300
-0.03778900 -0.02509800 0.28159699
-0.03732100 -0.02507600 0.28095099
-0.03743300 -0.02393700 0.27994901
-0.03871900 -0.02465700 0.28103900
-0.03853100 -0.02485100 0.28135699
-0.03923800 -0.02438700 0.28141400
-0.03908100 -0.02389300 0.28048199
-0.03907000 -0.02420900 0.28074801
-0.03847300 -0.02461800 0.28054699
-0.03837200 -0.02441700 0.28021500
-0.03988600 -0.02383600 0.28160599
-0.03986800 -0.02368500 0.28130701
-0.04417500 -0.02016500 0.28519100
-0.04428700 -0.01987200 0.28472200
-0.04288600 -0.02105600 0.28503999
-0.04366400 -0.02032600 0.28488001
-0.04496100 -0.01952200 0.28477100
-0.04332900 -0.02053100 0.28488401
-0.04118000 -0.02126400 0.28412801
-0.04169000 -0.02124700 0.28413200
-0.04112600 -0.02096100 0.28365099
-0.04237600 -0.02040400 0.28391099
-0.04279100 -0.02054500 0.28436700
-0.04119800 -0.02112300 0.28217399
-0.04119700 -0.02086600 0.28294501
-0.04118900 -0.02068300 0.28294799
-0.04101800 -0.02215000 0.28454199
-0.04099700 -0.02244700 0.28465000
-0.04207000 -0.02203500 0.28493801
-0.04181800 -0.02238500 0.28496301
-0.04226400 -0.02188900 0.28512299
-0.04116200 -0.02349800 0.28554800
-0.04089600 -0.02309900 0.28483999
-0.04141400 -0.02276300 0.28489101
-0.04128000 -0.02257600 0.28472701
-0.04190600 -0.02268300 0.28558999
-0.04229300 -0.02155300 0.28477100
-0.04104400 -0.02150700 0.28393701
-0.04119700 -0.02155700 0.28427699
-0.04104900 -0.02165800 0.28373501
-0.04072400 -0.02284100 0.28325799
-0.04117200 -0.02149800 0.28245500
-0.04089600 -0.02246900 0.28266400
-0.04109900 -0.02177900 0.28233200
-0.04116500 -0.02144800 0.28221300
-0.04072100 -0.02253800 0.28179401
-0.04070500 -0.02210600 0.28128999
-0.02786900 -0.02647400 0.28854501
-0.02780500 -0.02672600 0.28892401
-0.02728700 -0.02841300 0.28897399
-0.02789900 -0.02623700 0.28793201
-0.02787800 -0.02647800 0.28838700
-0.02829100 -0.02627000 0.28726301
-0.02853100 -0.02610200 0.28714299
-0.02813200 -0.02687200 0.28730601
-0.02819100 -0.02788100 0.28719899
-0.02809400 -0.02831800 0.28730199
-0.02750200 -0.02844500 0.28833100
-0.02715000 -0.02865600 0.28921100
-0.02711600 -0.02870600 0.28924999
-0.02707600 -0.02881700 0.28928000
-0.02719900 -0.02887400 0.28885600
-0.02727100 -0.02945000 0.28865501
-0.02686500 -0.03012300 0.28933501
-0.02727600 -0.03069400 0.28915900
-0.02795000 -0.03020500 0.28868800
-0.02777700 -0.03032800 0.28884801
-0.02837700 -0.03052000 0.28876999
-0.02747000 -0.02900900 0.28822100
-0.02842000 -0.02953800 0.28733599
-0.02804700 -0.02907500 0.28735700
-0.02804000 -0.02963000 0.28785700
-0.02789500 -0.02973600 0.28811401
-0.02805300 -0.03002600 0.28839701
-0.02874300 -0.03005500 0.28818500
-0.02851100 -0.03046700 0.28780401
-0.02866700 -0.02980600 0.28768101
-0.02861000 -0.03041800 0.28742200
-0.02892700 -0.02972500 0.28719199
-0.02631900 -0.03288800 0.28987300
-0.02626700 -0.03241000 0.28996801
-0.02640000 -0.03404900 0.28973699
-0.02684300 -0.03123200 0.28954101
-0.02705600 -0.03099500 0.28938299
-0.02689700 -0.03130700 0.28953201
-0.02707200 -0.03116500 0.28941700
-0.02673200 -0.03198300 0.28969499
-0.02708600 -0.03170400 0.28955999
-0.02734300 -0.03106400 0.28935099
-0.02790700 -0.03137700 0.28955901
-0.02794500 -0.03118700 0.28875101
-0.02765700 -0.03195300 0.28875801
-0.02668000 -0.03213600 0.28970101
-0.02680300 -0.03242600 0.28960800
-0.02692300 -0.03255500 0.28960001
-0.02657100 -0.03281800 0.28967300
-0.02653100 -0.03301300 0.28967300
-0.02670600 -0.03311500 0.28957900
-0.02761400 -0.03238700 0.28909701
-0.02758400 -0.03244400 0.28889000
-0.02762400 -0.03314800 0.28944299
-0.02758900 -0.03320200 0.28923500
-0.02780700 -0.03158600 0.28726599
-0.02794200 -0.03124200 0.28791499
-0.02765700 -0.03185400 0.28810999
-0.02756300 -0.03222400 0.28834301
-0.02766300 -0.03191800 0.28744799
-0.02658900 -0.03344700 0.28954199
-0.02671800 -0.03343400 0.28950199
-0.02685600 -0.03357400 0.28944299
-0.02699800 -0.03380000 0.28940600
-0.02671900 -0.03437100 0.28917700
-0.02703800 -0.03423900 0.28919199
-0.02761800 -0.03336600 0.28933901
-0.02767400 -0.03393600 0.28904399
-0.02760900 -0.03380700 0.28894699
-0.02770300 -0.03444400 0.28845799
-0.02652300 -0.03511800 0.28963500
-0.02661300 -0.03496700 0.28909001
-0.02700500 -0.03474700 0.28887200
-0.02673400 -0.03523600 0.28884399
-0.02669400 -0.03546800 0.28890601
-0.02694000 -0.03530600 0.28858399
-0.02779300 -0.03454500 0.28856999
-0.02746900 -0.03408800 0.28794101
-0.02744100 -0.03378400 0.28805599
-0.02772300 -0.03469900 0.28809401
-0.02776100 -0.03467500 0.28825501
-0.02761000 -0.03535300 0.28825301
-0.02797200 -0.03513100 0.28804299
-0.02739100 -0.03455000 0.28719199
-0.02800800 -0.03538300 0.28770399
-0.02872900 -0.02646700 0.28704101
-0.02843900 -0.02721900 0.28689599
-0.02852500 -0.02687000 0.28689200
-0.02859900 -0.02702900 0.28680199
-0.02888000 -0.02695500 0.28590700
-0.02914100 -0.02665800 0.28681701
-0.02911100 -0.02669800 0.28670901
-0.02910800 -0.02715600 0.28635699
-0.02844800 -0.02736300 0.28686801
-0.02856000 -0.02811000 0.28662899
-0.02899300 -0.02743200 0.28663099
-0.02895700 -0.02836000 0.28627101
-0.02859000 -0.02628200 0.28479099
-0.02878100 -0.02739200 0.28513601
-0.02877900 -0.02717000 0.28533301
-0.02888900 -0.02764700 0.28528601
-0.02863600 -0.02676900 0.28492901
-0.02849400 -0.02935300 0.28698099
-0.02872900 -0.02944700 0.28682801
-0.02889100 -0.02963500 0.28699401
-0.02916600 -0.02962700 0.28660300
-0.02899100 -0.02919200 0.28629601
-0.02895200 -0.02918800 0.28632501
-0.02965300 -0.02959700 0.28611100
-0.02860800 -0.03060700 0.28606701
-0.02913800 -0.02976100 0.28703201
-0.02933400 -0.02975800 0.28669500
-0.02935500 -0.02867500 0.28489199
-0.02965900 -0.02868800 0.28545600
-0.02920500 -0.03028700 0.28566000
-0.02876900 -0.03064100 0.28498900
-0.02952000 -0.03027400 0.28476599
-0.02852800 -0.03083600 0.28505099
-0.02974300 -0.02911000 0.28583100
-0.02986300 -0.02977500 0.28608999
-0.02990800 -0.02887200 0.28566799
-0.03011100 -0.02939900 0.28574201
-0.03000700 -0.02935500 0.28476101
-0.02856300 -0.02741100 0.28327101
-0.02857300 -0.02700000 0.28328300
-0.02860700 -0.02750800 0.28411400
-0.02887400 -0.02814300 0.28444701
-0.02859200 -0.02792900 0.28272799
-0.02864000 -0.02668300 0.28294700
-0.02868100 -0.02655400 0.28286099
-0.02863600 -0.02779700 0.28238699
-0.02871800 -0.02844200 0.28308100
-0.02890600 -0.02865600 0.28355199
-0.02882800 -0.02862200 0.28323999
-0.02915000 -0.02877200 0.28423899
-0.02898900 -0.02881700 0.28350300
-0.02887700 -0.03078400 0.28416601
-0.02912800 -0.03061800 0.28410000
-0.02912700 -0.03075400 0.28355101
-0.02890900 -0.02888300 0.28280899
-0.02897400 -0.02894800 0.28298599
-0.02924300 -0.02933200 0.28258500
-0.02944800 -0.02946800 0.28232399
-0.02921200 -0.02929100 0.28248999
-0.02947500 -0.03070900 0.28283799
-0.02969400 -0.02930400 0.28436700
-0.02979500 -0.03027900 0.28383401
-0.02982700 -0.02974400 0.28330499
-0.03022000 -0.02997000 0.28331599
-0.02989900 -0.03034400 0.28332701
-0.03004100 -0.02938800 0.28196099
-0.02992400 -0.02924300 0.28184500
-0.03045300 -0.02909400 0.28188601
-0.02987000 -0.02982200 0.28289199
-0.03019000 -0.02991800 0.28248000
-0.03007000 -0.02968100 0.28220001
-0.03039400 -0.02993500 0.28240201
-0.03084000 -0.03010900 0.28251401
-0.03091500 -0.03075600 0.28235200
-0.02787400 -0.03143400 0.28608599
-0.02759700 -0.03201300 0.28640300
-0.02787900 -0.03144400 0.28652301
-0.02776200 -0.03165500 0.28586999
-0.02740000 -0.03270600 0.28641000
-0.02738600 -0.03285400 0.28584099
-0.02768500 -0.03194800 0.28510001
-0.02785900 -0.03151600 0.28559500
-0.02816700 -0.03127700 0.28481299
-0.02777000 -0.03166600 0.28567800
-0.02777100 -0.03167700 0.28560099
-0.02744100 -0.03259700 0.28514501
-0.02722800 -0.03412100 0.28625301
-0.02725000 -0.03436200 0.28647000
-0.02722700 -0.03415400 0.28588799
-0.02731100 -0.03443000 0.28694400
-0.02734200 -0.03476300 0.28661701
-0.02732600 -0.03482000 0.28628099
-0.02721800 -0.03396300 0.28518501
-0.02727500 -0.03340900 0.28458399
-0.02721800 -0.03417800 0.28538501
-0.02731000 -0.03500700 0.28480300
-0.02743800 -0.03529600 0.28555700
-0.02817100 -0.03153500 0.28372699
-0.02900300 -0.03095400 0.28321099
-0.02871500 -0.03095400 0.28400499
-0.02775700 -0.03198400 0.28405800
-0.02870700 -0.03124300 0.28314400
-0.02758900 -0.03227500 0.28420600
-0.02755500 -0.03242000 0.28400901
-0.02753200 -0.03267500 0.28363001
-0.02815300 -0.03183700 0.28298199
-0.02761500 -0.03322600 0.28219101
-0.02863200 -0.03154700 0.28251201
-0.02854800 -0.03155600 0.28269300
-0.02840800 -0.03214900 0.28180799
-0.02799400 -0.03207200 0.28289700
-0.02767700 -0.03274800 0.28262100
-0.02811300 -0.03251300 0.28184199
-0.02924800 -0.03106000 0.28235599
-0.03072800 -0.03134900 0.28192100
-0.03087400 -0.03249700 0.28202599
-0.02764000 -0.03502400 0.28191501
-0.02735100 -0.03451900 0.28300399
-0.02768300 -0.03550600 0.28291100
-0.02730500 -0.03492000 0.28433999
-0.02750800 -0.03324500 0.28279200
-0.02726700 -0.03451400 0.28398699
-0.02749900 -0.03458100 0.28204599
-0.02763700 -0.03523300 0.28232801
-0.02742500 -0.03494100 0.28301400
-0.02739600 -0.03493300 0.28331101
-0.02754600 -0.03486300 0.28210801
-0.03080300 -0.03558300 0.28259799
-0.03117000 -0.03529000 0.28290099
-0.03737900 -0.03056300 0.28731999
-0.03718600 -0.03110400 0.28718600
-0.03712400 -0.03164500 0.28717801
-0.03710900 -0.03178100 0.28718400
-0.03713000 -0.03405200 0.28786299
-0.03686800 -0.03461200 0.28776199
-0.03688500 -0.03354300 0.28720200
-0.03356300 -0.03020900 0.28493500
-0.03344400 -0.03013100 0.28477201
-0.03325500 -0.03082900 0.28503099
-0.03382500 -0.03006300 0.28452399
-0.03408700 -0.03068900 0.28483301
-0.03359000 -0.03073800 0.28494999
-0.03441700 -0.03022700 0.28490600
-0.03470900 -0.03021800 0.28494400
-0.03431400 -0.03030300 0.28487399
-0.03523200 -0.02943800 0.28517401
-0.03531500 -0.02923300 0.28474000
-0.03573700 -0.02899400 0.28526801
-0.03548300 -0.02919100 0.28522500
-0.03546300 -0.02939400 0.28522801
-0.03587500 -0.02931800 0.28532600
-0.03559200 -0.03070100 0.28538600
-0.03526700 -0.03026500 0.28516299
-0.03566500 -0.02993000 0.28533000
-0.03487300 -0.03080900 0.28497699
-0.03456200 -0.02620700 0.28189099
-0.03489200 -0.02675000 0.28191000
-0.03591800 -0.02716000 0.28216401
-0.03576500 -0.02641700 0.28211400
-0.03402000 -0.02743900 0.28185901
-0.03578200 -0.02734900 0.28201500
-0.03559000 -0.02837000 0.28222799
-0.03576700 -0.02809600 0.28223401
-0.03222000 -0.03035500 0.28321800
-0.03208200 -0.03077500 0.28324500
-0.03267900 -0.03027900 0.28429899
-0.03272500 -0.03030700 0.28404301
-0.03321200 -0.03025700 0.28404501
-0.03286400 -0.03032700 0.28336799
-0.03352600 -0.03024500 0.28352699
-0.03138600 -0.02950100 0.28219900
-0.03180900 -0.02889500 0.28199700
-0.03163600 -0.03059500 0.28298900
-0.03201800 -0.03035000 0.28307599
-0.03180300 -0.03027600 0.28269199
-0.03177800 -0.02974700 0.28221399
-0.03200800 -0.03016900 0.28243700
-0.03345500 -0.03017300 0.28277600
-0.03255700 -0.03034100 0.28308901
-0.03272200 -0.03010500 0.28229299
-0.03274200 -0.03015300 0.28238401
-0.03259200 -0.02980400 0.28197899
-0.03506000 -0.02946300 0.28347999
-0.03365900 -0.03014900 0.28418899
-0.03369900 -0.03019200 0.28359300
-0.03484200 -0.02962800 0.28410101
-0.03511600 -0.02940300 0.28341800
-0.03499900 -0.02953300 0.28361800
-0.03494200 -0.02897800 0.28211701
-0.03429800 -0.02938300 0.28199601
-0.03512500 -0.02924000 0.28278100
-0.03370600 -0.02982700 0.28219801
-0.03433100 -0.02961900 0.28241199
-0.03474300 -0.02915100 0.28211501
-0.03545600 -0.02849500 0.28218600
-0.03523100 -0.02895100 0.28242499
-0.03513500 -0.02894600 0.28228801
-0.03832000 -0.02752900 0.28595901
-0.03803700 -0.02807400 0.28594401
-0.03823100 -0.02813600 0.28638399
-0.03644800 -0.02658100 0.28471100
-0.03670300 -0.02704700 0.28495300
-0.03686900 -0.02709200 0.28495401
-0.03789700 -0.02652800 0.28502101
-0.03807700 -0.02641100 0.28505701
-0.03624400 -0.02815500 0.28525200
-0.03601900 -0.02840300 0.28521600
-0.03673700 -0.02832800 0.28534800
-0.03637000 -0.02764900 0.28505501
-0.03798100 -0.02773900 0.28566599
-0.03788000 -0.02803900 0.28575301
-0.03884200 -0.02697000 0.28646299
-0.03853400 -0.02740700 0.28623301
-0.03874800 -0.02749300 0.28683800
-0.03855900 -0.02648000 0.28560200
-0.03871800 -0.02712300 0.28637299
-0.03835300 -0.02671900 0.28551099
-0.03714800 -0.03033000 0.28667000
-0.03740000 -0.02910700 0.28594601
-0.03704000 -0.03040800 0.28654701
-0.03695600 -0.03022100 0.28623900
-0.03692300 -0.03021800 0.28618699
-0.03742300 -0.02913300 0.28599301
-0.03778400 -0.02863500 0.28606001
-0.03754100 -0.02961500 0.28670701
-0.03772200 -0.02904300 0.28637400
-0.03676100 -0.02972900 0.28576699
-0.03629700 -0.02949500 0.28544801
-0.03640000 -0.02913000 0.28541100
-0.03712700 -0.02918000 0.28575799
-0.03722500 -0.02906000 0.28577200
-0.03600500 -0.02985400 0.28544399
-0.03629400 -0.02685900 0.28327700
-0.03615700 -0.02828500 0.28393099
-0.03622200 -0.02794300 0.28328100
-0.03595600 -0.02656400 0.28233099
-0.03604700 -0.02815100 0.28289601
-0.03624100 -0.02761700 0.28298301
-0.03596100 -0.02690700 0.28226399
-0.03315900 -0.03108300 0.28470901
-0.03318400 -0.03316700 0.28453299
-0.03433100 -0.03200800 0.28608200
-0.03451400 -0.03224300 0.28624901
-0.03433700 -0.03208500 0.28605801
-0.03511000 -0.03283100 0.28683001
-0.03491800 -0.03275400 0.28672600
-0.03582700 -0.03248300 0.28583401
-0.03550000 -0.03289900 0.28613800
-0.03585200 -0.03308000 0.28613600
-0.03557200 -0.03264400 0.28588101
-0.03569000 -0.03278200 0.28599799
-0.03581700 -0.03302200 0.28610900
-0.03419800 -0.03138800 0.28518400
-0.03449700 -0.03176800 0.28570300
-0.03458800 -0.03174300 0.28531399
-0.03418600 -0.03113500 0.28498501
-0.03441300 -0.03137700 0.28508601
-0.03574400 -0.03119900 0.28554901
-0.03499700 -0.03200300 0.28544101
-0.03529700 -0.03204500 0.28541699
-0.03500600 -0.03098100 0.28504801
-0.03390500 -0.03233900 0.28529999
-0.03521400 -0.03222300 0.28558600
-0.03545200 -0.03225500 0.28559801
-0.03563200 -0.03246600 0.28575099
-0.03288700 -0.03497200 0.28481099
-0.03284600 -0.03508800 0.28482899
-0.03317300 -0.03527500 0.28528199
-0.03272500 -0.03560200 0.28498700
-0.03438800 -0.03388700 0.28604999
-0.03428400 -0.03358000 0.28581801
-0.03513400 -0.03370800 0.28703400
-0.03576600 -0.03371900 0.28647500
-0.03511100 -0.03430600 0.28680000
-0.03581400 -0.03397800 0.28654099
-0.03587100 -0.03354200 0.28638899
-0.03585300 -0.03359200 0.28640899
-0.03423000 -0.03474100 0.28624699
-0.03365700 -0.03519400 0.28582001
-0.03516700 -0.03514200 0.28650901
-0.03360600 -0.03489400 0.28553101
-0.03356500 -0.03503600 0.28557101
-0.03281200 -0.03092900 0.28415301
-0.03299200 -0.03183500 0.28404200
-0.03294800 -0.03098200 0.28436100
-0.03272800 -0.03261200 0.28404599
-0.03241900 -0.03257900 0.28380501
-0.03135500 -0.03190100 0.28268301
-0.03152300 -0.03219100 0.28297400
-0.03146100 -0.03450600 0.28269500
-0.03224900 -0.03521300 0.28422400
-0.03164400 -0.03536400 0.28358600
-0.03173100 -0.03485700 0.28332999
-0.03208800 -0.03343700 0.28342700
-0.03229100 -0.03334200 0.28367800
-0.03615200 -0.03138300 0.28591299
-0.03650300 -0.03128100 0.28621101
-0.03604100 -0.03310400 0.28621101
-0.03666500 -0.03230700 0.28659201
-0.03666900 -0.03096700 0.28631300
-0.03703300 -0.03180700 0.28706101
-0.03597000 -0.03168800 0.28578299
-0.03659800 -0.03372200 0.28691000
-0.03597500 -0.03388400 0.28654999
-0.02702500 -0.03757200 0.29029599
-0.02697500 -0.03735300 0.28988701
-0.02707900 -0.03760300 0.28976700
-0.02759300 -0.03828100 0.29001001
-0.02792200 -0.03836300 0.28979900
-0.02885300 -0.03924900 0.28981200
-0.02685400 -0.03665800 0.28968501
-0.02674100 -0.03583700 0.28962001
-0.02673800 -0.03573300 0.28925300
-0.02689600 -0.03595400 0.28867200
-0.02756100 -0.03788300 0.28906900
-0.02700100 -0.03723000 0.28942800
-0.02753700 -0.03792900 0.28923601
-0.02860400 -0.03793800 0.28921399
-0.02822700 -0.03781700 0.28843400
-0.02718600 -0.03630700 0.28810200
-0.02714400 -0.03657900 0.28827801
-0.02733000 -0.03607500 0.28792799
-0.02701700 -0.03594800 0.28837901
-0.02711700 -0.03620400 0.28818601
-0.02751900 -0.03661000 0.28770500
-0.02809100 -0.03583500 0.28767401
-0.02778900 -0.03664400 0.28746200
-0.02754000 -0.03719400 0.28800201
-0.02814400 -0.03771900 0.28818101
-0.02830800 -0.03762900 0.28778699
-0.02851800 -0.03767800 0.28786701
-0.02827500 -0.03724900 0.28722900
-0.02829600 -0.03741600 0.28737101
-0.02800000 -0.03744400 0.28760800
-0.02865500 -0.03748300 0.28726301
-0.02802300 -0.03807100 0.28919399
-0.02884800 -0.03853900 0.28955400
-0.02882900 -0.03841800 0.28923601
-0.02864900 -0.03879700 0.28843999
-0.02878400 -0.03830200 0.28851601
-0.02858400 -0.03956300 0.28858399
-0.02876500 -0.03938400 0.28945699
-0.02873000 -0.03819400 0.28774199
-0.02873400 -0.03837400 0.28828600
-0.02883500 -0.03802800 0.28810900
-0.02842700 -0.03973300 0.28765801
-0.02852100 -0.04026600 0.28821900
-0.02896900 -0.04027400 0.28966701
-0.02939300 -0.04085800 0.28984901
-0.02903600 -0.04133900 0.28995499
-0.03007500 -0.04348600 0.28997499
-0.03041200 -0.04348300 0.28982899
-0.03052100 -0.04389000 0.28990000
-0.03057500 -0.04410700 0.29001501
-0.02875400 -0.04090900 0.28859600
-0.02895100 -0.04061100 0.28929999
-0.02915400 -0.04157500 0.28966299
-0.02922500 -0.04133800 0.28884801
-0.02922600 -0.04176000 0.28949001
-0.02935800 -0.04206200 0.28922400
-0.02955300 -0.04279400 0.28931600
-0.02957600 -0.04171900 0.28857100
-0.02857800 -0.04145700 0.28731099
-0.02843500 -0.04088300 0.28733599
-0.02897700 -0.04144100 0.28841799
-0.02941700 -0.04206200 0.28785500
-0.02915900 -0.04178900 0.28812599
-0.03010000 -0.04277000 0.28849500
-0.03025500 -0.04264400 0.28822300
-0.02971800 -0.04307100 0.28945899
-0.02974500 -0.04419600 0.28778201
-0.02971400 -0.04442700 0.28776801
-0.02958100 -0.04500500 0.28711101
-0.03007100 -0.04312400 0.28910300
-0.03010800 -0.04318100 0.28923500
-0.03013700 -0.04325100 0.28941101
-0.03000300 -0.04303100 0.28895000
-0.03014000 -0.04301300 0.28877801
-0.03032800 -0.04299800 0.28854901
-0.03018200 -0.04455800 0.28892201
-0.03023200 -0.04493900 0.28877300
-0.03043100 -0.04430600 0.28963700
-0.03006200 -0.04451900 0.28864801
-0.03002500 -0.04363800 0.28810799
-0.03001500 -0.04475300 0.28842101
-0.02985000 -0.04462300 0.28809601
-0.02819100 -0.03612200 0.28664300
-0.02840100 -0.03640400 0.28634900
-0.02843400 -0.03659700 0.28588599
-0.02895500 -0.03663600 0.28670800
-0.02876300 -0.03664400 0.28621599
-0.02859500 -0.03714800 0.28696400
-0.02886300 -0.03738500 0.28699800
-0.02895700 -0.03706500 0.28677201
-0.02879100 -0.03791700 0.28675899
-0.02896800 -0.03771700 0.28625700
-0.02858000 -0.03672400 0.28577900
-0.02836900 -0.03680900 0.28503299
-0.02851700 -0.03669500 0.28575400
-0.02855200 -0.03686400 0.28527099
-0.02879600 -0.03781900 0.28516501
-0.02866900 -0.03716000 0.28452200
-0.02882200 -0.03705800 0.28504801
-0.02808700 -0.03928400 0.28468800
-0.02820500 -0.03889800 0.28508499
-0.02823200 -0.03884500 0.28523600
-0.02832500 -0.04017800 0.28699699
-0.02839300 -0.03830600 0.28464100
-0.02839000 -0.03865100 0.28623700
-0.02848900 -0.03844400 0.28647000
-0.02832900 -0.03938600 0.28689501
-0.02829500 -0.03992100 0.28682199
-0.02823200 -0.04035600 0.28640401
-0.02811800 -0.04017400 0.28566900
-0.02816200 -0.03910400 0.28516701
-0.02832600 -0.03851800 0.28506601
-0.02771600 -0.03567300 0.28331199
-0.02789700 -0.03610400 0.28351200
-0.02833500 -0.03703500 0.28404799
-0.02840400 -0.03720400 0.28332901
-0.02877200 -0.03723100 0.28442001
-0.02876100 -0.03786300 0.28433001
-0.02857600 -0.03736400 0.28334701
-0.02872900 -0.03797900 0.28355801
-0.02897600 -0.03749900 0.28372300
-0.02790100 -0.03596200 0.28297201
-0.02789300 -0.03591700 0.28287399
-0.02825800 -0.03667400 0.28243700
-0.02867100 -0.03736900 0.28264999
-0.02882800 -0.03747400 0.28281701
-0.02897800 -0.03751900 0.28276399
-0.02918400 -0.03756100 0.28273001
-0.02905600 -0.03736300 0.28226799
-0.02925000 -0.03751300 0.28240001
-0.03092400 -0.03735200 0.28416100
-0.03110200 -0.03748100 0.28433800
-0.03112200 -0.03773000 0.28391200
-0.03091500 -0.03725200 0.28358600
-0.03115600 -0.03685800 0.28343201
-0.03059800 -0.03745100 0.28338900
-0.03057800 -0.03787100 0.28319499
-0.03094300 -0.03775400 0.28370699
-0.03100200 -0.03639800 0.28305799
-0.03055600 -0.03678100 0.28255701
-0.03038000 -0.03567100 0.28209499
-0.02940200 -0.03758800 0.28259701
-0.03009100 -0.03782200 0.28285599
-0.02999600 -0.03759400 0.28271699
-0.03011800 -0.03794000 0.28274801
-0.03022000 -0.03733100 0.28248799
-0.02985700 -0.03731800 0.28216800
-0.02972400 -0.03754900 0.28238899
-0.03078900 -0.03682700 0.28288400
-0.03061700 -0.03733900 0.28309101
-0.03040500 -0.03748000 0.28302500
-0.03029400 -0.03780900 0.28301400
-0.02845100 -0.03830100 0.28337601
-0.02827700 -0.03852300 0.28362799
-0.02821600 -0.03864200 0.28387401
-0.02809900 -0.03914300 0.28443101
-0.02834100 -0.03847400 0.28330901
-0.02805200 -0.03936500 0.28338799
-0.02800300 -0.03960100 0.28409401
-0.02811200 -0.03913200 0.28305200
-0.02817300 -0.03898000 0.28285399
-0.02839200 -0.03888100 0.28218299
-0.02891300 -0.03809200 0.28275499
-0.02900500 -0.03854500 0.28204301
-0.02890400 -0.03869500 0.28195101
-0.02847900 -0.03892800 0.28201300
-0.02807500 -0.03931100 0.28300101
-0.02828900 -0.04022300 0.28183901
-0.02810200 -0.04012100 0.28210500
-0.02828700 -0.04003200 0.28183299
-0.03093400 -0.03986100 0.28394300
-0.03048700 -0.03958500 0.28327799
-0.03089600 -0.03888400 0.28338099
-0.02957100 -0.03853400 0.28201899
-0.02983000 -0.03888800 0.28210300
-0.03082000 -0.03836800 0.28312799
-0.03077700 -0.03818800 0.28313601
-0.03019400 -0.04001500 0.28303099
-0.03019100 -0.03988500 0.28298199
-0.03011700 -0.03949600 0.28267199
-0.02836100 -0.04128800 0.28658199
-0.02831500 -0.04095900 0.28657600
-0.02846800 -0.04220100 0.28602701
-0.02864500 -0.04244200 0.28624001
-0.02916700 -0.04273400 0.28653699
-0.02804100 -0.04084000 0.28469399
-0.02830200 -0.04204700 0.28551400
-0.02813800 -0.04175600 0.28470600
-0.03112600 -0.04280200 0.28512800
-0.02948000 -0.04383900 0.28669101
-0.02910700 -0.04285000 0.28625700
-0.02936800 -0.04478500 0.28657901
-0.02950800 -0.04403800 0.28698701
-0.02931500 -0.04419500 0.28650901
-0.02930400 -0.04473900 0.28638300
-0.02949800 -0.04518500 0.28658101
-0.02845100 -0.04305200 0.28487399
-0.02858900 -0.04285800 0.28549999
-0.02877100 -0.04301600 0.28556699
-0.02875200 -0.04329300 0.28500301
-0.02877900 -0.04350200 0.28457499
-0.02892000 -0.04480100 0.28468701
-0.02891000 -0.04423100 0.28449601
-0.02909000 -0.04413200 0.28551099
-0.02889800 -0.04454000 0.28472999
-0.02895200 -0.04411800 0.28462100
-0.02960300 -0.04517300 0.28697500
-0.03086400 -0.04283800 0.28448400
-0.03095900 -0.04331900 0.28454599
-0.02794600 -0.04087600 0.28366700
-0.02810600 -0.04237700 0.28338599
-0.02814000 -0.04225700 0.28423199
-0.02799900 -0.04137500 0.28267300
-0.02798500 -0.04145600 0.28296700
-0.02830200 -0.04054200 0.28185901
-0.02804100 -0.04118500 0.28243300
-0.02846900 -0.04129000 0.28188401
-0.02901200 -0.04122800 0.28181699
-0.02811800 -0.04234600 0.28297299
-0.02859800 -0.04213100 0.28208801
-0.02843700 -0.04274600 0.28246301
-0.02898500 -0.04263300 0.28212899
-0.02876000 -0.04248900 0.28212601
-0.03026100 -0.04132000 0.28335199
-0.03089100 -0.04274500 0.28433201
-0.03031400 -0.04180600 0.28346699
-0.03039800 -0.04274500 0.28345299
-0.03024800 -0.04228300 0.28331801
-0.03094200 -0.04258400 0.28426000
-0.02965400 -0.04052800 0.28231999
-0.03004400 -0.04126100 0.28303999
-0.03097200 -0.04079800 0.28414500
-0.02994400 -0.04105300 0.28285199
-0.03001100 -0.04235800 0.28297499
-0.02831800 -0.04319500 0.28415301
-0.02838900 -0.04340000 0.28396100
-0.02820600 -0.04305000 0.28317401
-0.02881900 -0.04370700 0.28394899
-0.02902000 -0.04382800 0.28334999
-0.02893500 -0.04514500 0.28418899
-0.02880800 -0.04460800 0.28390101
-0.02887600 -0.04430700 0.28352100
-0.02886100 -0.04440700 0.28343600
-0.02887900 -0.04510800 0.28364000
-0.02881900 -0.04483500 0.28370899
-0.02823500 -0.04305600 0.28302300
-0.02867300 -0.04304200 0.28238100
-0.02896000 -0.04375900 0.28304601
-0.02915200 -0.04350600 0.28251800
-0.02894200 -0.04300300 0.28223801
-0.02910100 -0.04329400 0.28232899
-0.02914000 -0.04441500 0.28308100
-0.02931100 -0.04463700 0.28295201
-0.02926500 -0.04496500 0.28301200
-0.02940600 -0.04409800 0.28303701
-0.03011400 -0.04331700 0.28346899
-0.03031300 -0.04311200 0.28355399
-0.02981900 -0.04360200 0.28340799
-0.02991700 -0.04388500 0.28317100
-0.03021800 -0.04367100 0.28365999
-0.03017100 -0.04384500 0.28339899
-0.03061100 -0.04306300 0.28426301
-0.03061300 -0.04293300 0.28398499
-0.03114600 -0.04377200 0.28436700
-0.03114100 -0.04400600 0.28428999
-0.03040700 -0.04286800 0.28351301
-0.03035300 -0.04439300 0.28319699
-0.03065400 -0.04442100 0.28355601
-0.03114300 -0.04450900 0.28419399
-0.02977800 -0.04301700 0.28261200
-0.02971500 -0.04306700 0.28255299
-0.02958300 -0.04399500 0.28301600
-0.02986200 -0.04390700 0.28313199
-0.02992500 -0.04406300 0.28303599
-0.03031900 -0.04449600 0.28313699
-0.02961300 -0.04465800 0.28285700
-0.02954600 -0.04481500 0.28289500
-0.03574300 -0.03793300 0.28735700
-0.03576600 -0.03848000 0.28734300
-0.03631800 -0.03642200 0.28789601
-0.03660400 -0.03767100 0.28825000
-0.03648100 -0.03569700 0.28782201
-0.03719300 -0.03993800 0.28837600
-0.03668600 -0.04029900 0.28775299
-0.03621500 -0.03936300 0.28776100
-0.03594800 -0.03942200 0.28748199
-0.03652900 -0.03908500 0.28818199
-0.03654100 -0.03813500 0.28819099
-0.03733900 -0.04038300 0.28824899
-0.03458800 -0.04142600 0.28771701
-0.03496400 -0.04152300 0.28718901
-0.03441700 -0.04216000 0.28719899
-0.03496100 -0.04198800 0.28748599
-0.03557000 -0.04197200 0.28763601
-0.03536600 -0.04280500 0.28751001
-0.03553200 -0.04274600 0.28762099
-0.03531900 -0.04310200 0.28744999
-0.03510600 -0.04360700 0.28730199
-0.03509700 -0.04396700 0.28729999
-0.03539500 -0.04290700 0.28752801
-0.03591900 -0.04322400 0.28716001
-0.03496500 -0.04433600 0.28715801
-0.03539700 -0.04409500 0.28742999
-0.03685100 -0.04156100 0.28735000
-0.03689000 -0.04100400 0.28757101
-0.03717600 -0.04075700 0.28791401
-0.03642000 -0.04170200 0.28710899
-0.03725500 -0.04262800 0.28725299
-0.03816600 -0.04241100 0.28811601
-0.03780600 -0.04468800 0.28855401
-0.03771100 -0.04383200 0.28715900
-0.03830000 -0.04282600 0.28801501
-0.03685700 -0.04513600 0.28773099
-0.03747000 -0.04481000 0.28824699
-0.03777800 -0.04475800 0.28783500
-0.03793900 -0.04432500 0.28714901
-0.03832500 -0.04457800 0.28740001
-0.03772700 -0.04474000 0.28742599
-0.03912000 -0.04381100 0.28789300
-0.03929600 -0.04341100 0.28817999
-0.03866300 -0.04504400 0.28790101
-0.03863400 -0.04454000 0.28747001
-0.03847700 -0.04471500 0.28752199
-0.03867900 -0.04471500 0.28755099
-0.03904800 -0.04509100 0.28764400
-0.03169000 -0.03673400 0.28581101
-0.03214300 -0.03679800 0.28591499
-0.03300100 -0.03617700 0.28605801
-0.03261300 -0.03673700 0.28589401
-0.03296600 -0.03653800 0.28593501
-0.03207800 -0.03690900 0.28591499
-0.03201700 -0.03694200 0.28590700
-0.03268300 -0.03707200 0.28592101
-0.03298800 -0.03703600 0.28590199
-0.03201600 -0.03637000 0.28455201
-0.03175600 -0.03672000 0.28556901
-0.03216600 -0.03644400 0.28500101
-0.03190400 -0.03669300 0.28514299
-0.03174000 -0.03680800 0.28493899
-0.03211100 -0.03624100 0.28459400
-0.03233200 -0.03625500 0.28501701
-0.03287000 -0.03591100 0.28554499
-0.03169200 -0.03741000 0.28524199
-0.03136000 -0.03704200 0.28478500
-0.03143100 -0.03747000 0.28477901
-0.03250800 -0.03762200 0.28569800
-0.03356900 -0.03602300 0.28616700
-0.03358600 -0.03653100 0.28590801
-0.03559000 -0.03566300 0.28687799
-0.03481300 -0.03621800 0.28639701
-0.03431600 -0.03691500 0.28617600
-0.03531200 -0.03780000 0.28694299
-0.03226200 -0.03851400 0.28502899
-0.03219400 -0.03988800 0.28528199
-0.03222800 -0.04023800 0.28539100
-0.03294400 -0.04004900 0.28599301
-0.03290000 -0.03839600 0.28568900
-0.03206600 -0.03922800 0.28499201
-0.03363600 -0.03865200 0.28632501
-0.03520400 -0.03819800 0.28685200
-0.03529200 -0.03888600 0.28689700
-0.03371300 -0.04008000 0.28671700
-0.03460200 -0.04019000 0.28651699
-0.03478500 -0.03928100 0.28663400
-0.03510400 -0.04040800 0.28675100
-0.03148300 -0.03656800 0.28374401
-0.03132600 -0.03663700 0.28354600
-0.03167400 -0.03606500 0.28386199
-0.03158400 -0.03659900 0.28394100
-0.03152500 -0.03690100 0.28428999
-0.03130300 -0.03707600 0.28437299
-0.03146800 -0.03894300 0.28417701
-0.03137100 -0.03986300 0.28442800
-0.03336300 -0.04043100 0.28654999
-0.03336200 -0.04089400 0.28650799
-0.03324900 -0.04105300 0.28648800
-0.03269700 -0.04055900 0.28590000
-0.03263600 -0.04111900 0.28608599
-0.03303400 -0.04150000 0.28642699
-0.03228300 -0.04179100 0.28654900
-0.03186500 -0.04210000 0.28627700
-0.03182800 -0.04214300 0.28606200
-0.03209500 -0.04189900 0.28618699
-0.03170300 -0.04226500 0.28610799
-0.03251600 -0.04195000 0.28659600
-0.03282600 -0.04198400 0.28657699
-0.03340600 -0.04177300 0.28650501
-0.03325800 -0.04222600 0.28667399
-0.03292400 -0.04249100 0.28631499
-0.03160700 -0.04145900 0.28490001
-0.03142600 -0.04067700 0.28462601
-0.03219100 -0.04074700 0.28544301
-0.03230500 -0.04101700 0.28561601
-0.03180600 -0.04208700 0.28554001
-0.03205200 -0.04183900 0.28567499
-0.03151300 -0.04273900 0.28553101
-0.03175800 -0.04265000 0.28569999
-0.03139300 -0.04198100 0.28468201
-0.03131500 -0.04250200 0.28501600
-0.03382800 -0.04092600 0.28634000
-0.03449200 -0.04047000 0.28642899
-0.03360200 -0.04122400 0.28633499
-0.03413300 -0.04151800 0.28645200
-0.03435100 -0.04124700 0.28637001
-0.03417900 -0.04158700 0.28650600
-0.03455300 -0.04135200 0.28645599
-0.03538100 -0.04047800 0.28689399
-0.03524700 -0.04144200 0.28680301
-0.03480300 -0.04132000 0.28655699
-0.03504800 -0.04141400 0.28668100
-0.03545600 -0.04133200 0.28684399
-0.03583900 -0.04153800 0.28699201
-0.03412300 -0.04168000 0.28690600
-0.03379500 -0.04208700 0.28700101
-0.03408000 -0.04213100 0.28708699
-0.03386700 -0.04224100 0.28691599
-0.03264000 -0.04322900 0.28584701
-0.03258900 -0.04499700 0.28535399
-0.03299200 -0.04470800 0.28569800
-0.03249500 -0.04394000 0.28557700
-0.03239700 -0.04517300 0.28515500
-0.03264600 -0.04438500 0.28556401
-0.03336400 -0.04416300 0.28604099
-0.03198700 -0.04446700 0.28505999
-0.03185000 -0.04391400 0.28506401
-0.03123100 -0.04327400 0.28477001
-0.03128500 -0.04293000 0.28518301
-0.03233200 -0.04371800 0.28551400
-0.03119800 -0.04322900 0.28479999
-0.03392100 -0.04360100 0.28647801
-0.03385300 -0.04300600 0.28658801
-0.03567700 -0.04386900 0.28687200
-0.03570100 -0.04398800 0.28674200
-0.03430300 -0.04507800 0.28647900
-0.03407400 -0.04458000 0.28636900
-0.03470600 -0.04467100 0.28692201
-0.03559800 -0.04403700 0.28679600
-0.03520300 -0.04505500 0.28675401
-0.03554600 -0.04479900 0.28657800
-0.03563000 -0.04463900 0.28654900
-0.03130600 -0.04512700 0.28420001
-0.03614000 -0.04169800 0.28704599
-0.03601500 -0.04190200 0.28705400
-0.03626400 -0.04190700 0.28704000
-0.03614900 -0.04217400 0.28701201
-0.03630300 -0.04199200 0.28703400
-0.03642100 -0.04238000 0.28698999
-0.03617100 -0.04260000 0.28692999
-0.03625900 -0.04270800 0.28686601
-0.03623400 -0.04304400 0.28679401
-0.03617000 -0.04317600 0.28677800
-0.03642200 -0.04318200 0.28676301
-0.03660600 -0.04284500 0.28690100
-0.03625100 -0.04389900 0.28657100
-0.03641600 -0.04375100 0.28661600
-0.03707900 -0.04329000 0.28701600
-0.03603600 -0.04413500 0.28651699
-0.03674700 -0.04457400 0.28661799
-0.03631300 -0.04494800 0.28650701
-0.03605300 -0.04501700 0.28649500
-0.03662600 -0.04509400 0.28684399
-0.03713900 -0.04451800 0.28680801
-0.03732500 -0.04423800 0.28685001
-0.03778800 -0.04441200 0.28708100
-0.03713800 -0.04441700 0.28678101
-0.02963300 -0.02636700 0.28046101
-0.02977700 -0.02644200 0.28024799
-0.02976500 -0.02705400 0.28034601
-0.02966500 -0.02714100 0.28045499
-0.02925400 -0.02727300 0.28091699
-0.02988400 -0.02656700 0.28014100
-0.02924700 -0.02825400 0.28129801
-0.02920700 -0.02726700 0.28098199
-0.02992000 -0.02821000 0.28103501
-0.02941900 -0.02839600 0.28128600
-0.02978700 -0.02736200 0.28047499
-0.03096500 -0.02653700 0.27974701
-0.03114400 -0.02725600 0.28008601
-0.03112600 -0.02674300 0.27978799
-0.03072300 -0.02780900 0.28069901
-0.03053300 -0.02736500 0.28024501
-0.02909500 -0.02874700 0.28174299
-0.02976900 -0.02901900 0.28165999
-0.03040100 -0.02901100 0.28180900
-0.02906100 -0.03200100 0.28121701
-0.02870900 -0.03190200 0.28168300
-0.02782300 -0.03309900 0.28178701
-0.02908200 -0.03258300 0.28092501
-0.02897300 -0.03308500 0.28079799
-0.02855600 -0.03315800 0.28104901
-0.02926400 -0.03302600 0.28072599
-0.02983900 -0.03172300 0.28127399
-0.02967100 -0.03121200 0.28173500
-0.03053500 -0.03196600 0.28156400
-0.03017700 -0.03246900 0.28107199
-0.03054400 -0.03262200 0.28149199
-0.02890300 -0.03376600 0.28064099
-0.02876000 -0.03337800 0.28082600
-0.02843500 -0.03405800 0.28086099
-0.02769200 -0.03424800 0.28150600
-0.02933000 -0.03436700 0.28048900
-0.02766000 -0.03471300 0.28161699
-0.02788900 -0.03495600 0.28129101
-0.02782300 -0.03534400 0.28173399
-0.02877500 -0.03563500 0.28089601
-0.02875000 -0.03470600 0.28066701
-0.03065500 -0.03442200 0.28155500
-0.03033000 -0.03345600 0.28105101
-0.02984500 -0.03340800 0.28061399
-0.03006900 -0.03490000 0.28105301
-0.02959700 -0.03492500 0.28060099
-0.03135800 -0.02662200 0.27978101
-0.03157900 -0.02710400 0.28005701
-0.03214400 -0.02690900 0.28028300
-0.03281000 -0.02782000 0.28114700
-0.03311900 -0.02640100 0.28102401
-0.03130900 -0.02794500 0.28089300
-0.03297800 -0.02790600 0.28121299
-0.03289900 -0.02820200 0.28117800
-0.03276100 -0.02961000 0.28177899
-0.03331800 -0.02756500 0.28142399
-0.03504300 -0.02622600 0.28179401
-0.03483300 -0.02837900 0.28170699
-0.03372200 -0.02938000 0.28161299
-0.03412700 -0.02930600 0.28178400
-0.03518000 -0.02811500 0.28179300
-0.03372700 -0.02843400 0.28132400
-0.02841400 -0.03608100 0.28146401
-0.02870100 -0.03652500 0.28169701
-0.02978300 -0.03604400 0.28150800
-0.02946100 -0.03629200 0.28136501
-0.02901500 -0.03914700 0.28167000
-0.02850500 -0.03930600 0.28176999
-0.02860600 -0.03968200 0.28165999
-0.02856300 -0.03970000 0.28166899
-0.02871800 -0.03986400 0.28163001
-0.02867300 -0.04013900 0.28164399
-0.02864300 -0.04009100 0.28165001
-0.02914200 -0.03977200 0.28169399
-0.02847900 -0.04057000 0.28173900
-0.02847100 -0.04090500 0.28179899
-0.02847800 -0.04084100 0.28178501
-0.02838300 -0.04048100 0.28178400
-0.03078700 -0.04667400 0.28802699
-0.03080400 -0.04552100 0.28948200
-0.03113300 -0.04685600 0.28829199
-0.03065800 -0.04628600 0.28829300
-0.03095900 -0.04615600 0.28901100
-0.02971800 -0.04620900 0.28559300
-0.02982700 -0.04525500 0.28754100
-0.02938300 -0.04529800 0.28597301
-0.02991600 -0.04615900 0.28646201
-0.03004000 -0.04625900 0.28672501
-0.03021500 -0.04646900 0.28693399
-0.03059400 -0.04772700 0.28580001
-0.03007000 -0.04707800 0.28527099
-0.03053700 -0.04703500 0.28690800
-0.03118000 -0.04731800 0.28758001
-0.03075700 -0.04811200 0.28537801
-0.02905500 -0.04548200 0.28415400
-0.02923200 -0.04552100 0.28498501
-0.02905100 -0.04551900 0.28346801
-0.02923700 -0.04594800 0.28359801
-0.02903200 -0.04534100 0.28331000
-0.02977500 -0.04523900 0.28289899
-0.02942100 -0.04625700 0.28350300
-0.02969700 -0.04680600 0.28369299
-0.02979200 -0.04684500 0.28349701
-0.03049800 -0.04587900 0.28305599
-0.03100600 -0.04522400 0.28380701
-0.03012000 -0.04654400 0.28307900
-0.03040000 -0.04675800 0.28306901
-0.03109500 -0.04675700 0.28319401
-0.02989400 -0.04698500 0.28473699
-0.03043100 -0.04809500 0.28425699
-0.03025700 -0.04777800 0.28445500
-0.03091400 -0.04834300 0.28507999
-0.03099900 -0.04849700 0.28468901
-0.02979700 -0.04688400 0.28354701
-0.03037500 -0.04699200 0.28314900
-0.03038700 -0.04720400 0.28324199
-0.03070900 -0.04796300 0.28349099
-0.03044500 -0.04808600 0.28401801
-0.03131400 -0.04573100 0.29009700
-0.03158900 -0.04619700 0.28982499
-0.03167400 -0.04617100 0.28995600
-0.03161500 -0.04672100 0.28896901
-0.03174100 -0.04729500 0.28978699
-0.03180400 -0.04707300 0.28962901
-0.03219700 -0.04730900 0.28908899
-0.03140200 -0.04674100 0.28874800
-0.03190000 -0.04705700 0.28841200
-0.03251000 -0.04725400 0.28875300
-0.03308400 -0.04576700 0.28537500
-0.03344100 -0.04618400 0.28550801
-0.03122800 -0.04751800 0.28727099
-0.03340300 -0.04690200 0.28570500
-0.03350100 -0.04650000 0.28555000
-0.03320200 -0.04713700 0.28538901
-0.03344800 -0.04744000 0.28546101
-0.03164500 -0.04604900 0.28411201
-0.03180300 -0.04625200 0.28413600
-0.03224000 -0.04611000 0.28457901
-0.03266900 -0.04551800 0.28520000
-0.03128000 -0.04564800 0.28393799
-0.03213300 -0.04677200 0.28403199
-0.03236000 -0.04740000 0.28391299
-0.03212400 -0.04719700 0.28373900
-0.03222600 -0.04710800 0.28388101
-0.03134900 -0.04707800 0.28323999
-0.03197100 -0.04661200 0.28401899
-0.03275500 -0.04682000 0.28458101
-0.03308000 -0.04679600 0.28495601
-0.03293200 -0.04750100 0.28504899
-0.03291500 -0.04746600 0.28499901
-0.03313300 -0.04714100 0.28517899
-0.03242700 -0.04741500 0.28399199
-0.03410200 -0.04608600 0.28675401
-0.03406700 -0.04618200 0.28691900
-0.03429300 -0.04606100 0.28720501
-0.03466700 -0.04633700 0.28714001
-0.03379800 -0.04630400 0.28604600
-0.03358700 -0.04619500 0.28567401
-0.03387100 -0.04620400 0.28613099
-0.03412800 -0.04526000 0.28629801
-0.03377400 -0.04589500 0.28589600
-0.03523900 -0.04521000 0.28672999
-0.03594300 -0.04533700 0.28659201
-0.03542100 -0.04567000 0.28683299
-0.03498300 -0.04589400 0.28703099
-0.03585500 -0.04603800 0.28739399
-0.03556300 -0.04613900 0.28726301
-0.03402100 -0.04674100 0.28661501
-0.03425600 -0.04656200 0.28688201
-0.03459600 -0.04670300 0.28663599
-0.03380400 -0.04651400 0.28649700
-0.03397400 -0.04689400 0.28632599
-0.03454900 -0.04685000 0.28647700
-0.03357400 -0.04747700 0.28544101
-0.03386200 -0.04709600 0.28596899
-0.03476100 -0.04720900 0.28636399
-0.03443500 -0.04706900 0.28624400
-0.03583200 -0.04666800 0.28712499
-0.03170500 -0.04759600 0.28734699
-0.03122600 -0.04782400 0.28669700
-0.03130900 -0.04818600 0.28590700
-0.03139400 -0.04855500 0.28483900
-0.03149400 -0.04789200 0.28323999
-0.03229600 -0.04777600 0.28386900
-0.03130000 -0.04839100 0.28365800
-0.03144800 -0.04849100 0.28390199
-0.03213000 -0.04855800 0.28400901
-0.03247800 -0.04764100 0.28409699
-0.03250900 -0.04815500 0.28442001
-0.03278200 -0.04796400 0.28463101
-0.03318000 -0.04791000 0.28482401
-0.03695100 -0.04530000 0.28797901
-0.03703200 -0.04551900 0.28782699
-0.03676000 -0.04557000 0.28777599
-0.03766100 -0.04544500 0.28803000
-0.03796500 -0.04527200 0.28829700
-0.03716400 -0.04538600 0.28795001
-0.03835100 -0.04539800 0.28847900
-0.03884500 -0.04521500 0.28772601
-0.03601500 -0.04532500 0.28660500
-0.03625600 -0.04606400 0.28743601
-0.03617800 -0.04592100 0.28751501
-0.03635400 -0.04581700 0.28759000
-0.02941400 -0.02422100 0.28719199
-0.03539700 -0.02519300 0.28214100
-0.03912200 -0.02404800 0.28461999
-0.03355000 -0.02359100 0.28092900
-0.02644000 -0.03259800 0.28976199
-0.02685700 -0.03363900 0.28942299
-0.02908400 -0.02669000 0.28691301
-0.02980300 -0.02966800 0.28604400
-0.03109500 -0.03029500 0.28280100
-0.03414800 -0.02994800 0.28474101
-0.03643500 -0.02732200 0.28489101
-0.03409700 -0.03145400 0.28536701
-0.02884400 -0.03785700 0.28818399
-0.03036900 -0.04337500 0.28958201
-0.02898300 -0.03772100 0.28347099
-0.02984300 -0.03800500 0.28256100
-0.03102000 -0.04312400 0.28478801
-0.03594500 -0.03685300 0.28761601
-0.03237900 -0.03741100 0.28590301
-0.03435100 -0.03899000 0.28694299
-0.03277100 -0.04130400 0.28647500
-0.03449300 -0.04160900 0.28674200
-0.03643000 -0.04362400 0.28665599
-0.03239000 -0.04695700 0.28871500
-0.03458100 -0.04570600 0.28706700
-0.03682400 -0.04548900 0.28784001
-0.03128000 -0.04259500 0.28526601
-0.03222500 -0.04189200 0.28656301
-0.03560000 -0.04352300 0.28731599
-0.03558100 -0.04333600 0.28746301
-0.03541000 -0.04165700 0.28724101
-0.03511500 -0.04159100 0.28705400
-0.03647400 -0.04563300 0.28770301
-0.03368400 -0.04040500 0.28657401
-0.03484300 -0.04118000 0.28655699
-0.03737300 -0.04509600 0.28820500
-0.03410100 -0.03153200 0.28544700
-0.03012600 -0.02613900 0.28001699
-0.03301200 -0.03059000 0.28501400
-0.03827600 -0.02606200 0.28498000
-0.03635000 -0.02764300 0.28496900
-0.03533400 -0.03242500 0.28575301
-0.03033900 -0.04348500 0.28394800
-0.02752900 -0.03127300 0.28955099
-0.02745800 -0.03056800 0.28902301
-0.02908700 -0.03753000 0.28683999
-0.02915400 -0.02526300 0.28735501
-0.02883200 -0.03776800 0.28761801
-0.02995900 -0.04385500 0.28322500
-0.02909500 -0.04381100 0.28462100
-0.02984700 -0.04291800 0.28687099
-0.02976300 -0.04274700 0.28687200
-0.02945200 -0.04367400 0.28292000
-0.03005200 -0.04328600 0.28742701
-0.02934100 -0.04354000 0.28546000
-0.03047300 -0.04240300 0.28784499
-0.03016200 -0.04236300 0.28756401
-0.02971000 -0.04330500 0.28653300
-0.02995400 -0.04299900 0.28703699
-0.03036100 -0.04300800 0.28778899
-0.03034100 -0.03759700 0.28314799
-0.03095400 -0.03734900 0.28423399
-0.03029600 -0.03761900 0.28311899
-0.03081700 -0.03756600 0.28383201
-0.03145900 -0.03691300 0.28537399
-0.03179500 -0.03723300 0.28584400
-0.03159300 -0.03711900 0.28573900
-0.03051900 -0.03012000 0.28279999
-0.03051500 -0.03014200 0.28330401
-0.03056100 -0.02964200 0.28563601
-0.03141700 -0.03035200 0.28301099
-0.03144500 -0.03010300 0.28459001
-0.03035900 -0.02976100 0.28578699
-0.03234700 -0.03041700 0.28408101
-0.03064400 -0.02951000 0.28529900
-0.02995800 -0.03016000 0.28448901
-0.02967500 -0.03014200 0.28547400
-0.03089900 -0.03032200 0.28336000
-0.03157400 -0.03041400 0.28329200
-0.02981700 -0.03006600 0.28583401
-0.03179300 -0.03037600 0.28355399
-0.03042600 -0.03016200 0.28336301
-0.03088200 -0.03011100 0.28410700
-0.03147800 -0.03035100 0.28370601
-0.03122500 -0.03032900 0.28316000
-0.03023800 -0.03015300 0.28445101
-0.03031100 -0.03006700 0.28535300
-0.03082500 -0.02979400 0.28494301
-0.03083200 -0.03029100 0.28337300
-0.03017800 -0.03006800 0.28551701
-0.03116800 -0.03031500 0.28316101
-0.03051200 -0.03014800 0.28484800
-0.03191800 -0.03031700 0.28395399
-0.03167300 -0.03020800 0.28447899
-0.02995500 -0.03011300 0.28530401
-0.03149400 -0.03020300 0.28415000
-0.03078800 -0.03020900 0.28386000
-0.03056800 -0.02964300 0.28492400
-0.03228700 -0.03064100 0.28365001
-0.03057500 -0.02993100 0.28556201
-0.03261500 -0.04783500 0.28462601
-0.03151300 -0.04844700 0.28526199
-0.03176200 -0.04812100 0.28621700
-0.03252900 -0.04707800 0.28820601
-0.03198700 -0.04796200 0.28674299
-0.03604900 -0.02481000 0.28203201
-0.03433900 -0.02415500 0.28094199
-0.03630200 -0.02469200 0.28275299
-0.03578000 -0.02427300 0.28388801
-0.03278300 -0.02302200 0.28365999
-0.03565700 -0.02427200 0.28352401
-0.03457300 -0.02447100 0.28153899
-0.03303500 -0.02306400 0.28323701
-0.03287000 -0.02300500 0.28380099
-0.03556400 -0.02459800 0.28378001
-0.03631600 -0.02435500 0.28342900
-0.03545100 -0.02491300 0.28283599
-0.03554300 -0.02498300 0.28303000
-0.03570500 -0.02442300 0.28308699
