-2.849426000000000042e-02 -3.843747000000000136e-02 2.827282500000000143e-01
-2.849426000000000042e-02 -3.843747000000000136e-02 2.827282500000000143e-01
-2.847308000000000131e-02 -3.849426000000000236e-02 2.826480599999999788e-01
-2.845396999999999857e-02 -3.855693000000000314e-02 2.825663999999999954e-01
-2.847799999999999984e-02 -3.859781000000000323e-02 2.824322599999999905e-01
-2.847063000000000024e-02 -3.862659999999999705e-02 2.823966099999999924e-01
-2.837850999999999915e-02 -3.879070999999999908e-02 2.823307500000000192e-01
-2.837850999999999915e-02 -3.879070999999999908e-02 2.823307500000000192e-01
-2.834240999999999844e-02 -3.889407000000000281e-02 2.822724300000000186e-01
-2.833449999999999858e-02 -3.893283000000000160e-02 2.822377099999999750e-01
-2.831670000000000020e-02 -3.902781999999999779e-02 2.821550099999999839e-01
-2.830357000000000012e-02 -3.907835999999999949e-02 2.821291100000000163e-01
-2.829088999999999909e-02 -3.912199000000000232e-02 2.821127800000000074e-01
-2.830208000000000029e-02 -3.917806000000000066e-02 2.820435800000000159e-01
-2.828328999999999913e-02 -3.924417999999999657e-02 2.820274799999999971e-01
-2.846281999999999979e-02 -3.915964000000000250e-02 2.818621399999999833e-01
-2.823459000000000038e-02 -3.939275999999999889e-02 2.820227100000000098e-01
-2.827143000000000017e-02 -3.939137000000000194e-02 2.819451700000000227e-01
-2.823948999999999904e-02 -3.942997000000000168e-02 2.819903200000000165e-01
-2.827054999999999846e-02 -3.943383000000000305e-02 2.819192400000000154e-01
-2.824691000000000007e-02 -3.947337000000000068e-02 2.819515200000000110e-01
-2.827054999999999846e-02 -3.943383000000000305e-02 2.819192400000000154e-01
-2.828125000000000083e-02 -3.947587000000000318e-02 2.818790999999999936e-01
-2.828125000000000083e-02 -3.947587000000000318e-02 2.818790999999999936e-01
-2.827744999999999911e-02 -3.956530999999999937e-02 2.818604100000000057e-01
-2.857826999999999937e-02 -3.940140000000000309e-02 2.817228700000000141e-01
-2.824884000000000076e-02 -3.961520999999999793e-02 2.818987099999999968e-01
-2.824159000000000044e-02 -3.970644000000000257e-02 2.818999300000000208e-01
-2.827065000000000133e-02 -3.965986999999999985e-02 2.818696800000000113e-01
-2.826665000000000080e-02 -3.976111000000000228e-02 2.818746899999999833e-01
-2.829390000000000030e-02 -3.970666999999999947e-02 2.818416699999999886e-01
-2.829192999999999986e-02 -3.981367000000000239e-02 2.818500999999999923e-01
-2.829192999999999986e-02 -3.981367000000000239e-02 2.818500999999999923e-01
-2.830799000000000162e-02 -3.986822000000000282e-02 2.818289399999999723e-01
-2.830799000000000162e-02 -3.986822000000000282e-02 2.818289399999999723e-01
-2.845856000000000080e-02 -3.980286999999999714e-02 2.817058000000000062e-01
-2.824520999999999976e-02 -4.005066000000000181e-02 2.818841300000000105e-01
-2.824313000000000171e-02 -4.011453999999999714e-02 2.818880699999999906e-01
-2.824313000000000171e-02 -4.011453999999999714e-02 2.818880699999999906e-01
-2.824236000000000107e-02 -4.029350000000000293e-02 2.818874100000000049e-01
-2.827280999999999891e-02 -4.034465999999999747e-02 2.818546000000000107e-01
-2.827280999999999891e-02 -4.034465999999999747e-02 2.818546000000000107e-01
-2.827280999999999891e-02 -4.034465999999999747e-02 2.818546000000000107e-01
-2.830169000000000087e-02 -4.054209999999999758e-02 2.818585900000000199e-01
-2.830169000000000087e-02 -4.054209999999999758e-02 2.818585900000000199e-01
-2.845063000000000106e-02 -4.051997999999999711e-02 2.817478800000000061e-01
-2.822716999999999934e-02 -4.051446999999999687e-02 2.819328600000000073e-01
-2.822716999999999934e-02 -4.051446999999999687e-02 2.819328600000000073e-01
-2.829873000000000111e-02 -4.087624000000000118e-02 2.819402799999999876e-01
-2.830256999999999912e-02 -4.099644999999999678e-02 2.819650200000000106e-01
-2.830256999999999912e-02 -4.099644999999999678e-02 2.819650200000000106e-01
-2.832495000000000152e-02 -4.113271999999999762e-02 2.819764300000000001e-01
-2.832495000000000152e-02 -4.113271999999999762e-02 2.819764300000000001e-01
-2.832495000000000152e-02 -4.113271999999999762e-02 2.819764300000000001e-01
-2.832495000000000152e-02 -4.113271999999999762e-02 2.819764300000000001e-01
-2.844671000000000005e-02 -4.115345000000000114e-02 2.818675299999999773e-01
-2.829380999999999910e-02 -4.127988999999999964e-02 2.820569299999999835e-01
-2.829380999999999910e-02 -4.127988999999999964e-02 2.820569299999999835e-01
-2.831846000000000016e-02 -4.147167000000000214e-02 2.820826200000000061e-01
-2.831846000000000016e-02 -4.147167000000000214e-02 2.820826200000000061e-01
-2.831846000000000016e-02 -4.147167000000000214e-02 2.820826200000000061e-01
-2.833694000000000143e-02 -4.163738000000000161e-02 2.821042799999999851e-01
-2.833694000000000143e-02 -4.163738000000000161e-02 2.821042799999999851e-01
-2.833694000000000143e-02 -4.163738000000000161e-02 2.821042799999999851e-01
-2.833694000000000143e-02 -4.163738000000000161e-02 2.821042799999999851e-01
-2.852419000000000135e-02 -4.182037999999999728e-02 2.820134799999999831e-01
-2.835905000000000023e-02 -4.189745999999999748e-02 2.821833499999999995e-01
-2.830161999999999956e-02 -4.180235000000000201e-02 2.822111800000000059e-01
-2.833458999999999978e-02 -4.196819999999999717e-02 2.822363700000000142e-01
-2.833458999999999978e-02 -4.196819999999999717e-02 2.822363700000000142e-01
-2.833458999999999978e-02 -4.196819999999999717e-02 2.822363700000000142e-01
-2.837086000000000122e-02 -4.212488999999999817e-02 2.822637900000000144e-01
-2.837086000000000122e-02 -4.212488999999999817e-02 2.822637900000000144e-01
-2.837086000000000122e-02 -4.212488999999999817e-02 2.822637900000000144e-01
-2.840507000000000101e-02 -4.227990999999999694e-02 2.822922500000000223e-01
-2.855579000000000103e-02 -4.235538999999999971e-02 2.821922000000000041e-01
-2.838152999999999856e-02 -4.235055000000000069e-02 2.823485700000000209e-01
-2.838152999999999856e-02 -4.235055000000000069e-02 2.823485700000000209e-01
-2.842189999999999994e-02 -4.251328000000000051e-02 2.823777199999999987e-01
-2.842189999999999994e-02 -4.251328000000000051e-02 2.823777199999999987e-01
-2.846111999999999947e-02 -4.267267999999999756e-02 2.824065399999999837e-01
-2.846111999999999947e-02 -4.267267999999999756e-02 2.824065399999999837e-01
-2.849772999999999890e-02 -4.282945999999999975e-02 2.824366700000000008e-01
-2.849772999999999890e-02 -4.282945999999999975e-02 2.824366700000000008e-01
-2.855359999999999843e-02 -4.290328000000000197e-02 2.824141700000000199e-01
-2.872134000000000145e-02 -4.301536999999999722e-02 2.823371599999999759e-01
-2.847426000000000124e-02 -4.290560000000000207e-02 2.824932299999999841e-01
-2.851412000000000044e-02 -4.306497000000000103e-02 2.825219900000000006e-01
-2.851412000000000044e-02 -4.306497000000000103e-02 2.825219900000000006e-01
-2.851412000000000044e-02 -4.306497000000000103e-02 2.825219900000000006e-01
-2.851412000000000044e-02 -4.306497000000000103e-02 2.825219900000000006e-01
-2.854974000000000053e-02 -4.320414999999999672e-02 2.825534299999999943e-01
-2.848935999999999830e-02 -4.313364000000000087e-02 2.825755200000000245e-01
-2.854974000000000053e-02 -4.320414999999999672e-02 2.825534299999999943e-01
-2.854974000000000053e-02 -4.320414999999999672e-02 2.825534299999999943e-01
-2.877456999999999931e-02 -4.330055000000000015e-02 2.824543400000000259e-01
-2.859143000000000101e-02 -4.333338999999999941e-02 2.825933400000000262e-01
-2.856896000000000088e-02 -4.339492999999999823e-02 2.826505899999999794e-01
-2.856896000000000088e-02 -4.339492999999999823e-02 2.826505899999999794e-01
-2.861711000000000116e-02 -4.349932000000000104e-02 2.827075399999999794e-01
-2.861711000000000116e-02 -4.349932000000000104e-02 2.827075399999999794e-01
-2.861711000000000116e-02 -4.349932000000000104e-02 2.827075399999999794e-01
-2.868298999999999849e-02 -4.360035999999999773e-02 2.827788299999999810e-01
-2.868298999999999849e-02 -4.360035999999999773e-02 2.827788299999999810e-01
-2.868298999999999849e-02 -4.360035999999999773e-02 2.827788299999999810e-01
-2.886355000000000171e-02 -4.361464000000000313e-02 2.827113600000000226e-01
-2.864664000000000099e-02 -4.365146999999999777e-02 2.829132999999999787e-01
-2.864664000000000099e-02 -4.365146999999999777e-02 2.829132999999999787e-01
-2.872525999999999899e-02 -4.366811999999999777e-02 2.828942500000000138e-01
-2.872045999999999974e-02 -4.369276999999999883e-02 2.829856000000000038e-01
-2.879829000000000069e-02 -4.371959000000000262e-02 2.829988299999999790e-01
-2.879829000000000069e-02 -4.371959000000000262e-02 2.829988299999999790e-01
-2.879829000000000069e-02 -4.371959000000000262e-02 2.829988299999999790e-01
-2.885029999999999886e-02 -4.376043999999999767e-02 2.830946100000000243e-01
-2.885029999999999886e-02 -4.376043999999999767e-02 2.830946100000000243e-01
-2.906351999999999894e-02 -4.375297999999999687e-02 2.830103299999999766e-01
-2.882650000000000143e-02 -4.371523000000000075e-02 2.829629200000000067e-01
-2.884043999999999844e-02 -4.377088999999999980e-02 2.831582699999999897e-01
-2.884043999999999844e-02 -4.377088999999999980e-02 2.831582699999999897e-01
-2.887922999999999879e-02 -4.377504000000000117e-02 2.831237300000000179e-01
-2.887922999999999879e-02 -4.377504000000000117e-02 2.831237300000000179e-01
-2.888848999999999931e-02 -4.379326000000000052e-02 2.832145699999999988e-01
-2.891946999999999920e-02 -4.378897000000000345e-02 2.831650700000000187e-01
-2.912079999999999877e-02 -4.412395999999999679e-02 2.832347800000000193e-01
-2.909420000000000062e-02 -4.415281000000000067e-02 2.832514600000000105e-01
-2.913384000000000112e-02 -4.380544000000000104e-02 2.832076299999999880e-01
-2.894951000000000121e-02 -4.380648999999999654e-02 2.832338200000000250e-01
-2.897417999999999869e-02 -4.381932000000000188e-02 2.833202499999999957e-01
-2.900965000000000141e-02 -4.382198000000000343e-02 2.833091899999999885e-01
-2.911530000000000021e-02 -4.403607999999999828e-02 2.833508000000000138e-01
-2.909078999999999832e-02 -4.407425999999999705e-02 2.833449200000000001e-01
-2.906283999999999951e-02 -4.410602999999999746e-02 2.833638800000000124e-01
-2.903394999999999934e-02 -4.414006999999999653e-02 2.833759800000000273e-01
-2.897684999999999844e-02 -4.418955000000000105e-02 2.834173099999999779e-01
-2.893607999999999944e-02 -4.424482999999999888e-02 2.834301599999999866e-01
-2.903394999999999934e-02 -4.414006999999999653e-02 2.833759800000000273e-01
-2.889272000000000021e-02 -4.435721000000000108e-02 2.833977300000000143e-01
-2.890281999999999921e-02 -4.437731000000000314e-02 2.833540099999999895e-01
-2.893002999999999894e-02 -4.437441999999999775e-02 2.833063900000000190e-01
-2.893197999999999950e-02 -4.441628000000000243e-02 2.832738799999999779e-01
-2.895394000000000093e-02 -4.442796000000000245e-02 2.832356100000000265e-01
-2.897175999999999918e-02 -4.444839999999999902e-02 2.832066999999999779e-01
-2.901485999999999996e-02 -4.444627000000000300e-02 2.831665600000000116e-01
-2.903199000000000057e-02 -4.446645999999999932e-02 2.831441199999999991e-01
-2.907250000000000112e-02 -4.448363999999999790e-02 2.831061500000000009e-01
-2.926350999999999952e-02 -4.432512000000000257e-02 2.830250000000000266e-01
-2.908573000000000061e-02 -4.458178000000000141e-02 2.830783399999999839e-01
-2.910930999999999935e-02 -4.454410000000000314e-02 2.830690100000000098e-01
-2.914258999999999947e-02 -4.463617000000000279e-02 2.830486600000000075e-01
-2.916993000000000016e-02 -4.465282000000000279e-02 2.830351899999999921e-01
-2.917269999999999933e-02 -4.458411999999999792e-02 2.830325399999999991e-01
-2.922755000000000145e-02 -4.469308999999999782e-02 2.830064600000000152e-01
-2.921692999999999860e-02 -4.464433999999999764e-02 2.830097699999999938e-01
-2.926522000000000151e-02 -4.472055999999999948e-02 2.829904300000000150e-01
-2.929995000000000169e-02 -4.474452000000000290e-02 2.829786200000000140e-01
-2.939581999999999959e-02 -4.463977000000000223e-02 2.829175899999999966e-01
-2.923943999999999849e-02 -4.478995999999999672e-02 2.830050900000000147e-01
-2.921589000000000130e-02 -4.476287000000000321e-02 2.830116999999999772e-01
-2.927133000000000165e-02 -4.485754000000000130e-02 2.830007999999999968e-01
-2.923506999999999842e-02 -4.483273000000000119e-02 2.830120600000000097e-01
-2.932635999999999923e-02 -4.500164999999999721e-02 2.829923300000000141e-01
-2.929423000000000096e-02 -4.496106999999999881e-02 2.830008900000000049e-01
-2.929423000000000096e-02 -4.496106999999999881e-02 2.830008900000000049e-01
-2.932745000000000143e-02 -4.505581000000000169e-02 2.830006500000000202e-01
-2.932745000000000143e-02 -4.505581000000000169e-02 2.830006500000000202e-01
-2.952816999999999942e-02 -4.513469999999999982e-02 2.829377399999999931e-01
-2.936563000000000020e-02 -4.528656999999999822e-02 2.830281299999999889e-01
-2.938696999999999837e-02 -4.536130000000000023e-02 2.830345300000000064e-01
-2.938696999999999837e-02 -4.536130000000000023e-02 2.830345300000000064e-01
-2.933635999999999883e-02 -4.533352000000000215e-02 2.830509800000000076e-01
-2.938357000000000122e-02 -4.541980000000000323e-02 2.830499699999999841e-01
-2.939166000000000001e-02 -4.547012999999999749e-02 2.830602799999999974e-01
-2.934741000000000086e-02 -4.545293999999999723e-02 2.830771200000000154e-01
-2.939166000000000001e-02 -4.547012999999999749e-02 2.830602799999999974e-01
-2.941712999999999967e-02 -4.551232000000000194e-02 2.830605199999999821e-01
-2.957059999999999897e-02 -4.555747999999999742e-02 2.830036300000000060e-01
-2.944381000000000081e-02 -4.564954999999999707e-02 2.830873400000000206e-01
-2.944381000000000081e-02 -4.564954999999999707e-02 2.830873400000000206e-01
-2.946696000000000037e-02 -4.575441999999999704e-02 2.831090099999999943e-01
-2.946696000000000037e-02 -4.575441999999999704e-02 2.831090099999999943e-01
-2.958134000000000111e-02 -4.590469999999999967e-02 2.830980100000000110e-01
-2.958134000000000111e-02 -4.590469999999999967e-02 2.830980100000000110e-01
-2.958134000000000111e-02 -4.590469999999999967e-02 2.830980100000000110e-01
-2.958134000000000111e-02 -4.590469999999999967e-02 2.830980100000000110e-01
-2.961106000000000155e-02 -4.601331000000000171e-02 2.831217300000000159e-01
-2.975088000000000038e-02 -4.604102999999999668e-02 2.830655300000000096e-01
-2.964208999999999941e-02 -4.610796999999999812e-02 2.831420000000000048e-01
-2.965952000000000172e-02 -4.621828000000000047e-02 2.831775799999999843e-01
-2.965952000000000172e-02 -4.621828000000000047e-02 2.831775799999999843e-01
-2.965952000000000172e-02 -4.621828000000000047e-02 2.831775799999999843e-01
-2.977739999999999901e-02 -4.636293999999999832e-02 2.831653100000000034e-01
-2.968785999999999994e-02 -4.632449999999999762e-02 2.832098000000000115e-01
-2.980038000000000131e-02 -4.646659999999999680e-02 2.831957299999999789e-01
-2.980038000000000131e-02 -4.646659999999999680e-02 2.831957299999999789e-01
-2.981989000000000167e-02 -4.655996999999999914e-02 2.832325700000000168e-01
-2.991237000000000062e-02 -4.657044999999999935e-02 2.831788700000000270e-01
-2.983293999999999876e-02 -4.664179000000000241e-02 2.832691999999999988e-01
-2.993913999999999950e-02 -4.675789999999999808e-02 2.832611800000000013e-01
-2.993913999999999950e-02 -4.675789999999999808e-02 2.832611800000000013e-01
-2.993913999999999950e-02 -4.675789999999999808e-02 2.832611800000000013e-01
-3.005050999999999903e-02 -4.686697000000000085e-02 2.832525100000000129e-01
-3.005050999999999903e-02 -4.686697000000000085e-02 2.832525100000000129e-01
-3.009921999999999945e-02 -4.690342000000000122e-02 2.832417799999999986e-01
-3.011449000000000070e-02 -4.698063000000000239e-02 2.832758400000000010e-01
-3.019310000000000049e-02 -4.702405999999999947e-02 2.832516099999999870e-01
-3.036683999999999911e-02 -4.710910000000000097e-02 2.832083699999999871e-01
-3.028575999999999838e-02 -4.720351999999999881e-02 2.833002199999999915e-01
-3.028575999999999838e-02 -4.720351999999999881e-02 2.833002199999999915e-01
-3.034993999999999886e-02 -4.722665999999999670e-02 2.832736100000000090e-01
-3.039180999999999827e-02 -4.731379000000000140e-02 2.832952100000000195e-01
-3.041891000000000039e-02 -4.735169000000000183e-02 2.832998299999999747e-01
-3.048270000000000146e-02 -4.740613999999999939e-02 2.832949499999999898e-01
-3.059678000000000050e-02 -4.752387999999999751e-02 2.832990300000000072e-01
-3.059678000000000050e-02 -4.752387999999999751e-02 2.832990300000000072e-01
-3.070559000000000135e-02 -4.763238999999999668e-02 2.833031100000000246e-01
-3.083059999999999967e-02 -4.759420000000000317e-02 2.832386499999999807e-01
-3.073199999999999890e-02 -4.772967000000000182e-02 2.833373200000000036e-01
-3.073199999999999890e-02 -4.772967000000000182e-02 2.833373200000000036e-01
-3.073199999999999890e-02 -4.772967000000000182e-02 2.833373200000000036e-01
-3.074924999999999881e-02 -4.781790000000000346e-02 2.833763999999999728e-01
-3.085711999999999830e-02 -4.791725000000000151e-02 2.833835800000000238e-01
-3.077103999999999950e-02 -4.790003000000000316e-02 2.834143900000000160e-01
-3.085711999999999830e-02 -4.791725000000000151e-02 2.833835800000000238e-01
-3.087778000000000050e-02 -4.800092999999999721e-02 2.834268200000000237e-01
-3.095834000000000086e-02 -4.801086999999999716e-02 2.833994000000000235e-01
-3.111297000000000021e-02 -4.805112000000000272e-02 2.833769300000000269e-01
-3.090673000000000031e-02 -4.807691000000000048e-02 2.834643399999999813e-01
-3.100684000000000079e-02 -4.817279000000000005e-02 2.834930399999999739e-01
-3.100684000000000079e-02 -4.817279000000000005e-02 2.834930399999999739e-01
-3.100684000000000079e-02 -4.817279000000000005e-02 2.834930399999999739e-01
-3.102608000000000102e-02 -4.824487999999999693e-02 2.835404000000000257e-01
-3.102608000000000102e-02 -4.824487999999999693e-02 2.835404000000000257e-01
-3.102608000000000102e-02 -4.824487999999999693e-02 2.835404000000000257e-01
-3.102608000000000102e-02 -4.824487999999999693e-02 2.835404000000000257e-01
-3.105602999999999836e-02 -4.831525999999999876e-02 2.835830999999999769e-01
-3.119047999999999959e-02 -4.830138999999999960e-02 2.835421000000000191e-01
-3.098773999999999973e-02 -4.837737000000000287e-02 2.836604699999999979e-01
-3.098773999999999973e-02 -4.837737000000000287e-02 2.836604699999999979e-01
-3.093846000000000096e-02 -4.842123999999999734e-02 2.837432899999999814e-01
-3.102424000000000154e-02 -4.847192000000000167e-02 2.837826299999999802e-01
-3.102424000000000154e-02 -4.847192000000000167e-02 2.837826299999999802e-01
-3.103467000000000031e-02 -4.850085999999999981e-02 2.838622000000000090e-01
-3.104613999999999985e-02 -4.852946000000000343e-02 2.839446099999999862e-01
-3.111589000000000022e-02 -4.850302000000000086e-02 2.838289399999999740e-01
-3.112791999999999989e-02 -4.855203999999999770e-02 2.839904699999999949e-01
-3.138414999999999955e-02 -4.854457000000000216e-02 2.840363399999999983e-01
-3.130904000000000326e-02 -4.855973999999999707e-02 2.840506999999999893e-01
-3.138414999999999955e-02 -4.854457000000000216e-02 2.840363399999999983e-01
-3.138414999999999955e-02 -4.854457000000000216e-02 2.840363399999999983e-01
-3.145799999999999985e-02 -4.852565999999999824e-02 2.840221499999999732e-01
-3.146681999999999951e-02 -4.854341999999999685e-02 2.840852700000000008e-01
-3.169657000000000030e-02 -4.869414999999999855e-02 2.841770399999999919e-01
-3.169077000000000005e-02 -4.881420999999999677e-02 2.841563500000000020e-01
-3.169074000000000196e-02 -4.885877999999999749e-02 2.841523000000000243e-01
-3.169865999999999656e-02 -4.893801999999999874e-02 2.841602899999999821e-01
-3.169074000000000196e-02 -4.885877999999999749e-02 2.841523000000000243e-01
-3.163691999999999893e-02 -4.903086999999999723e-02 2.842201599999999995e-01
-3.163268999999999803e-02 -4.908222999999999753e-02 2.842041000000000150e-01
-3.167028000000000204e-02 -4.910102000000000216e-02 2.841720899999999883e-01
-3.169674000000000103e-02 -4.912127000000000160e-02 2.841486300000000131e-01
-3.173784000000000327e-02 -4.912329000000000001e-02 2.841073299999999913e-01
-3.174969999999999876e-02 -4.916783000000000264e-02 2.840965400000000085e-01
-3.179388999999999826e-02 -4.918286999999999659e-02 2.840630399999999889e-01
-3.181671999999999972e-02 -4.918311999999999684e-02 2.840455199999999958e-01
-3.184734000000000176e-02 -4.919318999999999775e-02 2.840225699999999742e-01
-3.195958000000000132e-02 -4.915347999999999939e-02 2.839436499999999919e-01
-3.189734999999999793e-02 -4.938279999999999753e-02 2.840249499999999983e-01
-3.189734999999999793e-02 -4.938279999999999753e-02 2.840249499999999983e-01
-3.195759000000000100e-02 -4.950414999999999677e-02 2.840268899999999763e-01
-3.209760999999999864e-02 -4.969130000000000075e-02 2.840229899999999752e-01
-3.213677999999999674e-02 -4.968068999999999957e-02 2.839943200000000223e-01
-3.224563999999999903e-02 -4.979105999999999810e-02 2.839801000000000131e-01
-3.271233999999999947e-02 -5.049407000000000201e-02 2.840161900000000017e-01
-3.276019000000000153e-02 -5.058615999999999807e-02 2.840306200000000114e-01
-3.284209999999999907e-02 -5.061083000000000248e-02 2.839904699999999949e-01
-3.292317000000000160e-02 -5.079938999999999982e-02 2.840389300000000228e-01
-3.304158000000000095e-02 -5.090957000000000121e-02 2.840214099999999742e-01
-3.304158000000000095e-02 -5.090957000000000121e-02 2.840214099999999742e-01
-3.307975999999999972e-02 -5.099287999999999738e-02 2.840437299999999943e-01
-3.320039000000000323e-02 -5.109078999999999704e-02 2.840301399999999865e-01
-3.336390999999999663e-02 -5.118525000000000158e-02 2.839986700000000086e-01
-3.327030999999999739e-02 -5.125926000000000093e-02 2.840971899999999994e-01
-3.327030999999999739e-02 -5.125926000000000093e-02 2.840971899999999994e-01
-3.332866999999999774e-02 -5.131387999999999922e-02 2.840990400000000249e-01
-3.337800999999999962e-02 -5.133821000000000218e-02 2.840840199999999927e-01
-3.341017000000000292e-02 -5.140282000000000184e-02 2.841110800000000158e-01
-3.345345000000000263e-02 -5.143574000000000063e-02 2.841101899999999847e-01
-3.352229000000000320e-02 -5.145634000000000319e-02 2.840856600000000176e-01
-3.355111999999999678e-02 -5.151284999999999892e-02 2.841115599999999852e-01
-3.365798999999999874e-02 -5.158963999999999911e-02 2.841166900000000051e-01
-3.382744000000000029e-02 -5.159852999999999662e-02 2.840547299999999775e-01
-3.369540000000000035e-02 -5.165938999999999948e-02 2.841552199999999861e-01
-3.369540000000000035e-02 -5.165938999999999948e-02 2.841552199999999861e-01
-3.380935000000000190e-02 -5.173637999999999848e-02 2.841589500000000212e-01
-3.388667000000000068e-02 -5.173073000000000254e-02 2.841212699999999813e-01
-3.392683999999999978e-02 -5.180506000000000000e-02 2.841635000000000133e-01
-3.396081000000000100e-02 -5.187595999999999874e-02 2.842060900000000223e-01
-3.396081000000000100e-02 -5.187595999999999874e-02 2.842060900000000223e-01
-3.407107000000000191e-02 -5.193857000000000335e-02 2.842174800000000223e-01
-3.414613999999999844e-02 -5.193211999999999828e-02 2.841909499999999977e-01
-3.430783999999999917e-02 -5.199770000000000086e-02 2.841978399999999794e-01
-3.433175000000000116e-02 -5.212498000000000131e-02 2.842850100000000046e-01
-3.443294000000000216e-02 -5.217899000000000148e-02 2.842958899999999955e-01
-3.443294000000000216e-02 -5.217899000000000148e-02 2.842958899999999955e-01
-3.443294000000000216e-02 -5.217899000000000148e-02 2.842958899999999955e-01
-3.443294000000000216e-02 -5.217899000000000148e-02 2.842958899999999955e-01
-3.452662000000000092e-02 -5.218205000000000066e-02 2.842819400000000107e-01
-3.452662000000000092e-02 -5.218205000000000066e-02 2.842819400000000107e-01
-3.461163999999999907e-02 -5.222891000000000339e-02 2.843311099999999980e-01
-3.466268000000000127e-02 -5.222761000000000070e-02 2.843285500000000132e-01
-3.480069000000000218e-02 -5.215179000000000342e-02 2.842644799999999861e-01
-3.471376999999999796e-02 -5.225172000000000150e-02 2.843568599999999891e-01
-3.481354999999999866e-02 -5.225454999999999683e-02 2.843777800000000244e-01
-3.481354999999999866e-02 -5.225454999999999683e-02 2.843777800000000244e-01
-3.481354999999999866e-02 -5.225454999999999683e-02 2.843777800000000244e-01
-3.487111999999999851e-02 -5.226655000000000190e-02 2.844128300000000054e-01
-3.487111999999999851e-02 -5.226655000000000190e-02 2.844128300000000054e-01
-3.491665000000000046e-02 -5.226614999999999733e-02 2.844296399999999836e-01
-3.498596000000000344e-02 -5.225094000000000266e-02 2.844383999999999801e-01
-3.498596000000000344e-02 -5.225094000000000266e-02 2.844383999999999801e-01
-3.514173999999999770e-02 -5.217854000000000242e-02 2.843979600000000052e-01
-3.484355000000000091e-02 -5.241636000000000212e-02 2.846704099999999849e-01
-3.491932999999999843e-02 -5.239883000000000041e-02 2.846734499999999946e-01
-3.491932999999999843e-02 -5.239883000000000041e-02 2.846734499999999946e-01
-3.495319999999999677e-02 -5.241284999999999694e-02 2.847444100000000033e-01
-3.495319999999999677e-02 -5.241284999999999694e-02 2.847444100000000033e-01
-3.502378999999999909e-02 -5.239698999999999746e-02 2.847640799999999750e-01
-3.497190000000000021e-02 -5.242766000000000093e-02 2.848385600000000184e-01
-3.505140999999999812e-02 -5.240380000000000038e-02 2.848448199999999986e-01
-3.505140999999999812e-02 -5.240380000000000038e-02 2.848448199999999986e-01
-3.525611000000000023e-02 -5.230495999999999757e-02 2.847801400000000149e-01
-3.510867000000000154e-02 -5.237578999999999846e-02 2.848189799999999994e-01
-3.517702999999999802e-02 -5.234376999999999780e-02 2.848022599999999738e-01
-3.517702999999999802e-02 -5.234376999999999780e-02 2.848022599999999738e-01
-3.517702999999999802e-02 -5.234376999999999780e-02 2.848022599999999738e-01
-3.519202999999999915e-02 -5.235051000000000287e-02 2.848944999999999950e-01
-3.521347999999999839e-02 -5.232309000000000265e-02 2.847736799999999735e-01
-3.522634999999999655e-02 -5.233266999999999780e-02 2.848633799999999994e-01
-3.525611000000000023e-02 -5.230495999999999757e-02 2.847801400000000149e-01
-3.527249999999999830e-02 -5.231188999999999978e-02 2.848721699999999801e-01
-3.547730000000000328e-02 -5.229600999999999694e-02 2.848150400000000193e-01
-3.554526000000000213e-02 -5.239313000000000303e-02 2.848395699999999864e-01
-3.536658000000000163e-02 -5.226887000000000200e-02 2.848365299999999767e-01
-3.555091999999999974e-02 -5.237673999999999802e-02 2.847703699999999949e-01
-3.555429000000000228e-02 -5.235929999999999751e-02 2.847094199999999908e-01
-3.555429000000000228e-02 -5.235929999999999751e-02 2.847094199999999908e-01
-3.556804999999999689e-02 -5.233103000000000060e-02 2.845638699999999965e-01
-3.556804999999999689e-02 -5.233103000000000060e-02 2.845638699999999965e-01
-3.556804999999999689e-02 -5.233103000000000060e-02 2.845638699999999965e-01
-3.557677000000000062e-02 -5.232762999999999998e-02 2.845062600000000108e-01
-3.555872999999999673e-02 -5.216803999999999886e-02 2.844321100000000158e-01
-3.557947999999999666e-02 -5.230328000000000060e-02 2.844635799999999937e-01
-3.559286999999999868e-02 -5.230437999999999754e-02 2.843762599999999918e-01
-3.559286999999999868e-02 -5.230437999999999754e-02 2.843762599999999918e-01
-3.560205999999999787e-02 -5.230474999999999708e-02 2.843011899999999814e-01
-3.560905999999999794e-02 -5.230840999999999963e-02 2.842345499999999747e-01
-3.560905999999999794e-02 -5.230840999999999963e-02 2.842345499999999747e-01
-3.561965999999999744e-02 -5.231509000000000159e-02 2.841529300000000258e-01
-3.562826999999999661e-02 -5.231236000000000219e-02 2.841072700000000228e-01
-3.564487000000000211e-02 -5.229053000000000173e-02 2.840542799999999923e-01
-3.570924000000000320e-02 -5.217357999999999718e-02 2.839769699999999952e-01
-3.563919000000000115e-02 -5.242651000000000255e-02 2.840349400000000135e-01
-3.564976999999999729e-02 -5.244652999999999815e-02 2.839863899999999775e-01
-3.565414000000000083e-02 -5.247642000000000279e-02 2.839490800000000204e-01
-3.566475000000000201e-02 -5.251800999999999692e-02 2.839280699999999769e-01
-3.569611999999999785e-02 -5.256353999999999888e-02 2.839025000000000021e-01
-3.573967000000000116e-02 -5.257208000000000020e-02 2.838490000000000180e-01
-3.574685999999999836e-02 -5.253718000000000277e-02 2.838198200000000004e-01
-3.575931000000000248e-02 -5.251891000000000198e-02 2.838031599999999988e-01
-3.581730000000000330e-02 -5.252344999999999930e-02 2.837700499999999959e-01
-3.599812000000000151e-02 -5.245956999999999704e-02 2.836719799999999903e-01
-3.587843999999999756e-02 -5.256696000000000285e-02 2.837614099999999917e-01
-3.587843999999999756e-02 -5.256696000000000285e-02 2.837614099999999917e-01
-3.598807999999999868e-02 -5.266388999999999793e-02 2.837434099999999737e-01
-3.604733999999999716e-02 -5.271462999999999843e-02 2.837265400000000271e-01
-3.602616000000000152e-02 -5.267349000000000336e-02 2.837179899999999755e-01
-3.613614999999999883e-02 -5.278568000000000149e-02 2.837006699999999881e-01
-3.616583999999999771e-02 -5.280351999999999962e-02 2.836915300000000251e-01
-3.615505000000000108e-02 -5.277177999999999730e-02 2.836701600000000045e-01
-3.618981999999999755e-02 -5.280038000000000092e-02 2.836670000000000025e-01
-3.634218000000000171e-02 -5.283700999999999676e-02 2.835876299999999794e-01
-3.622422000000000142e-02 -5.284927999999999848e-02 2.836770399999999914e-01
-3.622422000000000142e-02 -5.284927999999999848e-02 2.836770399999999914e-01
-3.622422000000000142e-02 -5.284927999999999848e-02 2.836770399999999914e-01
-3.626425999999999955e-02 -5.288749999999999701e-02 2.836743899999999985e-01
-3.626425999999999955e-02 -5.288749999999999701e-02 2.836743899999999985e-01
-3.626425999999999955e-02 -5.288749999999999701e-02 2.836743899999999985e-01
-3.629972000000000060e-02 -5.291076000000000112e-02 2.836662500000000087e-01
-3.629252000000000172e-02 -5.288936999999999805e-02 2.836525699999999928e-01
-3.629252000000000172e-02 -5.288936999999999805e-02 2.836525699999999928e-01
-3.639442999999999845e-02 -5.286678999999999684e-02 2.835786000000000140e-01
-3.629972000000000060e-02 -5.291076000000000112e-02 2.836662500000000087e-01
-3.633212999999999721e-02 -5.294258000000000297e-02 2.836748700000000234e-01
-3.637104000000000031e-02 -5.293681000000000081e-02 2.836445899999999742e-01
-3.647486999999999951e-02 -5.298761999999999917e-02 2.836172599999999822e-01
-3.647486999999999951e-02 -5.298761999999999917e-02 2.836172599999999822e-01
-3.652978999999999948e-02 -5.300988999999999701e-02 2.835992900000000039e-01
-3.661140000000000227e-02 -5.305395999999999723e-02 2.835910300000000217e-01
-3.661140000000000227e-02 -5.305395999999999723e-02 2.835910300000000217e-01
-3.667606000000000338e-02 -5.312503999999999837e-02 2.836095699999999775e-01
-3.682463999999999876e-02 -5.310621000000000091e-02 2.835238600000000164e-01
-3.675190999999999875e-02 -5.314246000000000247e-02 2.835839399999999788e-01
-3.681654000000000176e-02 -5.318889999999999729e-02 2.835831600000000008e-01
-3.691372999999999877e-02 -5.332537999999999861e-02 2.836232799999999776e-01
-3.691372999999999877e-02 -5.332537999999999861e-02 2.836232799999999776e-01
-3.691372999999999877e-02 -5.332537999999999861e-02 2.836232799999999776e-01
-3.700842000000000021e-02 -5.338352999999999848e-02 2.836062599999999989e-01
-3.708994000000000180e-02 -5.341065999999999869e-02 2.835762199999999900e-01
-3.714554999999999940e-02 -5.347760000000000014e-02 2.835978000000000110e-01
-3.714554999999999940e-02 -5.347760000000000014e-02 2.835978000000000110e-01
-3.734816999999999998e-02 -5.352740999999999749e-02 2.835167100000000051e-01
-3.724459000000000103e-02 -5.358547000000000310e-02 2.836245299999999858e-01
-3.735340000000000188e-02 -5.365447000000000272e-02 2.836142500000000122e-01
-3.735340000000000188e-02 -5.365447000000000272e-02 2.836142500000000122e-01
-3.741569000000000145e-02 -5.369870000000000199e-02 2.836098100000000177e-01
-3.748991000000000129e-02 -5.375371999999999789e-02 2.836144600000000127e-01
-3.756502999999999926e-02 -5.380900999999999740e-02 2.836167199999999888e-01
-3.756502999999999926e-02 -5.380900999999999740e-02 2.836167199999999888e-01
-3.769121000000000277e-02 -5.386463999999999835e-02 2.835899299999999901e-01
-3.769121000000000277e-02 -5.386463999999999835e-02 2.835899299999999901e-01
-3.788402999999999909e-02 -5.393562999999999830e-02 2.835583700000000040e-01
-3.785097999999999935e-02 -5.397185000000000177e-02 2.836154699999999806e-01
-3.794451000000000074e-02 -5.404053000000000329e-02 2.836368699999999854e-01
-3.794451000000000074e-02 -5.404053000000000329e-02 2.836368699999999854e-01
-3.802396999999999722e-02 -5.406393999999999783e-02 2.836158300000000132e-01
-3.810434000000000043e-02 -5.410555999999999699e-02 2.836160999999999821e-01
-3.822646999999999851e-02 -5.418144999999999906e-02 2.836265900000000117e-01
-3.822646999999999851e-02 -5.418144999999999906e-02 2.836265900000000117e-01
-3.829309000000000185e-02 -5.422060000000000074e-02 2.836270599999999864e-01
-3.842373000000000316e-02 -5.424348999999999837e-02 2.835885599999999895e-01
-3.853594999999999937e-02 -5.424608999999999681e-02 2.835520499999999999e-01
-3.843918000000000335e-02 -5.430350999999999928e-02 2.836445599999999900e-01
-3.851877000000000079e-02 -5.433766000000000290e-02 2.836490600000000084e-01
-3.851877000000000079e-02 -5.433766000000000290e-02 2.836490600000000084e-01
-3.859811999999999965e-02 -5.436164000000000274e-02 2.836439900000000125e-01
-3.870494000000000018e-02 -5.440454000000000123e-02 2.836470300000000222e-01
-3.870494000000000018e-02 -5.440454000000000123e-02 2.836470300000000222e-01
-3.876795999999999714e-02 -5.442993000000000137e-02 2.836514700000000166e-01
-3.882597000000000131e-02 -5.445288999999999685e-02 2.836570400000000269e-01
-3.887414000000000147e-02 -5.447362000000000037e-02 2.836615699999999740e-01
-3.904421000000000280e-02 -5.443341000000000152e-02 2.835677600000000020e-01
-3.915967000000000059e-02 -5.456186999999999843e-02 2.836807100000000026e-01
-3.920480999999999966e-02 -5.458336999999999911e-02 2.836932500000000079e-01
-3.915571999999999803e-02 -5.460091999999999723e-02 2.837305999999999995e-01
-3.922466000000000147e-02 -5.462844000000000033e-02 2.837560499999999819e-01
-3.936945000000000028e-02 -5.463794000000000289e-02 2.837565200000000121e-01
-3.933062999999999837e-02 -5.464963999999999933e-02 2.837811100000000031e-01
-3.938322999999999824e-02 -5.467394999999999894e-02 2.838155299999999825e-01
-3.944637000000000143e-02 -5.465435999999999905e-02 2.837765500000000163e-01
-3.951678000000000135e-02 -5.468727000000000310e-02 2.838328199999999857e-01
-3.959102999999999928e-02 -5.464370000000000338e-02 2.837726199999999754e-01
-3.955046000000000256e-02 -5.474360999999999811e-02 2.839370700000000136e-01
-3.961256999999999973e-02 -5.475593000000000127e-02 2.839712200000000242e-01
-3.968131999999999909e-02 -5.474369999999999931e-02 2.839613599999999960e-01
-3.974147000000000096e-02 -5.476600999999999692e-02 2.840210200000000129e-01
-3.981449000000000099e-02 -5.475996000000000336e-02 2.840360699999999738e-01
-3.985422000000000270e-02 -5.476966999999999947e-02 2.840784800000000221e-01
-3.991970000000000240e-02 -5.477143999999999763e-02 2.841277400000000175e-01
-3.997755000000000059e-02 -5.477354999999999724e-02 2.841840999999999950e-01
-4.006119000000000346e-02 -5.475258000000000208e-02 2.842043899999999734e-01
-4.017532000000000048e-02 -5.464465000000000294e-02 2.841308699999999798e-01
-4.010363000000000122e-02 -5.474608000000000252e-02 2.842412000000000272e-01
-4.016221999999999848e-02 -5.474667999999999896e-02 2.843256599999999801e-01
-4.020723999999999826e-02 -5.476170999999999817e-02 2.844328300000000254e-01
-4.027565000000000311e-02 -5.472418999999999895e-02 2.844314000000000009e-01
-4.027565000000000311e-02 -5.472418999999999895e-02 2.844314000000000009e-01
-4.032225999999999866e-02 -5.472238000000000102e-02 2.845179999999999931e-01
-4.035893000000000119e-02 -5.472177999999999765e-02 2.845938199999999973e-01
-4.040126000000000134e-02 -5.470586000000000199e-02 2.846306299999999956e-01
-4.043889999999999985e-02 -5.468724999999999975e-02 2.846565500000000082e-01
-4.056521999999999906e-02 -5.458339000000000246e-02 2.846828699999999768e-01
-4.047855000000000203e-02 -5.468279999999999669e-02 2.847593400000000274e-01
-4.051753000000000299e-02 -5.467563000000000284e-02 2.848482999999999987e-01
-4.051198000000000299e-02 -5.466696000000000055e-02 2.847985000000000100e-01
-4.055468999999999741e-02 -5.465620999999999674e-02 2.848964299999999783e-01
-4.059789999999999927e-02 -5.462923000000000084e-02 2.849380699999999877e-01
-4.060949999999999976e-02 -5.462844000000000033e-02 2.849980599999999975e-01
-4.059950999999999838e-02 -5.461006999999999667e-02 2.848624900000000237e-01
-4.063440000000000107e-02 -5.459970000000000101e-02 2.849562800000000062e-01
-4.067869999999999819e-02 -5.457054000000000071e-02 2.850265799999999738e-01
-4.076193000000000177e-02 -5.448121999999999687e-02 2.850038699999999925e-01
-4.067384000000000277e-02 -5.458670000000000189e-02 2.850850500000000065e-01
-4.067384000000000277e-02 -5.458670000000000189e-02 2.850850500000000065e-01
-4.071825999999999918e-02 -5.457428999999999752e-02 2.851911500000000044e-01
-4.074397999999999909e-02 -5.453469999999999845e-02 2.851247800000000221e-01
-4.074397999999999909e-02 -5.453469999999999845e-02 2.851247800000000221e-01
-4.078566000000000136e-02 -5.453424999999999939e-02 2.852388000000000146e-01
-4.078566000000000136e-02 -5.453424999999999939e-02 2.852388000000000146e-01
-4.078566000000000136e-02 -5.453424999999999939e-02 2.852388000000000146e-01
-4.082940999999999654e-02 -5.451336999999999849e-02 2.852850900000000189e-01
-4.089919999999999667e-02 -5.441174000000000011e-02 2.852115000000000067e-01
-2.862804000000000043e-02 -3.726878000000000135e-02 2.870037899999999809e-01
-2.861585999999999991e-02 -3.730908000000000141e-02 2.870400499999999910e-01
-2.858662999999999829e-02 -3.732012999999999997e-02 2.870697099999999780e-01
-2.860060000000000033e-02 -3.738094000000000139e-02 2.871342299999999903e-01
-2.858045000000000030e-02 -3.739092000000000110e-02 2.871628099999999906e-01
-2.858907999999999935e-02 -3.742687000000000097e-02 2.872079599999999844e-01
-2.856877000000000028e-02 -3.744958999999999788e-02 2.872494800000000015e-01
-2.859590000000000048e-02 -3.747857999999999745e-02 2.872794599999999865e-01
-2.855455999999999966e-02 -3.751630999999999716e-02 2.873684499999999975e-01
-2.878847000000000003e-02 -3.757842000000000127e-02 2.873634099999999858e-01
-2.848534000000000135e-02 -3.754066999999999821e-02 2.874737099999999934e-01
-2.846245999999999846e-02 -3.756171999999999983e-02 2.875262199999999990e-01
-2.840372000000000036e-02 -3.757988999999999774e-02 2.875817099999999904e-01
-2.841857999999999884e-02 -3.760097999999999913e-02 2.876338099999999898e-01
-2.844437000000000007e-02 -3.761333000000000037e-02 2.876603899999999880e-01
-2.842010999999999843e-02 -3.762105999999999784e-02 2.876979100000000011e-01
-2.843029999999999863e-02 -3.764660000000000228e-02 2.877740300000000140e-01
-2.841870999999999980e-02 -3.765918000000000043e-02 2.878222500000000017e-01
-2.844500000000000153e-02 -3.767170000000000241e-02 2.878633400000000231e-01
-2.869986999999999885e-02 -3.770804999999999990e-02 2.878907299999999836e-01
-2.836028000000000160e-02 -3.769128000000000062e-02 2.880150100000000157e-01
-2.833366000000000010e-02 -3.770952000000000331e-02 2.880864100000000150e-01
-2.831776000000000085e-02 -3.773482999999999699e-02 2.881582999999999783e-01
-2.831341000000000066e-02 -3.774997000000000075e-02 2.882032400000000272e-01
-2.825859999999999830e-02 -3.777413000000000298e-02 2.882772399999999902e-01
-2.828502000000000099e-02 -3.778817000000000287e-02 2.883204799999999901e-01
-2.826224000000000097e-02 -3.781125999999999932e-02 2.883977600000000030e-01
-2.825748000000000149e-02 -3.782930000000000320e-02 2.884541500000000203e-01
-2.829566999999999846e-02 -3.785149000000000152e-02 2.885361900000000257e-01
-2.876806000000000155e-02 -3.785614000000000340e-02 2.885447400000000218e-01
-2.828670999999999963e-02 -3.786736000000000268e-02 2.886179999999999857e-01
-2.822503000000000165e-02 -3.787671000000000093e-02 2.886591299999999860e-01
-2.819636999999999838e-02 -3.789498000000000172e-02 2.887097900000000217e-01
-2.816135000000000166e-02 -3.791484999999999994e-02 2.887449899999999792e-01
-2.807868000000000169e-02 -3.795376000000000305e-02 2.888126999999999778e-01
-2.807868000000000169e-02 -3.795376000000000305e-02 2.888126999999999778e-01
-2.806055999999999828e-02 -3.798229999999999662e-02 2.889279399999999942e-01
-2.806055999999999828e-02 -3.798229999999999662e-02 2.889279399999999942e-01
-2.804525000000000073e-02 -3.800230000000000274e-02 2.890145199999999970e-01
-2.794653999999999888e-02 -3.799641000000000129e-02 2.890252799999999955e-01
-2.794059999999999946e-02 -3.805301999999999990e-02 2.891661500000000107e-01
-2.794059999999999946e-02 -3.805301999999999990e-02 2.891661500000000107e-01
-2.796264000000000041e-02 -3.809531000000000028e-02 2.892520399999999881e-01
-2.786036999999999889e-02 -3.811271000000000103e-02 2.893382600000000138e-01
-2.785102000000000064e-02 -3.815186999999999745e-02 2.894158099999999956e-01
-2.783590000000000023e-02 -3.818305999999999784e-02 2.894785100000000222e-01
-2.784272000000000136e-02 -3.821565999999999852e-02 2.895458300000000040e-01
-2.783570999999999962e-02 -3.825220000000000009e-02 2.896330400000000083e-01
-2.799702000000000093e-02 -3.830062000000000050e-02 2.896555399999999891e-01
-2.783570999999999962e-02 -3.825220000000000009e-02 2.896330400000000083e-01
-2.785910999999999943e-02 -3.834015999999999813e-02 2.897966200000000048e-01
-2.782793999999999893e-02 -3.836984999999999701e-02 2.898828999999999989e-01
-2.794995000000000118e-02 -3.840033999999999809e-02 2.898607300000000109e-01
-2.796908999999999854e-02 -3.844274000000000302e-02 2.899394000000000138e-01
-2.798834000000000044e-02 -3.848561999999999816e-02 2.899974300000000005e-01
-2.799066999999999875e-02 -3.853531999999999791e-02 2.900661199999999829e-01
-2.803519000000000150e-02 -3.858662000000000203e-02 2.901062999999999836e-01
-2.804564000000000015e-02 -3.862568999999999725e-02 2.901597300000000046e-01
-2.817143000000000078e-02 -3.866312999999999694e-02 2.901593399999999878e-01
-2.817143000000000078e-02 -3.866312999999999694e-02 2.901593399999999878e-01
-2.812148000000000078e-02 -3.867899999999999811e-02 2.901947200000000171e-01
-2.812148000000000078e-02 -3.867899999999999811e-02 2.901947200000000171e-01
-2.812148000000000078e-02 -3.867899999999999811e-02 2.901947200000000171e-01
-2.813192999999999944e-02 -3.870708999999999955e-02 2.902153399999999883e-01
-2.813192999999999944e-02 -3.870708999999999955e-02 2.902153399999999883e-01
-2.813192999999999944e-02 -3.870708999999999955e-02 2.902153399999999883e-01
-2.813192999999999944e-02 -3.870708999999999955e-02 2.902153399999999883e-01
-2.834168999999999924e-02 -3.876439000000000273e-02 2.902712800000000204e-01
-2.826489999999999905e-02 -3.882249000000000116e-02 2.902876999999999819e-01
-2.836338999999999874e-02 -3.883701999999999988e-02 2.903327299999999833e-01
-2.899569000000000105e-02 -3.898828000000000016e-02 2.902653499999999775e-01
-2.831815999999999847e-02 -3.894979999999999970e-02 2.903821200000000213e-01
-2.837220999999999840e-02 -3.900461000000000206e-02 2.904284300000000152e-01
-2.833485999999999991e-02 -3.908444999999999975e-02 2.904615700000000023e-01
-2.826692999999999914e-02 -3.910053000000000140e-02 2.904719399999999840e-01
-2.830869999999999914e-02 -3.914312999999999820e-02 2.904930700000000199e-01
-2.910228999999999941e-02 -3.914108000000000170e-02 2.905164100000000027e-01
-2.907956000000000082e-02 -3.927256999999999970e-02 2.904303100000000248e-01
-2.908880999999999967e-02 -3.937902000000000069e-02 2.904177000000000008e-01
-2.908880999999999967e-02 -3.937902000000000069e-02 2.904177000000000008e-01
-2.908604999999999871e-02 -3.954669999999999713e-02 2.903523100000000023e-01
-2.908604999999999871e-02 -3.954669999999999713e-02 2.903523100000000023e-01
-2.904690000000000050e-02 -3.966864999999999974e-02 2.906054000000000137e-01
-2.904690000000000050e-02 -3.966864999999999974e-02 2.906054000000000137e-01
-2.894992000000000051e-02 -3.979056000000000259e-02 2.906067399999999745e-01
-2.907577000000000078e-02 -3.982063999999999743e-02 2.905674300000000154e-01
-2.916180000000000161e-02 -3.978016000000000191e-02 2.905405799999999927e-01
-2.890496999999999858e-02 -4.004925000000000151e-02 2.905668299999999982e-01
-2.900859000000000076e-02 -4.009076999999999780e-02 2.905257900000000060e-01
-2.900859000000000076e-02 -4.009076999999999780e-02 2.905257900000000060e-01
-2.912816000000000016e-02 -3.994551999999999825e-02 2.902210100000000015e-01
-2.915637999999999910e-02 -4.003828000000000248e-02 2.902041100000000151e-01
-2.914061999999999902e-02 -4.008376000000000300e-02 2.901443499999999953e-01
-2.913075000000000039e-02 -4.012788999999999939e-02 2.900931800000000060e-01
-2.911874000000000060e-02 -4.017185000000000200e-02 2.900340599999999824e-01
-2.910899999999999946e-02 -4.021757000000000110e-02 2.899774299999999805e-01
-2.922407999999999950e-02 -4.034033000000000063e-02 2.900666900000000159e-01
-2.907865000000000102e-02 -4.029869999999999980e-02 2.898534199999999728e-01
-2.909225000000000005e-02 -4.036106999999999889e-02 2.898189700000000091e-01
-2.909627999999999867e-02 -4.040948999999999930e-02 2.897784400000000260e-01
-2.910493999999999928e-02 -4.045072000000000251e-02 2.897494400000000248e-01
-2.909654999999999880e-02 -4.049524000000000179e-02 2.896859900000000043e-01
-2.908256999999999856e-02 -4.053408000000000011e-02 2.896159300000000214e-01
-2.912609000000000031e-02 -4.060575999999999769e-02 2.896066900000000000e-01
-2.913355999999999932e-02 -4.066655999999999743e-02 2.895422000000000273e-01
-2.908420000000000102e-02 -4.063457000000000180e-02 2.894999999999999796e-01
-2.919296999999999864e-02 -4.073505000000000181e-02 2.895469700000000146e-01
-2.904558999999999960e-02 -4.074813000000000046e-02 2.893119800000000241e-01
-2.904614999999999975e-02 -4.079997999999999958e-02 2.892530600000000063e-01
-2.909470000000000112e-02 -4.088336000000000053e-02 2.892264700000000133e-01
-2.909470000000000112e-02 -4.088336000000000053e-02 2.892264700000000133e-01
-2.908590000000000134e-02 -4.095533999999999980e-02 2.891253799999999874e-01
-2.908308000000000074e-02 -4.104299000000000142e-02 2.890202700000000235e-01
-2.913579999999999989e-02 -4.111385000000000040e-02 2.890099600000000102e-01
-2.920355999999999994e-02 -4.120440999999999687e-02 2.889898699999999820e-01
-2.911615999999999857e-02 -4.120879999999999682e-02 2.888810600000000228e-01
-2.930715000000000056e-02 -4.131089000000000289e-02 2.889681199999999950e-01
-2.911228999999999900e-02 -4.131395999999999680e-02 2.887518700000000216e-01
-2.910356999999999875e-02 -4.139380000000000143e-02 2.886417499999999747e-01
-2.913916000000000076e-02 -4.146466000000000041e-02 2.885890600000000084e-01
-2.919356999999999855e-02 -4.156591999999999926e-02 2.885089200000000020e-01
-2.926004000000000105e-02 -4.162011999999999656e-02 2.884939899999999779e-01
-2.932009000000000004e-02 -4.169312000000000018e-02 2.884332800000000141e-01
-2.940821000000000060e-02 -4.175198000000000104e-02 2.884059800000000062e-01
-2.939744999999999858e-02 -4.183032999999999890e-02 2.882655000000000078e-01
-2.945994000000000043e-02 -4.188791000000000042e-02 2.882031500000000190e-01
-2.946355999999999975e-02 -4.197681999999999802e-02 2.880420100000000150e-01
-2.951304999999999901e-02 -4.202022999999999869e-02 2.879828199999999727e-01
-2.967316000000000051e-02 -4.203666000000000347e-02 2.880060999999999871e-01
-2.976265000000000160e-02 -4.207522999999999819e-02 2.879352299999999865e-01
-2.998788000000000148e-02 -4.207351000000000146e-02 2.879427099999999906e-01
-3.008860000000000007e-02 -4.212467000000000295e-02 2.878854000000000135e-01
-3.019581000000000001e-02 -4.217238999999999710e-02 2.878768400000000227e-01
-3.022145000000000040e-02 -4.221081000000000139e-02 2.878199499999999911e-01
-3.028161000000000047e-02 -4.224922999999999873e-02 2.878129799999999960e-01
-3.043016000000000124e-02 -4.236386000000000318e-02 2.878237100000000104e-01
-3.022677000000000003e-02 -4.233858000000000066e-02 2.876361299999999899e-01
-3.031295999999999990e-02 -4.235743000000000147e-02 2.876797600000000066e-01
-3.031295999999999990e-02 -4.235743000000000147e-02 2.876797600000000066e-01
-3.035035999999999984e-02 -4.240856999999999960e-02 2.876620599999999972e-01
-3.040990999999999833e-02 -4.243954999999999950e-02 2.876957399999999776e-01
-3.040990999999999833e-02 -4.243954999999999950e-02 2.876957399999999776e-01
-3.049405000000000171e-02 -4.270448999999999773e-02 2.877269700000000263e-01
-3.048582999999999849e-02 -4.277994999999999715e-02 2.877523000000000164e-01
-3.043950999999999948e-02 -4.283288999999999846e-02 2.877215399999999978e-01
-3.057566000000000103e-02 -4.268182999999999699e-02 2.878317799999999815e-01
-3.038263999999999895e-02 -4.290584000000000064e-02 2.876952300000000240e-01
-3.040506000000000111e-02 -4.294068999999999664e-02 2.877824600000000177e-01
-3.039189999999999947e-02 -4.299510000000000137e-02 2.878581000000000056e-01
-3.039189999999999947e-02 -4.299510000000000137e-02 2.878581000000000056e-01
-3.038458000000000131e-02 -4.303470999999999685e-02 2.879596899999999904e-01
-3.033515000000000170e-02 -4.310495999999999772e-02 2.879960500000000034e-01
-3.030120999999999856e-02 -4.315170000000000117e-02 2.880168900000000254e-01
-3.034339999999999954e-02 -4.310851000000000266e-02 2.880643299999999796e-01
-3.028064999999999923e-02 -4.319080000000000141e-02 2.881014599999999759e-01
-3.036178000000000141e-02 -4.309832000000000246e-02 2.882911899999999750e-01
-3.022862000000000118e-02 -4.332195999999999964e-02 2.882828700000000244e-01
-3.020998999999999907e-02 -4.336654000000000203e-02 2.883124100000000190e-01
-3.023502000000000134e-02 -4.336892999999999998e-02 2.884576600000000046e-01
-3.026206000000000035e-02 -4.337015999999999788e-02 2.885927300000000195e-01
-3.022903999999999869e-02 -4.345787000000000261e-02 2.886165099999999928e-01
-3.025836000000000151e-02 -4.346723999999999727e-02 2.887532999999999905e-01
-3.028648000000000104e-02 -4.346984000000000264e-02 2.888670300000000246e-01
-3.026424000000000128e-02 -4.354431999999999747e-02 2.888859200000000182e-01
-3.031802999999999929e-02 -4.351465999999999668e-02 2.890536799999999795e-01
-3.036739000000000105e-02 -4.339900000000000008e-02 2.892022399999999993e-01
-3.034788000000000069e-02 -4.351955999999999880e-02 2.891811100000000190e-01
-3.035517000000000076e-02 -4.363384000000000013e-02 2.892952899999999827e-01
-3.037698999999999955e-02 -4.363079999999999736e-02 2.893648099999999723e-01
-3.040651000000000118e-02 -4.361824000000000257e-02 2.894658099999999901e-01
-3.039441000000000018e-02 -4.372730999999999840e-02 2.894865300000000197e-01
-3.043324000000000029e-02 -4.364084000000000019e-02 2.895923300000000089e-01
-3.031127999999999947e-02 -4.349258999999999764e-02 2.899425299999999761e-01
-3.049183000000000102e-02 -4.379794000000000048e-02 2.898092299999999732e-01
-3.034419000000000005e-02 -4.355291000000000023e-02 2.900970900000000019e-01
-3.053376000000000007e-02 -4.369050000000000017e-02 2.900356099999999993e-01
-3.044598999999999916e-02 -4.361472999999999739e-02 2.902304800000000129e-01
-3.058334000000000052e-02 -4.392932000000000087e-02 2.900669300000000006e-01
-3.057249000000000078e-02 -4.372601999999999739e-02 2.901463200000000131e-01
-3.063615999999999909e-02 -4.392539000000000166e-02 2.902054800000000157e-01
-3.067022999999999971e-02 -4.393877999999999673e-02 2.902935999999999850e-01
-3.069509000000000126e-02 -4.400579000000000296e-02 2.903317499999999995e-01
-3.074187000000000100e-02 -4.409471000000000224e-02 2.904131999999999825e-01
-3.078586999999999990e-02 -4.414028999999999869e-02 2.905018300000000164e-01
-3.081358000000000014e-02 -4.417710999999999860e-02 2.905568199999999934e-01
-3.083920999999999885e-02 -4.408037000000000066e-02 2.908378200000000247e-01
-3.075858999999999885e-02 -4.410762000000000016e-02 2.909889199999999843e-01
-3.097735000000000072e-02 -4.441968000000000305e-02 2.907765500000000225e-01
-3.095140999999999865e-02 -4.432362000000000107e-02 2.907900800000000063e-01
-3.104495000000000171e-02 -4.454655999999999894e-02 2.908249500000000265e-01
-3.101804999999999840e-02 -4.446009000000000072e-02 2.908339200000000235e-01
-3.106004000000000057e-02 -4.451249000000000178e-02 2.908806800000000026e-01
-3.110566000000000025e-02 -4.456489999999999757e-02 2.909326899999999938e-01
-3.114350000000000104e-02 -4.466193000000000246e-02 2.909212999999999938e-01
-3.126947000000000060e-02 -4.475673000000000151e-02 2.910865799999999837e-01
-3.128183999999999826e-02 -4.491194999999999909e-02 2.909329500000000235e-01
-3.128183999999999826e-02 -4.491194999999999909e-02 2.909329500000000235e-01
-3.132317999999999908e-02 -4.499804000000000304e-02 2.909118800000000116e-01
-3.132317999999999908e-02 -4.499804000000000304e-02 2.909118800000000116e-01
-3.138268000000000307e-02 -4.509145999999999987e-02 2.909070300000000109e-01
-3.138268000000000307e-02 -4.509145999999999987e-02 2.909070300000000109e-01
-3.143516999999999839e-02 -4.518408000000000146e-02 2.908807999999999949e-01
-3.138066999999999940e-02 -4.518106999999999679e-02 2.907989000000000268e-01
-3.138066999999999940e-02 -4.518106999999999679e-02 2.907989000000000268e-01
-3.149604000000000292e-02 -4.526588000000000139e-02 2.908935500000000007e-01
-3.141097000000000333e-02 -4.535242999999999913e-02 2.906631499999999813e-01
-3.149235000000000229e-02 -4.549320999999999920e-02 2.906280500000000266e-01
-3.142911000000000316e-02 -4.543674999999999797e-02 2.905977100000000091e-01
-3.147997000000000295e-02 -4.556712999999999736e-02 2.905187900000000267e-01
-3.142289000000000193e-02 -4.554673000000000055e-02 2.904605599999999788e-01
-3.149559999999999860e-02 -4.565173000000000147e-02 2.904355800000000265e-01
-3.151758999999999811e-02 -4.569336999999999704e-02 2.904123100000000068e-01
-3.147086000000000328e-02 -4.570666999999999786e-02 2.903353300000000026e-01
-3.155266999999999794e-02 -4.582047000000000203e-02 2.902898199999999762e-01
-3.160139000000000004e-02 -4.581115999999999661e-02 2.903629200000000243e-01
-3.144156000000000034e-02 -4.587571000000000010e-02 2.900928899999999921e-01
-3.149712000000000345e-02 -4.594619999999999954e-02 2.900726200000000032e-01
-3.141246999999999789e-02 -4.596356000000000053e-02 2.899441700000000011e-01
-3.143080000000000179e-02 -4.602624999999999772e-02 2.898864700000000072e-01
-3.145467999999999875e-02 -4.609607999999999761e-02 2.898201899999999775e-01
-3.148785999999999946e-02 -4.616887000000000074e-02 2.897532600000000125e-01
-3.144258999999999943e-02 -4.617302000000000212e-02 2.896970200000000273e-01
-3.146546000000000065e-02 -4.625955999999999818e-02 2.896008500000000208e-01
-3.142629000000000256e-02 -4.625462000000000323e-02 2.895647000000000082e-01
-3.155994000000000160e-02 -4.630412999999999890e-02 2.896353600000000084e-01
-3.146687000000000095e-02 -4.639589000000000213e-02 2.893975400000000087e-01
-3.143147999999999775e-02 -4.641924000000000050e-02 2.893224400000000140e-01
-3.146125000000000310e-02 -4.650155000000000260e-02 2.892229299999999892e-01
-3.142757000000000189e-02 -4.654486000000000040e-02 2.891168299999999913e-01
-3.150040999999999952e-02 -4.659396999999999844e-02 2.891087800000000096e-01
-3.147935000000000316e-02 -4.665075999999999945e-02 2.889807200000000242e-01
-3.150249000000000105e-02 -4.669390999999999819e-02 2.889243100000000175e-01
-3.153820000000000234e-02 -4.675031000000000325e-02 2.888578500000000271e-01
-3.153145000000000253e-02 -4.681587000000000248e-02 2.887364900000000123e-01
-3.180211000000000149e-02 -4.681144999999999751e-02 2.889116700000000093e-01
-3.163364999999999927e-02 -4.687691000000000080e-02 2.886859199999999848e-01
-3.163352999999999998e-02 -4.691105999999999748e-02 2.886192499999999939e-01
-3.162945000000000340e-02 -4.694755999999999929e-02 2.885474000000000094e-01
-3.162726999999999900e-02 -4.698008000000000045e-02 2.884848700000000044e-01
-3.162286999999999737e-02 -4.701676999999999940e-02 2.884149300000000138e-01
-3.169912999999999897e-02 -4.704131000000000284e-02 2.883990699999999796e-01
-3.169696000000000319e-02 -4.707015999999999978e-02 2.883413699999999857e-01
-3.170403000000000110e-02 -4.710886000000000240e-02 2.882653199999999916e-01
-3.169240999999999725e-02 -4.713799999999999935e-02 2.882060100000000125e-01
-3.206384000000000317e-02 -4.704748000000000263e-02 2.884259200000000023e-01
-3.189117999999999814e-02 -4.711579999999999935e-02 2.882877300000000198e-01
-3.193524999999999836e-02 -4.708379000000000036e-02 2.883561299999999883e-01
-3.197317000000000214e-02 -4.710899999999999810e-02 2.883016800000000046e-01
-3.209943999999999992e-02 -4.711346999999999757e-02 2.882783099999999821e-01
-3.219086000000000169e-02 -4.709176999999999808e-02 2.882963399999999843e-01
-3.229027999999999760e-02 -4.708042999999999950e-02 2.882711299999999865e-01
-3.239206000000000030e-02 -4.704873999999999862e-02 2.882977700000000087e-01
-3.263288999999999773e-02 -4.722954000000000041e-02 2.881757300000000188e-01
-3.263785000000000297e-02 -4.729457000000000105e-02 2.881425599999999920e-01
-3.270438999999999985e-02 -4.727995000000000114e-02 2.882915999999999812e-01
-3.263931999999999944e-02 -4.752978000000000064e-02 2.881249200000000066e-01
-3.270383999999999791e-02 -4.761371999999999827e-02 2.882979199999999853e-01
-3.272292999999999730e-02 -4.772354000000000179e-02 2.884534599999999949e-01
-3.268780000000000296e-02 -4.778638000000000330e-02 2.884305400000000130e-01
-3.264858999999999817e-02 -4.789822999999999997e-02 2.884974499999999886e-01
-3.261465999999999671e-02 -4.800233999999999751e-02 2.885641199999999795e-01
-3.258105000000000029e-02 -4.809253000000000139e-02 2.885746100000000092e-01
-3.258475999999999734e-02 -4.812915999999999722e-02 2.886550399999999739e-01
-3.256897000000000264e-02 -4.822143999999999736e-02 2.886876500000000179e-01
-3.261239999999999972e-02 -4.807675000000000143e-02 2.887051999999999952e-01
-3.256115999999999872e-02 -4.839202000000000087e-02 2.887301700000000082e-01
-3.254048999999999831e-02 -4.830867999999999968e-02 2.886421699999999757e-01
-3.259337000000000345e-02 -4.838051000000000157e-02 2.888264400000000176e-01
-3.258218000000000225e-02 -4.833197999999999661e-02 2.887777400000000050e-01
-3.260311999999999932e-02 -4.831160000000000315e-02 2.888334100000000126e-01
-3.264886000000000177e-02 -4.830170000000000297e-02 2.889649000000000245e-01
-3.267118000000000105e-02 -4.832634999999999709e-02 2.890419100000000130e-01
-3.272073000000000342e-02 -4.834383999999999904e-02 2.891981299999999977e-01
-3.270916000000000101e-02 -4.825907000000000113e-02 2.891482699999999850e-01
-3.277267999999999848e-02 -4.818121999999999683e-02 2.893608500000000028e-01
-3.274346000000000201e-02 -4.835886999999999825e-02 2.892674800000000213e-01
-3.276327999999999879e-02 -4.832601000000000258e-02 2.893277399999999999e-01
-3.279249000000000053e-02 -4.835470000000000046e-02 2.894281400000000004e-01
-3.286051000000000250e-02 -4.841977000000000086e-02 2.896511299999999789e-01
-3.290495999999999699e-02 -4.842225000000000001e-02 2.897855599999999976e-01
-3.288367999999999847e-02 -4.836002999999999830e-02 2.897303700000000148e-01
-3.288367999999999847e-02 -4.836002999999999830e-02 2.897303700000000148e-01
-3.289896999999999960e-02 -4.833347999999999811e-02 2.897874699999999915e-01
-3.292794999999999750e-02 -4.834320999999999757e-02 2.898945499999999731e-01
-3.293539999999999662e-02 -4.823523999999999867e-02 2.900988800000000034e-01
-3.278418000000000304e-02 -4.815836999999999896e-02 2.901063600000000076e-01
-3.280381000000000269e-02 -4.818315000000000098e-02 2.902126899999999954e-01
-3.283388000000000279e-02 -4.822250000000000147e-02 2.903671899999999972e-01
-3.284543999999999658e-02 -4.822963999999999724e-02 2.904096800000000034e-01
-3.290124999999999994e-02 -4.824476999999999932e-02 2.905258800000000141e-01
-3.293560999999999711e-02 -4.825926999999999994e-02 2.906167499999999793e-01
-3.297458999999999807e-02 -4.827975999999999795e-02 2.907611099999999893e-01
-3.299839000000000244e-02 -4.829753999999999992e-02 2.908468200000000059e-01
-3.302702999999999889e-02 -4.833955000000000196e-02 2.909856100000000056e-01
-3.319918000000000174e-02 -4.835831000000000157e-02 2.910766599999999871e-01
-3.300735999999999948e-02 -4.840773999999999772e-02 2.911214500000000038e-01
-3.305214000000000069e-02 -4.840188000000000129e-02 2.911260999999999988e-01
-3.313093000000000288e-02 -4.840669999999999695e-02 2.911927999999999739e-01
-3.322792000000000107e-02 -4.842144999999999783e-02 2.912840199999999768e-01
-3.332680999999999838e-02 -4.855311999999999822e-02 2.915671200000000129e-01
-3.338682999999999929e-02 -4.857171999999999878e-02 2.916020999999999752e-01
-3.346306000000000280e-02 -4.861941000000000179e-02 2.916945200000000127e-01
-3.348562000000000066e-02 -4.864426000000000166e-02 2.917344599999999732e-01
-3.355873000000000189e-02 -4.869301999999999658e-02 2.918117599999999756e-01
-3.369015000000000204e-02 -4.864463000000000120e-02 2.916560500000000000e-01
-3.354515999999999748e-02 -4.875381000000000159e-02 2.918663300000000071e-01
-3.360321000000000141e-02 -4.878338000000000119e-02 2.919026000000000121e-01
-3.363939999999999986e-02 -4.884167999999999843e-02 2.919533599999999951e-01
-3.371331000000000327e-02 -4.888507000000000269e-02 2.919942400000000160e-01
-3.375021999999999744e-02 -4.892446000000000295e-02 2.920270899999999892e-01
-3.381876000000000326e-02 -4.896025999999999850e-02 2.920512900000000189e-01
-3.387571000000000332e-02 -4.902117000000000280e-02 2.920863599999999893e-01
-3.387297000000000224e-02 -4.909290000000000181e-02 2.921333300000000244e-01
-3.388743999999999784e-02 -4.914389999999999731e-02 2.921681400000000206e-01
-3.404244000000000020e-02 -4.911491999999999941e-02 2.920903599999999933e-01
-3.395466999999999930e-02 -4.922168999999999850e-02 2.922086099999999798e-01
-3.403460999999999986e-02 -4.924047000000000146e-02 2.921794099999999728e-01
-3.412160000000000193e-02 -4.926785000000000192e-02 2.921553000000000067e-01
-3.412160000000000193e-02 -4.926785000000000192e-02 2.921553000000000067e-01
-3.417769999999999836e-02 -4.931350999999999790e-02 2.921605099999999844e-01
-3.423878000000000338e-02 -4.933090999999999865e-02 2.921371799999999963e-01
-3.431725000000000053e-02 -4.937194000000000305e-02 2.921175699999999931e-01
-3.435413999999999829e-02 -4.940408999999999773e-02 2.921136899999999814e-01
-3.442706000000000238e-02 -4.944310999999999845e-02 2.920850500000000127e-01
-3.457640000000000019e-02 -4.951060000000000183e-02 2.918460399999999733e-01
-3.460479999999999806e-02 -4.962239999999999707e-02 2.916283599999999754e-01
-3.460479999999999806e-02 -4.962239999999999707e-02 2.916283599999999754e-01
-3.459812000000000304e-02 -4.968766000000000155e-02 2.914960100000000276e-01
-3.459812000000000304e-02 -4.968766000000000155e-02 2.914960100000000276e-01
-3.473281999999999758e-02 -4.988883999999999680e-02 2.912945399999999907e-01
-3.473281999999999758e-02 -4.988883999999999680e-02 2.912945399999999907e-01
-3.481195000000000123e-02 -4.995937999999999768e-02 2.912519900000000161e-01
-3.472228000000000120e-02 -4.996260000000000284e-02 2.911565300000000245e-01
-3.487831999999999738e-02 -5.011325999999999975e-02 2.910306200000000176e-01
-3.487761999999999807e-02 -5.003231000000000345e-02 2.911799600000000154e-01
-3.486942999999999987e-02 -5.017577000000000148e-02 2.909002299999999819e-01
-3.470292999999999989e-02 -5.009452999999999823e-02 2.908974599999999966e-01
-3.494360999999999995e-02 -5.029361000000000248e-02 2.907248700000000241e-01
-3.475871999999999989e-02 -5.020597000000000254e-02 2.907408499999999951e-01
-3.476023999999999781e-02 -5.026457000000000147e-02 2.906279299999999788e-01
-3.475653000000000076e-02 -5.030489999999999962e-02 2.905416200000000004e-01
-3.481154999999999666e-02 -5.038386999999999727e-02 2.904365999999999892e-01
-3.485652000000000195e-02 -5.045208000000000331e-02 2.903448299999999982e-01
-3.491318000000000199e-02 -5.051723999999999798e-02 2.902621599999999913e-01
-3.497754000000000141e-02 -5.054684999999999734e-02 2.902458299999999825e-01
-3.496752999999999667e-02 -5.061717000000000299e-02 2.901095399999999991e-01
-3.496752999999999667e-02 -5.061717000000000299e-02 2.901095399999999991e-01
-3.496752999999999667e-02 -5.061717000000000299e-02 2.901095399999999991e-01
-3.505373999999999990e-02 -5.066182000000000324e-02 2.900699400000000261e-01
-3.514753000000000321e-02 -5.074308000000000290e-02 2.899378499999999970e-01
-3.507024999999999726e-02 -5.071954000000000046e-02 2.899566299999999930e-01
-3.514753000000000321e-02 -5.074308000000000290e-02 2.899378499999999970e-01
-3.521529000000000326e-02 -5.076776000000000205e-02 2.899014899999999839e-01
-3.529356000000000160e-02 -5.081687000000000010e-02 2.897980499999999737e-01
-3.537177999999999850e-02 -5.080099999999999894e-02 2.898325600000000168e-01
-3.527592000000000227e-02 -5.085429999999999812e-02 2.897156499999999912e-01
-3.535810999999999815e-02 -5.086327999999999683e-02 2.896908499999999997e-01
-3.544690999999999814e-02 -5.090129999999999655e-02 2.895788300000000093e-01
-3.552748000000000017e-02 -5.090163000000000326e-02 2.895476799999999740e-01
-3.559346000000000038e-02 -5.089965999999999935e-02 2.895193699999999981e-01
-3.566330000000000194e-02 -5.088597000000000259e-02 2.895090300000000005e-01
-3.574373000000000133e-02 -5.091187999999999964e-02 2.893516700000000053e-01
-3.575765999999999667e-02 -5.093058999999999781e-02 2.892788399999999815e-01
-3.588141999999999721e-02 -5.089124999999999899e-02 2.892398500000000205e-01
-3.606948000000000099e-02 -5.081924000000000163e-02 2.891488700000000023e-01
-3.599263999999999936e-02 -5.085172000000000303e-02 2.891607600000000167e-01
-3.613708000000000198e-02 -5.084836000000000217e-02 2.892833699999999841e-01
-3.621234999999999732e-02 -5.090373000000000120e-02 2.892712700000000248e-01
-3.625834000000000001e-02 -5.097263999999999962e-02 2.892785099999999887e-01
-3.624488000000000015e-02 -5.098727000000000120e-02 2.893018399999999768e-01
-3.632049999999999862e-02 -5.104445999999999983e-02 2.892776699999999868e-01
-3.637536000000000241e-02 -5.106257000000000157e-02 2.892571700000000079e-01
-3.641322000000000308e-02 -5.110028999999999960e-02 2.892700100000000218e-01
-3.650293000000000287e-02 -5.111751999999999962e-02 2.892421499999999757e-01
-3.660172999999999899e-02 -5.109091000000000327e-02 2.890292700000000048e-01
-3.667527000000000287e-02 -5.124726000000000281e-02 2.891979499999999814e-01
-3.671743000000000229e-02 -5.131171000000000343e-02 2.892309399999999919e-01
-3.674702999999999997e-02 -5.138427000000000272e-02 2.892542499999999905e-01
-3.662257000000000012e-02 -5.132015000000000188e-02 2.893567100000000170e-01
-3.677124999999999838e-02 -5.149953000000000169e-02 2.893400500000000153e-01
-3.677658999999999789e-02 -5.155225000000000085e-02 2.893768500000000188e-01
-3.678018000000000259e-02 -5.161154999999999909e-02 2.893813800000000214e-01
-3.678146999999999667e-02 -5.168632000000000087e-02 2.894563399999999787e-01
-3.678146999999999667e-02 -5.168632000000000087e-02 2.894563399999999787e-01
-3.677326000000000206e-02 -5.157893999999999674e-02 2.894284100000000248e-01
-3.683038000000000284e-02 -5.187904000000000126e-02 2.896732399999999985e-01
-3.684947999999999696e-02 -5.191773999999999695e-02 2.897266700000000195e-01
-3.684947999999999696e-02 -5.191773999999999695e-02 2.897266700000000195e-01
-3.691984000000000238e-02 -5.192701999999999735e-02 2.899801100000000131e-01
-3.691202999999999845e-02 -5.190386000000000305e-02 2.900859700000000263e-01
-3.680701000000000112e-02 -5.186431999999999848e-02 2.902667500000000178e-01
-3.690088999999999869e-02 -5.196577000000000141e-02 2.905201299999999875e-01
-3.692327000000000109e-02 -5.215996999999999995e-02 2.909233299999999800e-01
-3.696134000000000225e-02 -5.218749999999999778e-02 2.909957799999999817e-01
-3.701379999999999948e-02 -5.222289000000000098e-02 2.910864899999999755e-01
-3.704223000000000238e-02 -5.228127999999999942e-02 2.912056399999999878e-01
-3.712308999999999748e-02 -5.228003999999999984e-02 2.912640300000000071e-01
-3.713864000000000054e-02 -5.232014000000000109e-02 2.913418999999999870e-01
-3.720016999999999768e-02 -5.237895000000000051e-02 2.914672799999999953e-01
-3.724804999999999783e-02 -5.240660999999999931e-02 2.915359100000000092e-01
-3.736003999999999714e-02 -5.219149000000000010e-02 2.913572799999999963e-01
-3.728395999999999794e-02 -5.248861999999999972e-02 2.916920800000000202e-01
-3.730540999999999718e-02 -5.253953000000000095e-02 2.917564500000000005e-01
-3.734225000000000044e-02 -5.259649000000000268e-02 2.918154900000000107e-01
-3.742816999999999672e-02 -5.262938999999999812e-02 2.918628500000000070e-01
-3.747004000000000307e-02 -5.267068999999999918e-02 2.919184599999999907e-01
-3.749250999999999973e-02 -5.271905000000000341e-02 2.919695400000000274e-01
-3.751522000000000190e-02 -5.277193000000000161e-02 2.920366799999999929e-01
-3.756017999999999857e-02 -5.282662999999999942e-02 2.920998000000000205e-01
-3.765981999999999663e-02 -5.292510999999999743e-02 2.921674499999999952e-01
-3.771643000000000218e-02 -5.286082999999999754e-02 2.920941699999999863e-01
-3.775113000000000080e-02 -5.305877999999999983e-02 2.922689299999999823e-01
-3.775113000000000080e-02 -5.305877999999999983e-02 2.922689299999999823e-01
-3.787610999999999756e-02 -5.312217999999999801e-02 2.922885700000000253e-01
-3.787610999999999756e-02 -5.312217999999999801e-02 2.922885700000000253e-01
-3.802923999999999888e-02 -5.315257999999999788e-02 2.922325700000000248e-01
-3.805377000000000065e-02 -5.321207000000000020e-02 2.922740899999999864e-01
-3.818988000000000244e-02 -5.326804000000000261e-02 2.922349899999999723e-01
-3.822183999999999998e-02 -5.330921999999999744e-02 2.922478299999999862e-01
-3.842365999999999837e-02 -5.345373999999999959e-02 2.921879000000000004e-01
-3.848501000000000005e-02 -5.357549999999999812e-02 2.922112599999999727e-01
-3.848501000000000005e-02 -5.357549999999999812e-02 2.922112599999999727e-01
-3.842711000000000043e-02 -5.352815999999999824e-02 2.922348100000000115e-01
-3.842711000000000043e-02 -5.352815999999999824e-02 2.922348100000000115e-01
-3.842711000000000043e-02 -5.352815999999999824e-02 2.922348100000000115e-01
-3.842711000000000043e-02 -5.352815999999999824e-02 2.922348100000000115e-01
-3.842711000000000043e-02 -5.352815999999999824e-02 2.922348100000000115e-01
-3.835058000000000217e-02 -5.346601000000000131e-02 2.922665500000000138e-01
-3.835058000000000217e-02 -5.346601000000000131e-02 2.922665500000000138e-01
-3.825423000000000018e-02 -5.325397999999999937e-02 2.921862299999999912e-01
-3.839018000000000291e-02 -5.355399999999999744e-02 2.923075600000000218e-01
-3.842711000000000043e-02 -5.352815999999999824e-02 2.922348100000000115e-01
-3.851569999999999994e-02 -5.362681999999999866e-02 2.922243199999999819e-01
-3.855154999999999693e-02 -5.363587000000000216e-02 2.921859299999999826e-01
-3.862013000000000251e-02 -5.369059000000000331e-02 2.921287399999999979e-01
-3.866366999999999721e-02 -5.377124999999999960e-02 2.921154499999999987e-01
-3.871779999999999666e-02 -5.388478000000000018e-02 2.920984300000000200e-01
-3.875887000000000082e-02 -5.392729000000000272e-02 2.920451499999999756e-01
-3.879736999999999769e-02 -5.400243999999999878e-02 2.920313500000000229e-01
-3.890898000000000273e-02 -5.412505000000000094e-02 2.919177399999999811e-01
-3.892592999999999748e-02 -5.412946999999999897e-02 2.918755399999999889e-01
-3.895089999999999664e-02 -5.412617000000000123e-02 2.918171600000000199e-01
-3.899322999999999678e-02 -5.415897000000000072e-02 2.917620799999999792e-01
-3.901083999999999802e-02 -5.416267999999999777e-02 2.917166700000000112e-01
-3.904094000000000314e-02 -5.419796000000000336e-02 2.916555100000000067e-01
-3.905872999999999984e-02 -5.421614000000000294e-02 2.916207599999999789e-01
-3.908818000000000015e-02 -5.423917999999999795e-02 2.915667900000000201e-01
-3.911768999999999663e-02 -5.423588000000000020e-02 2.914954100000000103e-01
-3.916980999999999935e-02 -5.422309000000000156e-02 2.913576999999999972e-01
-3.920349000000000056e-02 -5.428721000000000241e-02 2.913022299999999953e-01
-3.924103000000000313e-02 -5.431594000000000005e-02 2.912367000000000150e-01
-3.931399000000000005e-02 -5.429189999999999711e-02 2.911357600000000212e-01
-3.937265999999999683e-02 -5.431326999999999683e-02 2.910548399999999813e-01
-4.003443000000000279e-02 -5.371088000000000251e-02 2.900662099999999910e-01
-4.007780999999999844e-02 -5.394377000000000200e-02 2.900543800000000005e-01
-4.009076000000000306e-02 -5.413601999999999997e-02 2.900396299999999927e-01
-4.014492000000000060e-02 -5.404619000000000090e-02 2.899441700000000011e-01
-4.018820000000000031e-02 -5.418140999999999929e-02 2.899130899999999844e-01
-4.022429999999999756e-02 -5.380995000000000222e-02 2.896862900000000129e-01
-4.026625999999999816e-02 -5.429925000000000029e-02 2.898719299999999999e-01
-4.030804999999999805e-02 -5.428932999999999676e-02 2.898231399999999791e-01
-4.034594999999999848e-02 -5.419941000000000342e-02 2.897485799999999778e-01
-4.038260999999999934e-02 -5.412755000000000344e-02 2.896842399999999818e-01
-4.048906000000000033e-02 -5.410861000000000143e-02 2.895787100000000169e-01
-4.052867000000000275e-02 -5.408695000000000169e-02 2.895340299999999978e-01
-4.054342999999999836e-02 -5.400304999999999689e-02 2.894711799999999946e-01
-4.051634999999999959e-02 -5.391453999999999691e-02 2.894395599999999846e-01
-4.058240999999999932e-02 -5.384942999999999674e-02 2.893329900000000121e-01
-4.066401000000000043e-02 -5.374729999999999785e-02 2.891006500000000146e-01
-4.066038000000000291e-02 -5.380386999999999670e-02 2.892441199999999935e-01
-4.062178000000000316e-02 -5.377056000000000197e-02 2.891900499999999763e-01
-4.066075999999999718e-02 -5.376440999999999859e-02 2.891689800000000199e-01
-4.060452999999999979e-02 -5.377422999999999925e-02 2.889681199999999950e-01
-4.062386999999999943e-02 -5.378116000000000146e-02 2.888858899999999785e-01
-4.064724000000000115e-02 -5.378502000000000283e-02 2.888203899999999824e-01
-4.070909000000000333e-02 -5.374679000000000262e-02 2.888638399999999828e-01
-4.069964999999999694e-02 -5.377459999999999879e-02 2.887487699999999879e-01
-4.079442999999999958e-02 -5.371760999999999897e-02 2.887748500000000274e-01
-4.093507999999999869e-02 -5.365645000000000137e-02 2.886217799999999944e-01
-4.078145999999999854e-02 -5.374261000000000316e-02 2.886763199999999863e-01
-4.077250999999999792e-02 -5.376845999999999709e-02 2.885699299999999745e-01
-4.077250999999999792e-02 -5.376845999999999709e-02 2.885699299999999745e-01
-4.068439000000000083e-02 -5.385764999999999997e-02 2.884231800000000012e-01
-4.075453999999999882e-02 -5.383990000000000303e-02 2.883337999999999735e-01
-4.075453999999999882e-02 -5.383990000000000303e-02 2.883337999999999735e-01
-4.066671000000000175e-02 -5.389788000000000218e-02 2.883161300000000038e-01
-4.066068999999999933e-02 -5.392625000000000196e-02 2.882355200000000228e-01
-4.066068999999999933e-02 -5.392625000000000196e-02 2.882355200000000228e-01
-4.086532999999999832e-02 -5.383185000000000053e-02 2.881729299999999938e-01
-4.066550000000000026e-02 -5.394654000000000116e-02 2.881690900000000166e-01
-4.066550000000000026e-02 -5.394654000000000116e-02 2.881690900000000166e-01
-4.066550000000000026e-02 -5.394654000000000116e-02 2.881690900000000166e-01
-4.066550000000000026e-02 -5.394654000000000116e-02 2.881690900000000166e-01
-4.066550000000000026e-02 -5.394654000000000116e-02 2.881690900000000166e-01
-4.065288999999999708e-02 -5.397740000000000177e-02 2.881039100000000186e-01
-4.065288999999999708e-02 -5.397740000000000177e-02 2.881039100000000186e-01
-4.065288999999999708e-02 -5.397740000000000177e-02 2.881039100000000186e-01
-4.065288999999999708e-02 -5.397740000000000177e-02 2.881039100000000186e-01
-4.081702000000000247e-02 -5.388264999999999721e-02 2.881042100000000272e-01
