-0.08757034 -0.03276153 0.29209405
-0.08768131 -0.03235688 0.29232174
-0.08767428 -0.03228708 0.29239428
-0.08767536 -0.03220785 0.29246715
-0.08778895 -0.03202132 0.29260656
-0.08787451 -0.03193740 0.29273993
-0.08789521 -0.03183874 0.29276475
-0.08792783 -0.03166158 0.29286805
-0.08790172 -0.03159622 0.29288915
-0.08788784 -0.03130046 0.29294825
-0.08813438 -0.03076662 0.29296610
-0.08825518 -0.03046001 0.29302070
-0.08833711 -0.03030957 0.29299822
-0.08832815 -0.03020709 0.29306895
-0.08841321 -0.03003988 0.29304269
-0.08843326 -0.02993023 0.29306370
-0.08843929 -0.02986949 0.29307362
-0.08933813 -0.02961088 0.29315242
-0.08887638 -0.02908951 0.29235971
-0.08902387 -0.02902829 0.29181063
-0.08905903 -0.02907047 0.29143614
-0.08906970 -0.02907786 0.29128700
-0.08909528 -0.02903042 0.29104215
-0.08907554 -0.02908324 0.29095578
-0.08906440 -0.02913370 0.29078692
-0.08909515 -0.02921865 0.29053089
-0.08911898 -0.02938707 0.29008642
-0.08899212 -0.02951376 0.28955811
-0.08894859 -0.02961932 0.28934380
-0.08896311 -0.02973616 0.28917661
-0.08731776 -0.03605973 0.28956586
-0.08736697 -0.03611463 0.28947598
-0.08713614 -0.03633290 0.28922084
-0.08762954 -0.03628889 0.28903407
-0.08765945 -0.03632148 0.28894809
-0.08753175 -0.03642076 0.28886452
-0.08719780 -0.03650260 0.28871509
-0.08780207 -0.03642108 0.28853682
-0.08724096 -0.03652029 0.28835812
-0.08731347 -0.03651563 0.28826472
-0.08750781 -0.03650205 0.28812763
-0.08801760 -0.03639884 0.28799471
-0.08816126 -0.03625409 0.28792876
-0.08811771 -0.03627654 0.28785774
-0.08811859 -0.03625733 0.28777024
-0.08797605 -0.03629982 0.28767017
-0.08828872 -0.03608724 0.28748116
-0.08828089 -0.03606148 0.28738299
-0.08829890 -0.03602177 0.28727657
-0.08832613 -0.03597568 0.28718054
-0.08824506 -0.03595167 0.28707767
-0.08854582 -0.03578227 0.28700760
-0.08858791 -0.03572592 0.28694332
-0.08857004 -0.03568483 0.28684580
-0.08857525 -0.03560857 0.28673384
-0.08855043 -0.03558783 0.28669000
-0.08882774 -0.03540553 0.28664425
-0.08880033 -0.03539296 0.28658408
-0.08878230 -0.03534591 0.28648913
-0.08879218 -0.03530898 0.28644308
-0.08879132 -0.03525650 0.28637233
-0.08906759 -0.03501697 0.28626919
-0.08903687 -0.03497460 0.28615957
-0.08902308 -0.03492750 0.28607637
-0.08895275 -0.03487855 0.28598014
-0.08920498 -0.03462259 0.28579038
-0.08928286 -0.03455111 0.28574702
-0.08928477 -0.03451981 0.28567719
-0.08930637 -0.03447900 0.28562269
-0.08936068 -0.03442905 0.28560275
-0.08955370 -0.03430338 0.28568956
-0.08948510 -0.03431364 0.28559360
-0.08938622 -0.03429352 0.28548816
-0.08914722 -0.03426564 0.28538179
-0.08911208 -0.03418818 0.28531829
-0.08938695 -0.03403081 0.28529966
-0.08939040 -0.03392835 0.28526106
-0.08933429 -0.03381234 0.28521308
-0.08910200 -0.03372693 0.28513277
-0.08949619 -0.03355816 0.28526938
-0.08945733 -0.03352385 0.28525370
-0.08934032 -0.03350581 0.28521201
-0.08922763 -0.03349084 0.28517947
-0.08907329 -0.03348193 0.28514007
-0.08944945 -0.03337470 0.28529531
-0.08942485 -0.03333440 0.28529486
-0.08945464 -0.03327581 0.28532395
-0.08945524 -0.03324535 0.28532565
-0.08930022 -0.03323019 0.28526473
-0.08960447 -0.03311465 0.28548267
-0.08958322 -0.03308725 0.28547549
-0.08957102 -0.03306261 0.28547210
-0.08957800 -0.03299852 0.28547767
-0.08960023 -0.03296027 0.28545722
-0.08981607 -0.03273909 0.28541666
-0.08990604 -0.03279153 0.28530583
-0.08990371 -0.03288480 0.28519526
-0.08990926 -0.03295208 0.28508472
-0.08983697 -0.03302576 0.28501120
-0.09004815 -0.03294264 0.28488493
-0.09005364 -0.03296042 0.28476548
-0.09003542 -0.03297595 0.28467515
-0.09002913 -0.03296845 0.28457126
-0.09002237 -0.03294326 0.28446004
-0.09018590 -0.03277811 0.28436127
-0.08924171 -0.03295172 0.28424019
-0.09012190 -0.03276455 0.28423554
-0.08995510 -0.03279738 0.28416777
-0.08973409 -0.03284936 0.28411862
-0.09009030 -0.03275586 0.28419760
-0.08995093 -0.03272337 0.28407401
-0.08994751 -0.03262945 0.28390980
-0.08983760 -0.03259656 0.28378680
-0.09007116 -0.03234933 0.28358820
-0.09004445 -0.03230872 0.28350791
-0.08991293 -0.03229402 0.28339401
-0.08990601 -0.03205484 0.28307119
-0.08995049 -0.03200778 0.28303090
-0.08994786 -0.03197176 0.28298122
-0.08984952 -0.03195938 0.28292292
-0.09008076 -0.03181657 0.28292009
-0.09007125 -0.03176059 0.28284827
-0.08997130 -0.03173145 0.28271756
-0.09000754 -0.03162551 0.28264284
-0.08999593 -0.03157246 0.28257743
-0.09011214 -0.03145147 0.28260145
-0.09001867 -0.03141740 0.28245586
-0.09000021 -0.03137046 0.28238907
-0.08989351 -0.03134158 0.28225806
-0.08974668 -0.03132465 0.28215086
-0.08994181 -0.03123687 0.28219241
-0.08984113 -0.03125426 0.28211758
-0.08983122 -0.03120592 0.28205523
-0.08978756 -0.03110640 0.28192833
-0.08974896 -0.03105640 0.28186807
-0.08959091 -0.03083381 0.28162849
-0.08970036 -0.03073707 0.28158417
-0.08966246 -0.03064000 0.28146109
-0.08962717 -0.03059693 0.28139937
-0.08978987 -0.03037792 0.28137463
-0.08975777 -0.03031199 0.28134045
-0.08960494 -0.03026160 0.28126246
-0.08945080 -0.03021242 0.28121266
-0.08966630 -0.03000531 0.28126141
-0.08965614 -0.02994349 0.28125998
-0.08952970 -0.02992253 0.28122431
-0.08935447 -0.02989625 0.28120074
-0.08969405 -0.02970602 0.28131336
-0.08970802 -0.02964485 0.28133869
-0.08967436 -0.02956110 0.28135923
-0.08960386 -0.02948319 0.28135085
-0.08958675 -0.02939228 0.28135994
-0.08977635 -0.02933903 0.28152534
-0.08972642 -0.02937010 0.28147629
-0.08868495 -0.02953161 0.28134620
-0.08965631 -0.02921066 0.28118855
-0.08962174 -0.02928323 0.28110397
-0.08953612 -0.02939443 0.28105626
-0.08946078 -0.02947735 0.28099129
-0.08925823 -0.02959408 0.28090799
-0.08948132 -0.02949649 0.28081980
-0.08947314 -0.02950221 0.28077510
-0.08942202 -0.02952110 0.28069595
-0.08926231 -0.02957353 0.28063449
-0.08940968 -0.02948927 0.28055239
-0.08940879 -0.02946297 0.28048965
-0.08937145 -0.02945802 0.28042707
-0.08931632 -0.02944080 0.28032660
-0.08949213 -0.02929737 0.28025848
-0.08948854 -0.02925329 0.28020078
-0.08941001 -0.02926338 0.28012154
-0.08939565 -0.02921735 0.28005269
-0.08925343 -0.02921109 0.27995116
-0.08944022 -0.02910998 0.27999535
-0.08933580 -0.02907330 0.27985388
-0.08920490 -0.02903965 0.27973652
-0.08910853 -0.02898410 0.27961946
-0.08897461 -0.02894263 0.27949694
-0.08922786 -0.02883395 0.27953678
-0.08921243 -0.02878756 0.27946600
-0.08901665 -0.02879950 0.27933156
-0.08902840 -0.02875000 0.27926973
-0.08881350 -0.02874038 0.27915400
-0.08914912 -0.02860516 0.27918637
-0.08913396 -0.02855705 0.27911511
-0.08902910 -0.02852201 0.27897468
-0.08901724 -0.02847823 0.27890217
-0.08884604 -0.02847545 0.27878478
-0.08913413 -0.02831070 0.27884454
-0.08829297 -0.02841584 0.27868602
-0.08892433 -0.02826179 0.27865484
-0.08870481 -0.02826484 0.27855259
-0.08856675 -0.02823589 0.27846077
-0.08875875 -0.02815579 0.27850351
-0.08873662 -0.02810758 0.27844223
-0.08864172 -0.02809029 0.27833834
-0.08859307 -0.02803467 0.27825615
-0.08850201 -0.02799676 0.27818233
-0.08874276 -0.02790488 0.27825415
-0.08860150 -0.02786666 0.27813420
-0.08852712 -0.02778277 0.27803016
-0.08835934 -0.02775947 0.27793476
-0.08841144 -0.02759278 0.27783900
-0.08828256 -0.02752364 0.27773964
-0.08829305 -0.02744762 0.27770510
-0.08813661 -0.02739277 0.27762163
-0.08833064 -0.02714628 0.27759421
-0.08832978 -0.02705437 0.27756938
-0.08817925 -0.02700741 0.27747583
-0.08819253 -0.02690861 0.27746028
-0.08803811 -0.02687019 0.27740806
-0.08821625 -0.02673689 0.27747434
-0.08818527 -0.02669097 0.27746290
-0.08813034 -0.02668232 0.27744007
-0.08808871 -0.02662831 0.27743223
-0.08795983 -0.02661058 0.27739990
-0.08826376 -0.02652992 0.27754128
-0.08824924 -0.02649554 0.27754533
-0.08816074 -0.02645008 0.27751988
-0.08813066 -0.02639916 0.27752653
-0.08802573 -0.02636061 0.27749285
-0.08824936 -0.02627875 0.27764341
-0.08823615 -0.02625002 0.27764815
-0.08816873 -0.02621565 0.27761170
-0.08810189 -0.02619046 0.27758002
-0.08806784 -0.02616588 0.27755690
-0.08817358 -0.02609064 0.27767822
-0.08811656 -0.02610913 0.27760869
-0.08806353 -0.02610954 0.27752578
-0.08797324 -0.02615729 0.27740449
-0.08807431 -0.02613766 0.27734572
-0.08834513 -0.02595357 0.27726978
-0.08833551 -0.02602068 0.27722389
-0.08830550 -0.02606951 0.27720022
-0.08820555 -0.02617319 0.27717584
-0.08813272 -0.02624443 0.27713421
-0.08828527 -0.02616432 0.27710304
-0.08832571 -0.02616835 0.27704582
-0.08825921 -0.02624809 0.27698883
-0.08825333 -0.02626931 0.27695006
-0.08838837 -0.02621664 0.27683404
-0.08839262 -0.02622702 0.27678868
-0.08834763 -0.02627830 0.27672803
-0.08832595 -0.02629724 0.27669802
-0.08824424 -0.02633867 0.27665403
-0.08838647 -0.02621676 0.27656668
-0.08833952 -0.02622282 0.27650777
-0.08829780 -0.02624841 0.27651033
-0.08825330 -0.02625615 0.27646855
-0.08822014 -0.02626089 0.27642620
-0.08837829 -0.02615024 0.27644295
-0.08834048 -0.02607825 0.27632022
-0.08825261 -0.02604985 0.27616623
-0.08812741 -0.02600191 0.27603242
-0.08792669 -0.02601462 0.27590856
-0.08805398 -0.02591463 0.27591303
-0.08796310 -0.02588705 0.27581221
-0.08780637 -0.02585152 0.27568746
-0.08778945 -0.02579295 0.27563283
-0.08767824 -0.02575067 0.27553260
-0.08782949 -0.02566761 0.27558208
-0.08707994 -0.02574776 0.27544472
-0.08765415 -0.02560763 0.27540794
-0.08757575 -0.02560992 0.27535284
-0.08750638 -0.02556967 0.27526850
-0.08761455 -0.02549552 0.27530810
-0.08757839 -0.02544753 0.27525142
-0.08745547 -0.02539979 0.27513167
-0.08732519 -0.02540753 0.27505797
-0.08726370 -0.02536581 0.27498937
-0.08739604 -0.02529625 0.27503005
-0.08734868 -0.02525857 0.27497461
-0.08727092 -0.02522535 0.27489468
-0.08718207 -0.02519192 0.27480853
-0.08701213 -0.02517694 0.27470636
-0.08722597 -0.02504022 0.27477974
-0.08709248 -0.02500940 0.27467299
-0.08697577 -0.02501680 0.27460408
-0.08675139 -0.02499888 0.27449244
-0.08687187 -0.02487714 0.27448660
-0.08633392 -0.02493618 0.27437943
-0.08662102 -0.02481780 0.27431747
-0.08650322 -0.02479634 0.27425581
-0.08661826 -0.02465619 0.27425310
-0.08644885 -0.02461119 0.27417341
-0.08629516 -0.02454860 0.27409101
-0.08625365 -0.02448943 0.27404520
-0.08612566 -0.02444402 0.27396724
-0.08641417 -0.02428367 0.27404565
-0.08620457 -0.02428880 0.27393499
-0.08615920 -0.02423749 0.27389538
-0.08593729 -0.02417134 0.27381518
-0.08600399 -0.02408495 0.27381229
-0.08597912 -0.02404363 0.27380356
-0.08580758 -0.02401084 0.27376947
-0.08614242 -0.02379288 0.27387330
-0.08610845 -0.02372874 0.27386644
-0.08591028 -0.02366357 0.27379829
-0.08572542 -0.02362184 0.27377135
-0.08587733 -0.02345497 0.27383456
-0.08581017 -0.02339923 0.27382940
-0.08574098 -0.02333808 0.27382985
-0.08580778 -0.02309953 0.27393669
-0.08576803 -0.02306115 0.27393937
-0.08559012 -0.02299181 0.27391544
-0.08556624 -0.02294314 0.27393296
-0.08576083 -0.02276168 0.27410114
-0.08571857 -0.02270640 0.27411544
-0.08551470 -0.02267018 0.27407643
-0.08544986 -0.02264386 0.27408317
-0.08558220 -0.02251682 0.27418575
-0.08554681 -0.02246745 0.27420795
-0.08554681 -0.02246745 0.27420795
-0.08544325 -0.02244264 0.27420476
-0.08444668 -0.02255823 0.27415535
-0.08567238 -0.02226354 0.27439582
-0.08551124 -0.02232667 0.27429834
-0.08411349 -0.02258298 0.27411139